0	-2.099532
1	-2.085292
2	2.463837
3	1.322964
4	-2.096732
5	-1.480705
6	0.927033
7	-2.759410
8	-1.479518
9	-1.933030
10	1.994303
11	-1.882380
12	-1.930010
13	-2.078959
14	0.753308
15	-1.635560
16	-0.529238
17	2.377207
18	-2.267501
19	-1.359255
20	-1.735299
21	-2.120242
22	0.112403
23	-2.278103
24	-1.849396
25	1.846059
26	-2.701391
27	-0.347572
28	-2.298748
29	-1.640057
30	2.915059
31	1.451723
32	-2.144255
33	-1.702995
34	-2.845046
35	-2.381642
36	-1.407849
37	-1.710213
38	0.229863
39	-1.614044
40	1.452583
41	-1.900364
42	2.408226
43	-0.373916
44	1.902277
45	-2.698423
46	1.732714
47	-1.772026
48	-1.406851
49	-0.782113
50	0.021276
51	-2.173549
52	-1.752527
53	0.754143
54	-2.376678
55	-1.346300
56	-1.628886
57	-0.950598
58	-2.460813
59	-0.328839
60	3.198493
61	-1.936920
62	0.611653
63	1.242037
64	-1.719023
65	-1.823393
66	-2.421364
67	1.111634
68	-1.987422
69	1.400441
70	-1.958619
71	-1.528120
72	-0.544893
73	1.767898
74	-1.456814
75	-2.650502
76	-2.206712
77	-2.351881
78	-2.620316
79	2.354710
80	0.601586
81	-1.902201
82	2.062461
83	1.062061
84	-2.262890
85	0.216665
86	-1.309467
87	0.500485
88	-1.506120
89	-1.763915
90	0.398608
91	-2.212057
92	-2.578974
93	-1.960472
94	-1.706165
95	-2.259692
96	1.804113
97	-2.435673
98	-2.204458
99	-2.215031
100	-1.393217
101	0.022447
102	-1.846588
103	-1.721473
104	-1.188846
105	-1.328399
106	-1.978867
107	1.470847
108	2.307249
109	1.340770
110	-2.143096
111	0.261702
112	0.955985
113	-1.648242
114	1.747468
115	-2.135467
116	-1.908413
117	0.979823
118	-2.277842
119	1.933385
120	-2.250654
121	0.410752
122	-1.430373
123	-2.383084
124	1.693978
125	-2.368534
126	-2.144333
127	-1.922718
128	-0.797481
129	-2.859047
130	-3.003426
131	-1.619259
132	-1.204682
133	-2.324940
134	-1.672740
135	-1.918587
136	0.069285
137	0.891891
138	-1.475521
139	-2.892909
140	-2.541039
141	-1.719266
142	0.639086
143	-2.849712
144	1.547100
145	1.440386
146	-1.733680
147	-0.864561
148	-2.199895
149	-1.815216
150	-1.999870
151	-0.811581
152	-2.580525
153	-1.939030
154	1.325518
155	-1.870604
156	-1.088441
157	1.629159
158	-3.145183
159	0.026266
160	-2.168498
161	2.127883
162	-1.591613
163	1.192011
164	0.611899
165	0.553082
166	-2.121189
167	-1.511361
168	-2.252086
169	-2.262727
170	0.217798
171	-2.353570
172	1.414084
173	-2.136651
174	-2.487484
175	-2.393766
176	0.834659
177	1.013473
178	-3.006767
179	-1.881464
180	1.202783
181	-1.388463
182	-2.001087
183	-2.832365
184	1.630449
185	-2.147876
186	-2.246332
187	1.618548
188	-2.707502
189	-1.814195
190	-1.192637
191	-2.890440
192	-1.742387
193	2.530002
194	-2.191146
195	-2.630941
196	-2.237929
197	0.959555
198	1.914702
199	-2.015863
200	-1.524918
201	-2.029356
202	-2.414704
203	-1.938649
204	0.947680
205	-0.286793
206	-0.490511
207	-1.774896
208	-1.154692
209	-1.407384
210	-0.129155
211	-2.624278
212	1.565525
213	2.330281
214	1.384548
215	-2.256691
216	-3.161685
217	2.135039
218	-2.871972
219	0.417454
220	-1.380573
221	-2.340618
222	0.664148
223	-0.371526
224	2.186687
225	-1.989554
226	-2.551393
227	-1.936162
228	-1.122407
229	-2.219697
230	1.105815
231	1.319215
232	-2.035491
233	2.275243
234	-2.283432
235	-1.598094
236	-1.564120
237	-2.475680
238	-2.132258
239	-0.082788
240	1.064582
241	0.343717
242	2.179941
243	-2.513087
244	-2.497266
245	0.607509
246	-1.839788
247	-1.874166
248	-1.727795
249	1.039072
250	-1.793459
251	-1.626449
252	1.517229
253	1.383572
254	-1.635780
255	-1.715751
256	-0.095340
257	-1.988120
258	-1.744188
259	-1.463506
260	-2.708886
261	0.944651
262	-1.791763
263	-2.099243
264	-1.443878
265	-1.531859
266	-2.656615
267	2.341661
268	-2.493033
269	-2.833073
270	-2.412352
271	-2.533291
272	-1.614656
273	-2.641092
274	-2.288883
275	-2.347760
276	-0.549475
277	0.901053
278	-2.272774
279	-0.032777
280	-0.787446
281	2.290907
282	-1.120324
283	2.265640
284	1.495332
285	-3.072894
286	-2.165233
287	-2.321684
288	1.022915
289	1.554082
290	0.873745
291	-2.399909
292	-1.695153
293	-2.899475
294	0.157261
295	-2.131795
296	-0.956182
297	-0.981036
298	0.541469
299	1.324015
300	-3.178104
301	-2.284918
302	0.564849
303	-1.958042
304	-2.951941
305	-1.240388
306	-2.133548
307	0.534655
308	0.883353
309	-2.068980
310	0.876465
311	-2.249071
312	-1.836740
313	1.327785
314	-1.731223
315	-2.554477
316	-1.368783
317	1.894961
318	-1.149334
319	-1.833859
320	-2.262274
321	-2.289125
322	-1.450118
323	0.215771
324	0.962987
325	-1.530665
326	2.666778
327	-2.147169
328	2.022809
329	1.306075
330	-2.417145
331	1.813564
332	1.913579
333	1.931880
334	2.493519
335	-1.751048
336	-2.534014
337	-1.613242
338	2.881525
339	1.323005
340	-1.997336
341	1.036076
342	-2.092820
343	2.296947
344	-1.814181
345	-2.760905
346	-2.465864
347	-1.755605
348	-2.142379
349	2.627697
350	2.038220
351	-0.326741
352	-1.013435
353	-0.368591
354	-2.050564
355	-1.621648
356	-2.379108
357	-0.595528
358	-1.802562
359	-2.178291
360	0.351431
361	1.703220
362	-1.576960
363	-2.857195
364	1.537679
365	-2.085764
366	-2.702341
367	-1.912775
368	2.417099
369	-0.883228
370	-1.931360
371	-2.148059
372	-1.717144
373	-1.378447
374	2.238541
375	-2.159775
376	-2.359057
377	-2.698222
378	-2.265149
379	-1.913238
380	-1.296922
381	1.828762
382	-2.475562
383	-0.555448
384	-2.454055
385	-2.494213
386	-1.775995
387	-1.947143
388	-1.509374
389	-2.619273
390	-2.922625
391	-2.277955
392	-1.593966
393	-1.655184
394	-0.348298
395	-1.849699
396	0.720749
397	2.769846
398	-1.706828
399	-1.359760
400	-1.916538
401	-1.942544
402	-1.921424
403	-2.351645
404	-1.634382
405	0.546225
406	0.796237
407	-1.810341
408	-2.395414
409	0.908805
410	-2.726123
411	-1.926077
412	-2.350689
413	-1.462510
414	-1.752008
415	-1.560687
416	0.909327
417	2.928112
418	0.283694
419	-1.723747
420	0.695185
421	0.324409
422	0.330819
423	0.621347
424	-1.921633
425	-1.754797
426	-1.665216
427	-2.933270
428	2.420163
429	-2.320038
430	0.711104
431	0.419609
432	-2.047407
433	-0.274363
434	-2.310806
435	-2.081111
436	-1.581796
437	-1.550564
438	1.173688
439	-1.417832
440	-3.164455
441	-2.050225
442	-2.226488
443	-1.918634
444	-2.824264
445	-1.523111
446	-0.720171
447	-2.362483
448	-1.213867
449	-1.684132
450	1.266233
451	-0.648316
452	-1.605834
453	-1.480483
454	4.415372
455	-1.846495
456	0.286460
457	2.805042
458	-1.815630
459	-2.159222
460	-1.882134
461	-1.258180
462	-1.303953
463	-1.653256
464	-2.522976
465	-1.697657
466	-1.310006
467	-1.831796
468	-1.253365
469	2.533504
470	-1.666751
471	0.453013
472	-1.580427
473	-2.239992
474	0.956817
475	-2.369661
476	-1.523368
477	-2.050593
478	1.996448
479	-1.972869
480	0.188783
481	0.370180
482	-2.474346
483	2.405770
484	-1.609755
485	1.309092
486	1.472459
487	-1.878402
488	-2.784049
489	-2.443441
490	-1.617138
491	-2.265736
492	0.270888
493	-2.843990
494	-1.452562
495	1.351071
496	-2.721207
497	-2.349030
498	-2.173020
499	1.660951
500	-1.512314
501	1.814544
502	-2.409746
503	-0.659396
504	0.720065
505	1.592043
506	-1.720330
507	1.292633
508	1.456098
509	0.135458
510	-2.332351
511	-2.200306
512	-1.768511
513	-1.373366
514	1.123042
515	-0.205542
516	-2.019873
517	0.403920
518	-2.352344
519	2.018388
520	0.552751
521	-1.719948
522	-2.159041
523	-2.680852
524	-0.857804
525	-1.805607
526	-1.610160
527	-2.226677
528	-3.143215
529	-1.950952
530	-0.448496
531	1.415241
532	-2.436693
533	-1.562147
534	-1.552820
535	-1.825123
536	3.492355
537	-1.870726
538	-2.009723
539	-0.008326
540	2.791132
541	-2.561550
542	1.375414
543	-1.940776
544	-1.419092
545	2.068027
546	1.352677
547	-1.964087
548	-1.015568
549	-0.254723
550	-1.431014
551	-2.639506
552	0.886576
553	-1.566622
554	-2.525696
555	1.962419
556	-0.251232
557	-1.889581
558	-2.536624
559	-1.676186
560	0.518663
561	-1.764113
562	0.462678
563	0.906166
564	-0.953653
565	-1.770536
566	0.062591
567	-2.523206
568	-1.711346
569	-2.577524
570	-1.957069
571	-0.128854
572	-1.429959
573	-0.092166
574	-1.150238
575	-2.551357
576	-1.650888
577	-2.231894
578	-1.855683
579	-2.444031
580	1.986706
581	-2.008809
582	-1.689126
583	-1.609585
584	0.629710
585	-1.667226
586	-1.173568
587	0.410844
588	2.719087
589	-1.398105
590	-1.920764
591	-1.840556
592	1.174117
593	-2.483342
594	-1.891664
595	-1.984593
596	2.950798
597	-1.477583
598	1.431033
599	-1.926984
600	0.866224
601	-1.193863
602	-1.669875
603	-0.102619
604	-2.209020
605	-1.159076
606	-1.345223
607	-2.329682
608	1.196612
609	-2.119028
610	-1.597510
611	-2.374835
612	-0.353346
613	-2.091627
614	0.073422
615	-1.213581
616	1.002097
617	-1.988916
618	-1.908186
619	-1.759669
620	0.462276
621	-2.119490
622	-2.303133
623	2.006645
624	-1.749649
625	-1.501458
626	-2.336994
627	2.683723
628	-1.915824
629	0.843536
630	-1.717336
631	-2.157255
632	-2.491373
633	-1.922701
634	1.506453
635	2.315984
636	1.165880
637	-2.774035
638	-1.774324
639	0.570923
640	2.670507
641	-0.434045
642	0.051762
643	-2.097113
644	1.144915
645	-2.157581
646	2.578640
647	4.477876
648	-1.651293
649	-2.567960
650	-1.034554
651	1.421102
652	-1.537582
653	-1.632921
654	-1.160117
655	-2.027151
656	-2.136229
657	-2.115139
658	-1.929153
659	-2.269449
660	0.296624
661	-1.436018
662	-2.208018
663	-2.352549
664	-1.732593
665	0.829567
666	1.919411
667	-2.328732
668	-2.462941
669	-1.781933
670	0.577627
671	0.796772
672	-2.073413
673	-1.999334
674	-1.481072
675	-1.548050
676	-1.299979
677	1.615616
678	1.499093
679	2.653433
680	1.681871
681	-1.874634
682	-0.083649
683	-1.300012
684	0.970001
685	-1.980652
686	0.070597
687	1.249150
688	-2.684978
689	-1.902332
690	-1.136094
691	2.021443
692	2.254634
693	0.775019
694	-0.558776
695	-2.409247
696	-2.241653
697	-2.460671
698	1.246908
699	1.365019
700	-2.258750
701	-1.844393
702	0.205510
703	2.632984
704	1.432087
705	-1.931091
706	-1.725061
707	3.250562
708	-1.831354
709	-2.903656
710	1.742899
711	-0.114818
712	0.857041
713	3.045599
714	0.992768
715	0.072923
716	-1.272292
717	-1.176716
718	1.439092
719	0.154388
720	-0.886104
721	-2.017200
722	-2.055717
723	-2.613051
724	-2.651918
725	1.294040
726	0.934027
727	1.503109
728	1.033098
729	-2.539860
730	-1.533667
731	-1.226414
732	-1.843804
733	-0.405788
734	-1.300696
735	0.387683
736	-1.914581
737	2.163022
738	0.421333
739	0.262587
740	-1.701220
741	1.573120
742	-2.070780
743	0.830207
744	-1.977611
745	2.285624
746	-2.924966
747	-2.195417
748	2.431685
749	-1.535243
750	-2.305552
751	-0.618225
752	0.407592
753	-1.603888
754	0.454800
755	-2.255008
756	1.774303
757	-1.773959
758	-2.897822
759	-2.507566
760	1.344717
761	-1.520672
762	-2.208486
763	-1.489996
764	-3.178349
765	0.947124
766	-1.896967
767	-2.527275
768	-2.050865
769	-1.913839
770	2.857552
771	-2.370502
772	0.879046
773	-1.911276
774	0.053813
775	-2.090983
776	-0.404212
777	-2.094827
778	2.016652
779	1.388855
780	-2.482879
781	1.327359
782	-0.252832
783	-1.610781
784	-1.547660
785	-2.098572
786	-2.487086
787	-2.420871
788	-1.154901
789	-1.442019
790	-0.432223
791	-1.176813
792	0.335845
793	-2.035327
794	-3.256574
795	-2.663125
796	0.514043
797	-2.271970
798	-2.585267
799	0.526997
800	-1.970339
801	-2.326306
802	1.225356
803	0.441635
804	0.971821
805	0.145201
806	-1.905114
807	-1.195517
808	-1.871005
809	-1.749532
810	-2.821751
811	1.688994
812	0.783848
813	-1.719035
814	1.084029
815	-2.325078
816	1.621274
817	1.032811
818	-1.778903
819	-0.213164
820	-2.504024
821	0.152527
822	-1.138628
823	-1.950434
824	-1.286162
825	-1.439402
826	-1.387454
827	0.173502
828	-1.700591
829	0.969910
830	-1.868148
831	-1.963233
832	-0.792555
833	-1.594848
834	-2.537166
835	1.518482
836	-1.791902
837	0.557581
838	0.530505
839	-2.061226
840	-2.359668
841	-2.032203
842	-1.351865
843	-3.172868
844	2.212407
845	-0.201643
846	1.566171
847	-1.788147
848	0.129662
849	-1.641159
850	-1.908390
851	-1.633259
852	-2.073936
853	-0.308774
854	-1.827680
855	1.806479
856	1.621884
857	1.260761
858	-1.923516
859	1.115431
860	-2.278123
861	0.235699
862	-0.750546
863	-2.425515
864	1.040160
865	-1.518208
866	-1.180924
867	-1.820668
868	-1.914421
869	0.147431
870	-2.338802
871	0.420605
872	-0.582393
873	-2.092918
874	-1.881771
875	-2.000071
876	-1.388497
877	-1.951340
878	2.260768
879	-1.923701
880	2.534989
881	2.075403
882	-0.070102
883	2.742350
884	-1.981293
885	-1.547332
886	1.802829
887	1.055036
888	-2.656874
889	2.749207
890	-1.739402
891	-2.253231
892	-1.323918
893	-2.357981
894	-1.248277
895	0.577330
896	-2.154749
897	0.239391
898	-1.972288
899	-1.751872
900	0.688656
901	1.103989
902	1.526056
903	0.769707
904	-0.309139
905	-2.773625
906	-2.350704
907	-3.657791
908	-1.853635
909	-3.167031
910	-2.298647
911	1.864862
912	-1.650940
913	-1.643490
914	1.323345
915	1.836650
916	-3.234257
917	-1.079535
918	2.374172
919	-2.144813
920	-1.654504
921	0.875489
922	-2.273231
923	-1.749556
924	-2.742030
925	-2.228382
926	-2.374591
927	0.308232
928	-1.710510
929	0.212784
930	-2.487753
931	-1.111158
932	1.454867
933	-2.043011
934	-1.791570
935	0.562750
936	-2.353230
937	-2.393560
938	-2.204507
939	-2.489787
940	-2.014181
941	1.823322
942	-2.246983
943	1.188505
944	-0.250773
945	-2.145345
946	0.451074
947	-0.792831
948	1.547473
949	0.448014
950	-2.579919
951	-0.787817
952	1.219014
953	-2.676515
954	2.156297
955	1.879940
956	-0.110780
957	-2.623926
958	-1.982794
959	-1.756623
960	1.627552
961	2.543955
962	-2.484446
963	-1.404882
964	-1.639090
965	2.572033
966	-0.261696
967	-2.024702
968	-2.127495
969	-0.380213
970	0.694755
971	-2.828391
972	-2.435968
973	-1.423590
974	0.830809
975	0.526445
976	-2.340877
977	-2.622883
978	-1.859111
979	-2.272136
980	1.487297
981	0.015528
982	-2.782346
983	-0.260034
984	-0.027581
985	2.338345
986	1.074952
987	-2.024652
988	-1.354490
989	-2.963942
990	-0.558939
991	-2.278305
992	-1.124208
993	0.563638
994	0.768963
995	-2.326010
996	-2.841721
997	-2.607321
998	-1.242114
999	0.875917
1000	-2.094779
1001	0.426460
1002	-1.581483
1003	0.930857
1004	-1.641010
1005	-1.394598
1006	-1.841822
1007	-1.542826
1008	-2.535857
1009	-1.493429
1010	-1.047939
1011	-1.912709
1012	-1.817463
1013	-2.518505
1014	-1.620121
1015	-1.650514
1016	-2.728860
1017	0.616199
1018	-1.753878
1019	1.903358
1020	-1.846717
1021	1.067475
1022	1.116387
1023	0.973742
1024	2.728138
1025	-0.614697
1026	0.355989
1027	-1.461777
1028	0.631989
1029	-3.005456
1030	-1.569852
1031	-1.509656
1032	-3.106431
1033	1.843542
1034	-2.517382
1035	-2.289806
1036	2.250525
1037	-2.457657
1038	-2.292541
1039	0.152970
1040	-2.086095
1041	0.247294
1042	-3.114869
1043	-0.980375
1044	-2.705971
1045	0.957269
1046	1.908073
1047	-1.810450
1048	-1.920467
1049	0.282800
1050	2.100942
1051	-1.187998
1052	-2.064019
1053	-1.993194
1054	3.457487
1055	-2.009386
1056	-1.556109
1057	-3.223527
1058	-1.823916
1059	-1.372251
1060	-2.146943
1061	-2.035440
1062	-2.208885
1063	-1.867514
1064	-1.551605
1065	-1.764426
1066	-2.784552
1067	-0.287654
1068	0.836710
1069	-2.003568
1070	1.512804
1071	-2.573439
1072	-2.689058
1073	-1.633718
1074	0.974087
1075	-1.962635
1076	1.971221
1077	-2.450783
1078	-2.717433
1079	-1.921137
1080	-1.033403
1081	-2.202485
1082	-0.871602
1083	-3.137249
1084	-2.190028
1085	0.942849
1086	-2.477849
1087	1.260368
1088	-1.632755
1089	-1.281220
1090	1.984733
1091	-2.087606
1092	-2.670871
1093	-2.307248
1094	-1.869117
1095	0.916533
1096	-2.663530
1097	-2.160460
1098	-2.992149
1099	-1.737146
1100	1.034366
1101	-1.245227
1102	2.043188
1103	-1.253216
1104	0.775242
1105	-1.494171
1106	-1.653416
1107	0.495045
1108	-2.972774
1109	-2.130872
1110	-2.713254
1111	0.050101
1112	-1.800174
1113	1.765114
1114	1.370984
1115	-1.821288
1116	1.773290
1117	-1.584222
1118	-1.617038
1119	-1.811451
1120	1.908947
1121	1.046730
1122	-2.337153
1123	-2.954263
1124	-0.141855
1125	-2.337538
1126	2.524639
1127	-1.966643
1128	-0.715196
1129	-1.913969
1130	-2.079379
1131	2.221936
1132	-2.637105
1133	-2.470117
1134	-2.205802
1135	-2.531000
1136	-2.233629
1137	0.979006
1138	2.056365
1139	-2.194682
1140	-2.662149
1141	-2.412146
1142	-1.523926
1143	-2.756590
1144	-2.134613
1145	-1.755248
1146	-1.493736
1147	-1.524256
1148	0.476836
1149	-2.745942
1150	-2.102892
1151	-1.673478
1152	1.780284
1153	-2.376450
1154	-0.200995
1155	-1.488680
1156	-1.607493
1157	-2.025139
1158	1.897008
1159	-1.939049
1160	-2.681884
1161	-1.509001
1162	-2.386139
1163	1.041925
1164	1.839180
1165	-1.574230
1166	1.297555
1167	1.840099
1168	-2.889649
1169	-0.511170
1170	2.019541
1171	-3.230888
1172	1.713954
1173	-1.774984
1174	0.684489
1175	-1.775302
1176	-0.735720
1177	-1.399365
1178	0.961091
1179	-2.168813
1180	-1.853456
1181	-1.486633
1182	-2.663440
1183	-0.223394
1184	-0.962826
1185	1.914153
1186	-2.936197
1187	-0.316091
1188	-2.929744
1189	-1.484747
1190	-1.590681
1191	-2.444856
1192	-0.692905
1193	1.879786
1194	-1.978799
1195	-2.004270
1196	0.687246
1197	-0.566469
1198	-2.454741
1199	1.194009
1200	1.355611
1201	2.755522
1202	-1.100635
1203	0.268539
1204	2.573801
1205	-2.386726
1206	-1.997379
1207	-2.351233
1208	-1.927242
1209	-0.996930
1210	-2.325991
1211	0.810753
1212	-1.540323
1213	-1.617282
1214	1.778930
1215	-1.985541
1216	-2.315780
1217	-0.049555
1218	1.035883
1219	0.208064
1220	-1.084631
1221	2.318045
1222	3.353182
1223	2.148125
1224	-0.560857
1225	-1.357336
1226	-2.388441
1227	0.470348
1228	-1.923294
1229	-1.881313
1230	0.509225
1231	-1.919233
1232	-1.863826
1233	0.382950
1234	0.480190
1235	-2.341122
1236	2.964434
1237	-1.653573
1238	-2.449762
1239	1.070160
1240	2.015238
1241	1.198764
1242	-0.634364
1243	-2.192059
1244	1.843302
1245	0.617761
1246	0.832277
1247	1.568875
1248	2.204619
1249	-2.610292
1250	0.277297
1251	-2.199964
1252	0.804207
1253	-1.656335
1254	-2.553017
1255	1.312344
1256	-0.148233
1257	-2.076127
1258	-1.634019
1259	0.029812
1260	-1.734317
1261	0.027919
1262	-0.373537
1263	-2.561113
1264	-2.369333
1265	-1.806152
1266	-1.419742
1267	-1.127457
1268	0.594652
1269	-2.105070
1270	-0.521654
1271	-1.364768
1272	-2.162660
1273	-2.340528
1274	-1.322680
1275	-1.771478
1276	-1.309451
1277	-1.250176
1278	2.817263
1279	-1.992144
1280	-1.539933
1281	-0.245559
1282	-1.071876
1283	1.181917
1284	-0.311307
1285	3.048724
1286	1.514750
1287	-2.224084
1288	-1.374015
1289	2.164859
1290	1.817096
1291	2.652719
1292	-1.853693
1293	-2.037191
1294	-2.414069
1295	-2.584019
1296	-1.591552
1297	-1.921337
1298	1.628732
1299	-1.381487
1300	0.831378
1301	1.169469
1302	-2.204891
1303	1.111662
1304	-2.451395
1305	-2.090876
1306	-0.437250
1307	-1.778472
1308	-0.394128
1309	-2.061993
1310	1.625008
1311	-3.241573
1312	-1.588299
1313	-1.427530
1314	1.351529
1315	-0.619210
1316	-1.881297
1317	-1.897931
1318	1.080570
1319	-1.850028
1320	-2.418343
1321	-2.128969
1322	-1.556008
1323	0.478356
1324	0.647033
1325	-3.184786
1326	-2.492605
1327	-2.838858
1328	-3.409211
1329	-0.426818
1330	2.059603
1331	1.129773
1332	-2.009841
1333	-2.072438
1334	-2.335111
1335	-2.452854
1336	-1.827130
1337	-2.356241
1338	-1.255343
1339	-1.779501
1340	-2.306985
1341	1.520898
1342	1.346014
1343	-1.475224
1344	0.360353
1345	-1.411039
1346	-2.813035
1347	0.820455
1348	1.167751
1349	1.415643
1350	-1.931734
1351	-2.364091
1352	-1.610161
1353	1.321816
1354	-1.659278
1355	-0.137285
1356	-1.294307
1357	-2.690659
1358	-2.339522
1359	-1.924001
1360	-2.157589
1361	-1.999623
1362	-2.255443
1363	-1.743068
1364	-1.881147
1365	-2.201432
1366	-1.126732
1367	0.314172
1368	-1.427531
1369	-1.917199
1370	-1.971298
1371	-2.162576
1372	-2.654189
1373	1.370773
1374	-2.234228
1375	-1.653391
1376	-1.911652
1377	-2.500281
1378	-1.979904
1379	-1.524643
1380	-2.433969
1381	2.000069
1382	4.228957
1383	-1.912381
1384	-2.249609
1385	-1.975199
1386	1.888527
1387	1.726051
1388	-1.617557
1389	1.875094
1390	1.195976
1391	-2.407744
1392	-2.789749
1393	-2.123933
1394	0.865626
1395	-2.250159
1396	-1.528263
1397	-2.508804
1398	-2.536704
1399	-1.631510
1400	0.349055
1401	-2.250920
1402	0.180870
1403	0.646884
1404	0.133209
1405	-1.151232
1406	2.508176
1407	-1.845307
1408	2.186325
1409	-2.128791
1410	-0.289993
1411	1.571248
1412	1.553127
1413	0.926130
1414	0.742973
1415	-1.338839
1416	-2.595642
1417	2.293984
1418	-0.030073
1419	-2.264778
1420	-2.577595
1421	1.758596
1422	-2.767162
1423	0.123779
1424	-1.925860
1425	-0.151098
1426	-2.148934
1427	1.027227
1428	0.555699
1429	-1.864319
1430	-2.213746
1431	-1.298991
1432	0.593373
1433	2.180648
1434	0.473230
1435	-1.416023
1436	-2.280993
1437	-2.150322
1438	-1.266788
1439	2.434431
1440	1.457818
1441	1.153025
1442	-2.061639
1443	-2.344040
1444	1.102801
1445	-2.036119
1446	-2.474216
1447	-0.809850
1448	1.700880
1449	1.333757
1450	-2.099270
1451	0.843713
1452	-2.046403
1453	1.902991
1454	-1.262398
1455	-0.429097
1456	-2.738223
1457	-2.678043
1458	-2.009996
1459	-1.918341
1460	-1.833060
1461	-2.035541
1462	-0.728199
1463	-2.256883
1464	-1.843841
1465	-2.526738
1466	-2.989181
1467	-2.855723
1468	-1.423071
1469	-2.668672
1470	0.030305
1471	-1.548353
1472	-1.633043
1473	-1.995163
1474	-0.630409
1475	-2.112315
1476	-2.352935
1477	0.718087
1478	-2.493310
1479	0.058175
1480	-0.205042
1481	-1.579310
1482	-2.360728
1483	-1.245338
1484	1.816674
1485	2.998791
1486	-2.296489
1487	-0.953001
1488	-2.145738
1489	-1.378212
1490	0.553128
1491	-2.584338
1492	-2.304782
1493	0.125667
1494	-2.338434
1495	1.630471
1496	-1.850915
1497	-2.495361
1498	-1.538992
1499	3.982767
1500	-1.925849
1501	-1.519580
1502	-0.176805
1503	-2.131424
1504	-2.505553
1505	-2.442567
1506	-0.358221
1507	-1.996712
1508	1.478367
1509	1.621001
1510	-1.180539
1511	-2.218002
1512	1.376347
1513	-1.877889
1514	-1.609278
1515	-2.724970
1516	-2.421107
1517	0.440550
1518	-1.516469
1519	-0.602396
1520	-2.261133
1521	-2.335170
1522	-2.113649
1523	-1.469912
1524	-1.122482
1525	0.822229
1526	-1.625440
1527	-1.827008
1528	-1.742842
1529	-1.544099
1530	-2.461927
1531	-0.289363
1532	-1.961876
1533	0.594281
1534	-2.198055
1535	-2.269772
1536	-1.760719
1537	1.328905
1538	0.670204
1539	-1.490104
1540	-0.443565
1541	-1.338342
1542	-0.578845
1543	0.659415
1544	-1.566110
1545	2.025150
1546	-2.053601
1547	-2.383417
1548	-2.403193
1549	-2.387583
1550	1.076102
1551	-2.790479
1552	1.436873
1553	-1.669939
1554	-1.769657
1555	-2.037437
1556	-2.107518
1557	-2.522922
1558	-1.915764
1559	1.199547
1560	-2.482276
1561	-2.508587
1562	-1.963482
1563	0.315664
1564	1.789870
1565	-2.542960
1566	-2.433804
1567	2.662440
1568	-2.119146
1569	0.273568
1570	-1.965148
1571	0.925050
1572	2.532251
1573	-2.029523
1574	-2.386260
1575	0.886647
1576	1.464556
1577	2.135805
1578	0.479803
1579	1.668908
1580	-1.783342
1581	1.324829
1582	-2.097232
1583	-1.478273
1584	-2.226542
1585	-0.483891
1586	-1.994371
1587	-2.526514
1588	-2.957493
1589	-1.973274
1590	-2.125185
1591	-1.680780
1592	1.497768
1593	1.082859
1594	0.045798
1595	-2.457737
1596	0.459900
1597	-1.665529
1598	1.705220
1599	-2.481986
1600	-2.041236
1601	1.136783
1602	-1.228897
1603	1.325560
1604	-2.158157
1605	-3.048507
1606	1.118874
1607	-2.311434
1608	-2.713721
1609	0.310722
1610	-1.495376
1611	-2.873643
1612	-1.115283
1613	-0.004902
1614	0.619922
1615	2.613332
1616	2.955771
1617	-2.587207
1618	-1.210577
1619	2.454401
1620	-2.090667
1621	0.698323
1622	1.114472
1623	-2.198545
1624	-2.794488
1625	-2.142602
1626	-1.570201
1627	-2.537515
1628	-1.183104
1629	-1.640635
1630	-1.705712
1631	-1.927840
1632	-0.965508
1633	0.925138
1634	-2.080370
1635	0.042585
1636	-1.245612
1637	-2.519711
1638	-2.205395
1639	-1.647231
1640	-0.263068
1641	-2.109862
1642	-0.412133
1643	-1.485845
1644	-1.214989
1645	-2.775604
1646	-2.590230
1647	-1.362466
1648	0.458260
1649	-0.135554
1650	1.025584
1651	-1.946911
1652	-1.712865
1653	1.691720
1654	1.519764
1655	2.256761
1656	0.495694
1657	0.303902
1658	-2.039110
1659	-1.821402
1660	-2.762833
1661	0.163256
1662	0.084537
1663	-1.689586
1664	0.151197
1665	1.030427
1666	-2.379701
1667	1.740844
1668	-1.409676
1669	-1.508956
1670	-2.027546
1671	-2.814851
1672	1.153409
1673	-2.210331
1674	-1.500602
1675	-1.847901
1676	-1.735466
1677	1.887584
1678	-1.445758
1679	-2.133596
1680	-1.745578
1681	-2.121644
1682	-1.418687
1683	2.265315
1684	-1.456735
1685	-1.468228
1686	-1.917076
1687	-1.642027
1688	0.736104
1689	-1.020812
1690	0.898666
1691	0.165495
1692	-1.968190
1693	-1.855854
1694	1.368327
1695	-2.712882
1696	-2.381030
1697	2.402619
1698	-2.043780
1699	-0.886001
1700	-1.505328
1701	1.520022
1702	-2.156053
1703	2.125185
1704	-1.618516
1705	-2.450379
1706	-2.696574
1707	0.681463
1708	1.355803
1709	0.864034
1710	-1.356016
1711	0.673423
1712	1.096714
1713	0.418771
1714	-1.932683
1715	-2.086408
1716	-1.338073
1717	-2.532782
1718	-1.710808
1719	-2.346006
1720	0.354290
1721	1.081162
1722	2.383481
1723	-2.819095
1724	0.757351
1725	-1.816167
1726	2.210182
1727	-1.474142
1728	-1.019521
1729	-1.656126
1730	-2.572815
1731	-2.442523
1732	-1.931512
1733	0.022592
1734	0.798206
1735	-0.142021
1736	2.086962
1737	-2.507908
1738	-1.703987
1739	2.130674
1740	1.821375
1741	-2.541493
1742	1.256558
1743	-0.557358
1744	0.783269
1745	0.987697
1746	1.764972
1747	-1.077024
1748	-2.097836
1749	-1.247728
1750	-0.224111
1751	-1.914594
1752	-0.908169
1753	-1.835306
1754	1.287124
1755	2.059676
1756	2.370248
1757	-2.118815
1758	-1.569700
1759	0.681901
1760	0.073470
1761	-2.058464
1762	1.006953
1763	-1.542502
1764	-2.264122
1765	-2.961567
1766	-2.475118
1767	1.224652
1768	2.245901
1769	0.032593
1770	1.733475
1771	1.328761
1772	-0.801624
1773	-1.272169
1774	1.719448
1775	0.705650
1776	-1.604238
1777	-1.940775
1778	-2.278165
1779	-2.629928
1780	1.250251
1781	-1.795874
1782	-2.603406
1783	-2.487964
1784	-1.916713
1785	-3.004279
1786	-2.260811
1787	0.654756
1788	-2.191648
1789	-1.837059
1790	-1.780334
1791	-0.878717
1792	-1.987952
1793	0.530788
1794	-1.815677
1795	0.498182
1796	-1.796313
1797	2.535483
1798	1.085991
1799	-2.029788
1800	0.594691
1801	2.239212
1802	-2.143330
1803	-0.455511
1804	1.647644
1805	-1.403139
1806	-2.546201
1807	-1.247140
1808	-2.134353
1809	0.310938
1810	-1.904274
1811	-2.072621
1812	-3.080729
1813	1.177275
1814	-2.283072
1815	-1.362591
1816	-2.124922
1817	1.574540
1818	-1.797343
1819	1.320572
1820	0.750105
1821	-2.307508
1822	-1.679705
1823	-1.897372
1824	0.911152
1825	-2.005918
1826	0.849750
1827	-0.155513
1828	-2.303946
1829	0.932716
1830	-2.140967
1831	0.862269
1832	-1.444080
1833	-2.744481
1834	-2.184181
1835	-1.009485
1836	-1.566541
1837	-1.986772
1838	-2.465774
1839	-2.612354
1840	1.517635
1841	-1.798992
1842	-0.638502
1843	-1.434715
1844	-2.908500
1845	1.396966
1846	-1.774958
1847	-2.115191
1848	0.558129
1849	1.861265
1850	-2.068981
1851	-1.809035
1852	-1.807940
1853	-1.700239
1854	-2.164321
1855	-1.540136
1856	-2.113726
1857	-1.816792
1858	2.343179
1859	2.154299
1860	-1.425633
1861	-0.353855
1862	-2.136937
1863	0.281614
1864	-1.877639
1865	-2.694771
1866	-2.129337
1867	0.952680
1868	-2.218146
1869	-1.678204
1870	-2.451674
1871	-1.701254
1872	-0.919943
1873	1.241252
1874	-1.814881
1875	-2.326458
1876	0.006034
1877	-2.046858
1878	-2.164342
1879	-3.054921
1880	1.126662
1881	-0.557913
1882	-2.428755
1883	1.675543
1884	-2.277076
1885	1.390109
1886	-1.826604
1887	2.303588
1888	-2.371658
1889	-1.758385
1890	-2.793398
1891	-1.845409
1892	2.239591
1893	-2.223558
1894	-1.668418
1895	-2.494393
1896	1.282945
1897	-2.346301
1898	-1.978477
1899	-2.260989
1900	-2.770846
1901	0.495874
1902	-1.437606
1903	-2.162003
1904	-3.371189
1905	-1.118100
1906	-1.636102
1907	-2.601423
1908	-1.924641
1909	-2.421532
1910	-2.314780
1911	-2.172959
1912	-2.018016
1913	-2.295549
1914	-2.248986
1915	-1.363414
1916	-1.931025
1917	-0.234615
1918	1.701223
1919	-1.976527
1920	-1.347665
1921	-0.232742
1922	0.579589
1923	0.820296
1924	-1.505792
1925	-0.287611
1926	-2.042118
1927	-2.387126
1928	1.770212
1929	0.858333
1930	1.314732
1931	0.647429
1932	0.047106
1933	2.027315
1934	-2.471713
1935	-1.136065
1936	-1.112132
1937	0.069143
1938	-2.885012
1939	-2.084124
1940	-0.304467
1941	2.438704
1942	-2.807810
1943	0.868096
1944	2.272050
1945	0.499232
1946	-0.322611
1947	-1.226206
1948	-2.308003
1949	-1.413899
1950	-2.614607
1951	0.739829
1952	-1.521361
1953	-2.697130
1954	-1.271057
1955	-2.139988
1956	-1.377528
1957	-1.841925
1958	-0.046420
1959	-2.404785
1960	1.615967
1961	-1.710770
1962	1.280779
1963	1.929174
1964	0.028243
1965	-2.857654
1966	1.391007
1967	1.119666
1968	-2.155460
1969	0.782630
1970	-2.740866
1971	-0.314386
1972	-1.661782
1973	-2.043264
1974	-2.342437
1975	2.911624
1976	-2.534688
1977	-2.067012
1978	-2.427342
1979	-0.861767
1980	2.251583
1981	0.652591
1982	-2.003386
1983	-2.570197
1984	-2.433507
1985	-2.369024
1986	-1.722446
1987	-2.738396
1988	-1.648618
1989	-1.740012
1990	1.134971
1991	-1.246649
1992	-1.650086
1993	-2.438534
1994	-2.695227
1995	-2.622854
1996	-0.258076
1997	-1.850635
1998	0.022768
1999	1.423790
2000	-2.493334
2001	-1.508732
2002	2.068388
2003	-1.933923
2004	-2.401176
2005	1.694610
2006	-1.842889
2007	1.666205
2008	-0.055133
2009	-1.946027
2010	-2.278251
2011	-1.791776
2012	1.496375
2013	-1.776668
2014	-2.144206
2015	0.005023
2016	0.275345
2017	1.596055
2018	1.721019
2019	0.428415
2020	2.079272
2021	3.890364
2022	2.002183
2023	-2.222775
2024	-2.206051
2025	-1.766540
2026	0.234461
2027	-2.726520
2028	-0.030656
2029	-1.629448
2030	-2.331701
2031	-1.714133
2032	4.108502
2033	3.410675
2034	-2.200468
2035	0.365310
2036	-2.077618
2037	-2.459316
2038	0.877697
2039	-1.918318
2040	2.091390
2041	1.136633
2042	1.355085
2043	-2.297389
2044	-2.090032
2045	-2.184091
2046	-2.650036
2047	-2.188696
2048	2.602925
2049	0.482256
2050	-3.024270
2051	-2.004735
2052	-0.002695
2053	-0.093181
2054	-2.038798
2055	-1.473163
2056	-1.821311
2057	-2.059058
2058	-1.265704
2059	1.024373
2060	-1.603545
2061	-1.810772
2062	1.067686
2063	0.513126
2064	-2.357608
2065	0.445197
2066	-1.850749
2067	-1.369211
2068	-1.447852
2069	1.754699
2070	1.432133
2071	1.969907
2072	-1.376041
2073	1.589393
2074	-2.311988
2075	0.399287
2076	-2.014796
2077	-2.324218
2078	-1.555858
2079	-1.721385
2080	1.487007
2081	-2.237660
2082	-1.650976
2083	0.085220
2084	-2.111492
2085	-0.386137
2086	-2.097431
2087	-1.609818
2088	-1.605181
2089	0.805893
2090	-2.209670
2091	-2.280422
2092	-1.489986
2093	-2.143786
2094	-3.090999
2095	-1.934805
2096	3.077384
2097	-2.815417
2098	-1.919288
2099	0.221889
2100	-2.160168
2101	-1.991119
2102	-2.627156
2103	-1.556334
2104	0.441783
2105	-2.232576
2106	0.248588
2107	-2.165389
2108	-1.956440
2109	-2.233336
2110	0.892069
2111	-1.346334
2112	-1.444530
2113	1.071602
2114	-1.945142
2115	2.217722
2116	-2.079264
2117	4.106178
2118	-2.362568
2119	-0.365397
2120	2.870910
2121	-2.004909
2122	-2.071631
2123	-1.374190
2124	-1.728636
2125	2.226997
2126	0.871290
2127	-2.810068
2128	0.073260
2129	-2.125141
2130	-1.461330
2131	2.346401
2132	-1.845563
2133	-2.292502
2134	-2.006349
2135	-1.752838
2136	-1.943583
2137	-1.910748
2138	-2.219182
2139	1.467169
2140	-1.873326
2141	0.308444
2142	0.646451
2143	-1.150679
2144	-3.069644
2145	-0.453248
2146	-1.400441
2147	0.444120
2148	0.712684
2149	2.374327
2150	0.762431
2151	1.419726
2152	-1.473496
2153	-1.686367
2154	-3.206993
2155	-2.476057
2156	-1.672283
2157	-2.068171
2158	-1.740919
2159	2.398841
2160	-1.182312
2161	-1.768425
2162	-1.245013
2163	0.887883
2164	-2.213706
2165	-2.262250
2166	-2.325169
2167	-1.546585
2168	2.019547
2169	-2.193342
2170	2.306778
2171	-1.622190
2172	1.595324
2173	-1.205153
2174	-2.002731
2175	-1.935646
2176	1.027219
2177	-1.839050
2178	-2.457808
2179	-2.074599
2180	-2.829840
2181	-2.027436
2182	0.604193
2183	-2.308917
2184	-2.300614
2185	0.377969
2186	1.641541
2187	-2.690430
2188	-1.305995
2189	-2.765494
2190	0.369408
2191	-2.007265
2192	-1.856908
2193	-1.560172
2194	-2.315877
2195	0.670409
2196	0.946776
2197	-2.456336
2198	-2.346887
2199	-1.932095
2200	-1.911012
2201	-1.204332
2202	-1.827686
2203	1.222149
2204	-1.747199
2205	1.920758
2206	-1.839275
2207	-1.008740
2208	-2.221885
2209	1.512448
2210	-2.649264
2211	-0.023192
2212	2.343291
2213	-1.756844
2214	-1.563487
2215	-2.812209
2216	-1.969245
2217	-2.258090
2218	1.555500
2219	0.620006
2220	-2.572123
2221	-0.048387
2222	2.183258
2223	1.238903
2224	2.205259
2225	-0.887542
2226	2.153440
2227	-2.021954
2228	1.527627
2229	0.609318
2230	1.360956
2231	1.455147
2232	-1.846066
2233	-2.028510
2234	-1.919197
2235	-2.069826
2236	-1.109998
2237	-3.161568
2238	-1.761617
2239	-2.703421
2240	-1.781933
2241	-1.666393
2242	1.356952
2243	1.041801
2244	-2.518398
2245	-2.030047
2246	-2.119729
2247	2.120062
2248	1.557589
2249	-3.645886
2250	1.235294
2251	-2.287916
2252	-2.445746
2253	-1.324455
2254	-2.612754
2255	0.734670
2256	-1.412519
2257	-0.356130
2258	-2.717095
2259	-2.239292
2260	2.622980
2261	-1.802539
2262	-1.579160
2263	-1.209884
2264	-0.229964
2265	-2.199915
2266	0.599712
2267	0.072492
2268	-2.388329
2269	-2.025305
2270	-1.215541
2271	-1.780814
2272	-1.716626
2273	-1.543732
2274	0.188928
2275	-2.489848
2276	0.152864
2277	-2.168165
2278	-1.629631
2279	1.789621
2280	1.709154
2281	-2.388742
2282	-2.887208
2283	0.873580
2284	1.149262
2285	1.762129
2286	-1.575696
2287	-1.116734
2288	-1.651392
2289	-2.521846
2290	-1.257544
2291	-2.582908
2292	1.893863
2293	0.395153
2294	-1.439273
2295	0.918676
2296	-2.042850
2297	1.467582
2298	1.535344
2299	-0.101838
2300	0.341597
2301	-2.020238
2302	1.522087
2303	1.077871
2304	0.591003
2305	-0.833610
2306	-1.318735
2307	0.929610
2308	0.868607
2309	-2.561677
2310	0.415323
2311	-1.466606
2312	-1.238873
2313	-1.988736
2314	-1.919080
2315	-2.161262
2316	-0.272082
2317	-1.355029
2318	-1.652013
2319	-2.348836
2320	-1.898012
2321	-2.201779
2322	0.018072
2323	1.356468
2324	0.640340
2325	-1.365660
2326	0.400049
2327	-1.830027
2328	-2.619931
2329	0.743286
2330	-1.439160
2331	-2.947878
2332	1.789289
2333	0.257323
2334	0.737452
2335	0.878742
2336	-2.961598
2337	-0.452272
2338	0.539162
2339	-2.198073
2340	1.815492
2341	-1.417440
2342	1.355144
2343	1.381799
2344	-1.582614
2345	2.471285
2346	1.582241
2347	-1.814309
2348	-0.335409
2349	-2.322362
2350	-2.894918
2351	0.047414
2352	-0.202609
2353	-1.895962
2354	1.665667
2355	-2.602006
2356	-2.163069
2357	-1.916731
2358	-1.841722
2359	1.014618
2360	0.759527
2361	-2.597879
2362	-1.682298
2363	1.919419
2364	-2.273990
2365	-0.342638
2366	1.368052
2367	-0.673319
2368	0.516777
2369	-2.074599
2370	-1.665485
2371	-2.716754
2372	0.664518
2373	1.278307
2374	0.371146
2375	-2.317859
2376	1.068556
2377	0.474751
2378	2.880336
2379	1.308769
2380	-0.303508
2381	-0.819647
2382	0.830184
2383	-2.044742
2384	3.050123
2385	-2.032546
2386	-2.052139
2387	-2.662318
2388	-2.997699
2389	-1.937938
2390	-2.632332
2391	-0.102675
2392	-1.541380
2393	-2.716115
2394	-1.567256
2395	0.889905
2396	-2.293880
2397	-1.278568
2398	2.269805
2399	0.420525
2400	1.975785
2401	-1.993446
2402	-2.160718
2403	-2.593997
2404	0.907601
2405	-1.338766
2406	1.560051
2407	-1.639438
2408	-2.184608
2409	3.085541
2410	-2.278343
2411	-1.895893
2412	-2.863754
2413	-2.389702
2414	-0.361982
2415	1.461128
2416	-1.086055
2417	-1.975147
2418	0.623924
2419	-1.867554
2420	-0.277642
2421	-2.217811
2422	-2.049901
2423	-2.423970
2424	-2.415573
2425	-1.723876
2426	0.951125
2427	0.543510
2428	-2.048889
2429	-1.853210
2430	-1.185243
2431	-2.438840
2432	0.841757
2433	-2.488394
2434	-2.301190
2435	-0.797778
2436	-2.333652
2437	1.711226
2438	0.002540
2439	-2.029572
2440	-1.834993
2441	-1.495805
2442	1.557563
2443	-2.052984
2444	-2.311092
2445	1.028115
2446	0.600761
2447	-2.576218
2448	-0.913833
2449	-1.384474
2450	0.913368
2451	-1.666892
2452	-2.064746
2453	-2.459483
2454	-2.802032
2455	-0.206943
2456	-1.256964
2457	0.379962
2458	-0.922991
2459	-1.652387
2460	1.398005
2461	3.021247
2462	1.469560
2463	1.057579
2464	1.147677
2465	0.939336
2466	-0.808301
2467	-2.862936
2468	-1.729373
2469	1.459773
2470	-1.697053
2471	-2.152480
2472	-2.429262
2473	-1.847678
2474	1.840269
2475	-2.136301
2476	2.644319
2477	-1.681377
2478	-1.365896
2479	1.817387
2480	0.608301
2481	-1.941839
2482	-1.313053
2483	0.203265
2484	-1.693572
2485	1.335827
2486	-2.149092
2487	-1.713487
2488	-1.680761
2489	0.034546
2490	-0.770996
2491	-0.980612
2492	-1.153617
2493	-2.115073
2494	-1.362392
2495	-1.936876
2496	-1.861306
2497	-1.938102
2498	1.051558
2499	1.237359
2500	0.958383
2501	-2.058653
2502	-1.902487
2503	-2.380950
2504	-1.843518
2505	2.350185
2506	1.272283
2507	-2.291693
2508	-1.443353
2509	1.231240
2510	0.293886
2511	-1.371141
2512	0.198292
2513	-0.987388
2514	0.702286
2515	1.843757
2516	-3.063078
2517	-2.495558
2518	-3.058557
2519	1.539307
2520	-2.042959
2521	2.797579
2522	-0.048064
2523	2.066623
2524	-2.423186
2525	0.161722
2526	-0.062547
2527	0.372603
2528	-2.012019
2529	-2.582161
2530	2.313706
2531	-1.680469
2532	2.273831
2533	-2.231534
2534	-2.130947
2535	-1.200661
2536	0.147860
2537	-2.438003
2538	2.064203
2539	-2.886198
2540	0.281464
2541	-1.625673
2542	-2.068850
2543	-1.607413
2544	0.658929
2545	1.399798
2546	-1.395508
2547	1.639993
2548	1.845481
2549	-1.397060
2550	-1.623238
2551	-2.011126
2552	-2.513904
2553	-1.930738
2554	-2.129792
2555	-1.266441
2556	2.830890
2557	-2.465887
2558	2.875415
2559	0.658979
2560	-1.519178
2561	-1.972603
2562	-2.707718
2563	-1.869120
2564	0.118301
2565	-1.032179
2566	-2.136626
2567	1.029131
2568	-2.023640
2569	-1.701377
2570	-0.203819
2571	-2.249034
2572	-2.276434
2573	-2.033335
2574	0.232181
2575	-1.294970
2576	0.693360
2577	1.726508
2578	3.283709
2579	-1.668780
2580	1.923577
2581	-0.813218
2582	-1.570704
2583	-2.501868
2584	-2.109115
2585	0.726953
2586	-2.298187
2587	-0.666697
2588	2.043569
2589	-1.991122
2590	0.719458
2591	-1.342802
2592	-0.235552
2593	-0.870322
2594	0.509416
2595	-2.171844
2596	-1.420009
2597	-2.147324
2598	-1.739159
2599	-2.148013
2600	-1.176963
2601	-1.725368
2602	-1.891965
2603	1.349634
2604	-2.394797
2605	0.852896
2606	-1.052060
2607	-0.825561
2608	-2.648955
2609	-2.342112
2610	-2.418148
2611	-2.251065
2612	-2.482079
2613	-2.155935
2614	-1.929706
2615	-1.603953
2616	-2.293802
2617	-2.375976
2618	1.232503
2619	-2.260111
2620	-1.676069
2621	0.556195
2622	-1.688990
2623	-1.543530
2624	0.087574
2625	-2.712816
2626	-1.429279
2627	-2.732863
2628	0.044072
2629	0.147736
2630	-1.133632
2631	-1.934089
2632	0.812528
2633	1.421659
2634	-0.156052
2635	0.179676
2636	0.212299
2637	-1.844751
2638	2.294506
2639	2.091201
2640	1.048413
2641	-1.794175
2642	1.775066
2643	-0.321711
2644	-2.012078
2645	1.140503
2646	0.822752
2647	-2.694329
2648	-1.399627
2649	-1.706062
2650	0.798246
2651	1.541054
2652	0.445026
2653	-2.439639
2654	2.380856
2655	-1.648073
2656	0.088856
2657	-1.495490
2658	-1.820512
2659	-2.177994
2660	-2.095387
2661	-1.223007
2662	1.820511
2663	0.764350
2664	-1.987955
2665	2.073224
2666	1.677151
2667	-1.974376
2668	0.393119
2669	-2.195410
2670	-2.151447
2671	-2.448352
2672	-2.607915
2673	-2.597219
2674	1.601459
2675	-2.210589
2676	0.399733
2677	-1.593840
2678	0.069634
2679	1.426606
2680	-0.192741
2681	-2.193950
2682	-2.282054
2683	-1.497061
2684	-1.936187
2685	2.941131
2686	0.002231
2687	2.248060
2688	-2.280144
2689	1.046868
2690	0.898182
2691	-0.172896
2692	1.310884
2693	-1.433418
2694	-2.103001
2695	-1.665671
2696	1.858751
2697	-1.148862
2698	0.851480
2699	-2.931436
2700	1.363200
2701	-1.511878
2702	-1.721410
2703	-0.057204
2704	0.153772
2705	-1.219174
2706	-2.518481
2707	-2.117866
2708	-2.160246
2709	2.542169
2710	-1.995089
2711	-1.898972
2712	1.508478
2713	-2.340783
2714	0.650949
2715	1.717247
2716	0.118264
2717	-1.220518
2718	-1.555573
2719	-2.144694
2720	-2.175640
2721	0.759091
2722	2.106923
2723	0.829743
2724	0.892756
2725	0.050778
2726	-2.819650
2727	-2.513948
2728	-0.099469
2729	-2.039255
2730	0.678833
2731	-2.005600
2732	-1.359116
2733	-2.137148
2734	1.080955
2735	-1.524223
2736	0.888792
2737	-1.179137
2738	1.446920
2739	1.421879
2740	1.763876
2741	-2.907313
2742	0.621302
2743	-2.510936
2744	2.028385
2745	0.600594
2746	-1.902007
2747	-1.809731
2748	-0.396677
2749	-1.562482
2750	0.397048
2751	-0.532310
2752	-1.536900
2753	-1.118388
2754	-2.190446
2755	-1.909974
2756	-2.058012
2757	-0.146404
2758	-1.905654
2759	-2.572915
2760	-1.751042
2761	0.851046
2762	-1.231568
2763	-1.956898
2764	1.748616
2765	-2.120271
2766	-2.637476
2767	1.831739
2768	0.186299
2769	1.140047
2770	0.484052
2771	-0.986630
2772	0.862291
2773	0.648849
2774	-0.685851
2775	-1.259946
2776	1.545508
2777	-1.596272
2778	1.120393
2779	-2.224718
2780	-1.762980
2781	-1.629028
2782	-0.548105
2783	-1.777251
2784	-1.499896
2785	-2.338248
2786	1.077126
2787	0.984388
2788	-2.341841
2789	-1.898232
2790	0.797947
2791	-2.336690
2792	1.302514
2793	-2.050636
2794	2.149010
2795	-2.233223
2796	-0.987567
2797	2.575093
2798	-2.464979
2799	1.281554
2800	-1.646191
2801	0.384227
2802	-2.692315
2803	0.389670
2804	-0.629843
2805	2.653635
2806	0.254507
2807	-2.535451
2808	-1.900839
2809	-1.374212
2810	-2.751020
2811	-1.926702
2812	-1.190079
2813	-3.237103
2814	1.258064
2815	-2.647568
2816	-1.566027
2817	-0.953379
2818	-1.205533
2819	-2.777642
2820	-1.696779
2821	-0.559842
2822	-1.193744
2823	-1.643046
2824	-2.764231
2825	1.817059
2826	2.727793
2827	0.245441
2828	1.250069
2829	-1.984503
2830	-0.134260
2831	-2.734851
2832	-1.807818
2833	3.024622
2834	0.579549
2835	-0.728726
2836	-2.397849
2837	1.066723
2838	1.219304
2839	-2.256635
2840	2.436246
2841	-2.905463
2842	0.958087
2843	3.213700
2844	-2.762015
2845	2.001965
2846	-1.612029
2847	-1.676817
2848	-1.614712
2849	0.087760
2850	0.900273
2851	1.505801
2852	-1.459395
2853	2.704925
2854	-1.932185
2855	-2.025129
2856	2.180681
2857	-2.327392
2858	-1.745244
2859	-2.594959
2860	-0.201699
2861	1.762281
2862	-2.317411
2863	1.568354
2864	1.151770
2865	-2.594255
2866	1.583864
2867	-1.932656
2868	-0.850951
2869	-1.350471
2870	-2.519960
2871	0.710956
2872	2.068673
2873	-1.453475
2874	-2.748125
2875	-1.693509
2876	1.253912
2877	1.647535
2878	1.267580
2879	2.156967
2880	-0.250383
2881	-1.878637
2882	-2.843459
2883	-2.629840
2884	-1.042096
2885	-1.155945
2886	-1.573429
2887	1.982155
2888	0.479701
2889	1.385767
2890	-0.536462
2891	-1.695690
2892	-1.980426
2893	-3.423686
2894	-1.200210
2895	2.287449
2896	-1.921209
2897	-1.827975
2898	-0.131384
2899	-1.896070
2900	-1.217193
2901	-1.968390
2902	-1.479306
2903	-1.562603
2904	0.818308
2905	-1.880556
2906	-1.472424
2907	-1.198487
2908	1.304683
2909	-2.377763
2910	-2.855092
2911	0.633050
2912	0.868246
2913	-1.481950
2914	1.182531
2915	0.516745
2916	-2.808243
2917	1.008948
2918	-1.568855
2919	-2.600765
2920	-2.224032
2921	1.348664
2922	-2.340746
2923	0.378955
2924	2.747490
2925	-2.064221
2926	1.986164
2927	0.088956
2928	-3.617533
2929	-2.433669
2930	1.714774
2931	-1.886867
2932	-2.430126
2933	-1.652365
2934	1.792694
2935	-0.152493
2936	-1.549759
2937	-1.554574
2938	-0.694324
2939	2.291989
2940	1.507451
2941	-2.326479
2942	-2.323092
2943	-2.540506
2944	-1.307762
2945	-2.107450
2946	-2.516831
2947	-0.141100
2948	-2.476600
2949	-1.576941
2950	0.616057
2951	0.751799
2952	-2.205293
2953	-1.620643
2954	-0.385532
2955	-1.786541
2956	1.877582
2957	1.224283
2958	-1.612396
2959	-2.508257
2960	-1.734840
2961	1.284771
2962	0.595877
2963	-1.944867
2964	-0.647585
2965	2.205968
2966	-1.532397
2967	-3.248567
2968	1.068603
2969	-2.109074
2970	1.040250
2971	1.280510
2972	-1.518163
2973	-2.183521
2974	-2.139512
2975	-1.720903
2976	-1.794011
2977	1.797895
2978	-3.111822
2979	-1.637754
2980	-2.292760
2981	-1.855964
2982	0.952325
2983	-1.697431
2984	0.738531
2985	1.778039
2986	0.988724
2987	0.613576
2988	-0.957398
2989	-1.497304
2990	-1.516574
2991	-2.459735
2992	0.882270
2993	-2.092038
2994	-1.858313
2995	1.198328
2996	-2.460500
2997	0.879090
2998	-2.958219
2999	-1.882153
3000	-1.971471
3001	0.591005
3002	2.038350
3003	-2.535637
3004	1.890497
3005	-1.436803
3006	-1.698921
3007	-0.069354
3008	1.850752
3009	2.627115
3010	1.705419
3011	-1.899756
3012	-1.855810
3013	0.488702
3014	-2.016815
3015	-1.891385
3016	2.138111
3017	2.119996
3018	-2.361231
3019	-0.793856
3020	-2.266415
3021	1.804099
3022	-2.828637
3023	-1.378692
3024	-1.796683
3025	-2.012887
3026	2.682536
3027	-1.494954
3028	-1.917125
3029	-2.653529
3030	1.055830
3031	-1.759276
3032	-1.676220
3033	-2.447645
3034	-2.007364
3035	-2.043253
3036	2.132184
3037	-1.694849
3038	-2.335746
3039	0.957375
3040	-2.049467
3041	-1.807298
3042	0.657224
3043	-1.152052
3044	1.081307
3045	0.925952
3046	3.205718
3047	1.514721
3048	1.811182
3049	-1.269504
3050	-1.302316
3051	-2.316337
3052	-0.356747
3053	-1.737643
3054	1.361931
3055	1.149186
3056	1.353807
3057	2.175700
3058	1.358765
3059	2.307728
3060	1.226786
3061	-0.223382
3062	-2.210781
3063	0.342863
3064	-1.804033
3065	-1.379759
3066	0.849018
3067	2.807813
3068	-0.819028
3069	-1.721104
3070	-2.329217
3071	1.577630
3072	0.367931
3073	-2.451101
3074	-0.182923
3075	-2.025727
3076	-2.506191
3077	-0.092096
3078	-1.563973
3079	-1.951031
3080	-2.067496
3081	-2.303625
3082	-2.939872
3083	-0.633661
3084	0.688983
3085	-2.586149
3086	0.068590
3087	2.455399
3088	-2.329481
3089	-1.764635
3090	2.583708
3091	0.341009
3092	-2.480615
3093	-2.210805
3094	0.710811
3095	1.433541
3096	-2.446614
3097	-2.459239
3098	-1.807893
3099	-1.996437
3100	-0.613921
3101	-2.683634
3102	-0.815292
3103	-1.813308
3104	-2.005954
3105	-0.005673
3106	-2.077656
3107	-2.111547
3108	-1.793205
3109	0.870556
3110	-0.252929
3111	-2.643837
3112	3.579135
3113	-1.313249
3114	-2.233610
3115	-1.737155
3116	-1.490287
3117	1.161551
3118	0.451552
3119	0.041842
3120	-2.244082
3121	-2.207505
3122	-2.692316
3123	2.683227
3124	-2.506634
3125	-1.540361
3126	3.193173
3127	-1.992820
3128	-1.778532
3129	0.955181
3130	-1.822255
3131	-2.067367
3132	0.878392
3133	-1.428130
3134	1.089889
3135	-2.189206
3136	-0.880170
3137	-2.020768
3138	1.585610
3139	-1.252030
3140	-2.197881
3141	-2.257689
3142	0.508032
3143	-1.547388
3144	0.244450
3145	-2.935005
3146	-2.388665
3147	-1.242947
3148	2.396906
3149	-2.177924
3150	-1.652388
3151	1.462830
3152	-2.206354
3153	-1.240371
3154	0.378620
3155	1.039750
3156	1.678338
3157	0.231668
3158	1.380622
3159	0.702170
3160	-1.817850
3161	-2.120680
3162	-1.117770
3163	-0.223899
3164	0.936474
3165	1.099865
3166	-2.030285
3167	1.560018
3168	-1.614143
3169	1.525030
3170	-1.956559
3171	0.413573
3172	-1.939592
3173	-2.146101
3174	-2.737847
3175	0.899790
3176	-2.209833
3177	-1.838403
3178	-2.148670
3179	-2.603365
3180	-1.288399
3181	-2.439295
3182	0.288217
3183	1.355431
3184	-2.065467
3185	-1.433892
3186	-2.305491
3187	-2.696318
3188	1.642057
3189	-2.493839
3190	-1.615673
3191	-2.527920
3192	-2.411122
3193	0.940075
3194	-1.662365
3195	-0.328260
3196	0.280850
3197	-2.523676
3198	-2.106141
3199	-2.156224
3200	0.767672
3201	-0.758979
3202	-1.930941
3203	-1.580515
3204	1.743377
3205	2.264336
3206	-1.494159
3207	1.925776
3208	1.694184
3209	0.651065
3210	-2.189647
3211	-2.369328
3212	-2.223432
3213	-2.410588
3214	-2.084070
3215	-2.018723
3216	0.488535
3217	-1.749276
3218	-1.535480
3219	-1.878188
3220	1.061716
3221	-2.084145
3222	1.631194
3223	-2.332806
3224	1.744567
3225	1.039001
3226	0.733777
3227	0.757638
3228	-0.075703
3229	0.873520
3230	-1.761918
3231	0.489788
3232	2.516338
3233	0.834810
3234	-0.250254
3235	-2.479250
3236	1.660306
3237	-2.522047
3238	1.358843
3239	2.816861
3240	-2.396109
3241	0.597317
3242	-1.188220
3243	-2.312416
3244	-2.024092
3245	-1.891324
3246	0.542581
3247	1.121662
3248	1.317597
3249	-1.973553
3250	0.519387
3251	-1.716776
3252	-1.845240
3253	1.550286
3254	-2.213073
3255	0.989475
3256	-2.282609
3257	-2.000277
3258	0.743923
3259	0.782384
3260	-1.395105
3261	-1.631933
3262	2.826125
3263	0.395995
3264	-1.090542
3265	-1.833397
3266	-0.046913
3267	1.597539
3268	-1.011359
3269	-1.910241
3270	-0.414924
3271	0.787352
3272	-1.741654
3273	0.381176
3274	-2.063685
3275	-1.655282
3276	-2.316045
3277	1.312360
3278	1.812008
3279	1.303339
3280	2.612223
3281	1.443942
3282	-2.202497
3283	-1.717036
3284	3.092980
3285	-2.109298
3286	-2.537287
3287	-2.987584
3288	-2.224448
3289	-1.787430
3290	0.403771
3291	1.435196
3292	-2.673209
3293	2.440391
3294	-2.196223
3295	-1.312264
3296	-1.336536
3297	-1.542917
3298	-0.658276
3299	-2.221323
3300	-2.876348
3301	-2.427860
3302	-2.533146
3303	-1.679641
3304	-2.071725
3305	-2.148836
3306	-2.392059
3307	-1.403875
3308	2.851116
3309	-1.468446
3310	2.343147
3311	1.458767
3312	-2.067570
3313	0.475797
3314	1.067323
3315	0.439904
3316	1.961119
3317	-2.064953
3318	-1.586247
3319	-2.628892
3320	-0.550283
3321	1.257863
3322	0.664740
3323	2.226364
3324	-1.679159
3325	-2.169814
3326	-1.861053
3327	-2.556618
3328	0.305264
3329	-1.821015
3330	0.973330
3331	-1.729040
3332	1.232832
3333	1.568792
3334	-2.352841
3335	-1.126808
3336	0.073413
3337	0.196856
3338	-1.025634
3339	-2.404237
3340	-2.508575
3341	-1.630555
3342	-1.387638
3343	-1.934596
3344	-1.968905
3345	-1.914398
3346	1.022377
3347	-1.197065
3348	-2.165425
3349	-2.664817
3350	-1.803215
3351	3.074727
3352	-1.476961
3353	-1.748832
3354	-1.833667
3355	-0.172427
3356	2.004479
3357	1.027547
3358	-2.103304
3359	-1.659668
3360	3.265573
3361	2.298953
3362	2.092916
3363	-1.445099
3364	-1.646006
3365	-1.480574
3366	-1.537529
3367	0.298556
3368	-0.364525
3369	1.577988
3370	-2.552654
3371	1.451071
3372	0.568076
3373	1.518773
3374	-2.154756
3375	-1.607870
3376	-1.296231
3377	-1.313883
3378	-2.012722
3379	0.383004
3380	-2.283649
3381	-2.248606
3382	-2.660417
3383	3.254838
3384	-2.403830
3385	2.111632
3386	-2.296272
3387	-2.069749
3388	0.100458
3389	1.288055
3390	0.722035
3391	-1.589274
3392	-1.949006
3393	0.246915
3394	3.050488
3395	0.813601
3396	2.213279
3397	0.135392
3398	1.344498
3399	-2.649741
3400	-1.918230
3401	-1.745832
3402	-1.740978
3403	1.123024
3404	-2.460440
3405	-1.118339
3406	3.580035
3407	-2.075822
3408	1.647127
3409	-1.647307
3410	0.630661
3411	-1.672323
3412	0.852029
3413	-1.341341
3414	1.367818
3415	-1.949833
3416	2.374758
3417	0.175518
3418	-1.926931
3419	-2.167462
3420	-2.789567
3421	-1.743460
3422	-1.694440
3423	-1.200138
3424	-1.550646
3425	1.271959
3426	-2.084651
3427	0.715943
3428	1.008495
3429	-2.124634
3430	-2.829303
3431	-1.597375
3432	-1.902917
3433	1.635045
3434	-2.435743
3435	-0.065536
3436	-1.778072
3437	-2.927231
3438	0.435252
3439	-1.480097
3440	-1.671256
3441	-2.047325
3442	-2.802529
3443	-0.510978
3444	-2.103827
3445	-0.874016
3446	-1.970104
3447	-2.385116
3448	-0.012688
3449	-0.151274
3450	-1.490332
3451	-1.905534
3452	-1.965324
3453	-1.053380
3454	-2.063507
3455	-1.557178
3456	-1.892428
3457	2.125851
3458	1.057381
3459	-2.748743
3460	0.940333
3461	0.152359
3462	-1.924408
3463	2.184458
3464	-2.235412
3465	-2.371064
3466	-2.425875
3467	-1.268645
3468	-0.399399
3469	-2.316344
3470	1.195864
3471	1.241269
3472	-1.781342
3473	-2.623234
3474	2.011779
3475	-1.921180
3476	-1.665522
3477	1.001828
3478	-1.171718
3479	-1.593512
3480	-2.102946
3481	-2.724469
3482	2.129294
3483	-2.482468
3484	0.043955
3485	-1.916284
3486	0.226127
3487	1.729002
3488	-2.462932
3489	-1.081686
3490	1.916441
3491	-1.851440
3492	0.583613
3493	-1.782075
3494	-2.563265
3495	-2.330523
3496	3.246273
3497	-2.474584
3498	-1.914598
3499	1.033064
3500	0.896894
3501	0.850505
3502	-1.717504
3503	1.857835
3504	-2.260688
3505	-1.183736
3506	-2.642579
3507	0.284625
3508	-1.841892
3509	2.734538
3510	-3.019729
3511	2.194544
3512	-1.543387
3513	1.368537
3514	-2.219924
3515	-1.463361
3516	-1.530567
3517	0.220126
3518	-1.435274
3519	0.898430
3520	0.111448
3521	-2.695786
3522	-2.099518
3523	-0.464458
3524	2.304957
3525	-2.292378
3526	-1.818251
3527	1.263830
3528	1.773374
3529	-2.145958
3530	0.651238
3531	-1.129055
3532	-0.943821
3533	-1.926516
3534	-2.193597
3535	-1.784318
3536	-0.289619
3537	-1.822716
3538	2.572788
3539	0.012880
3540	-0.756180
3541	-0.563717
3542	-1.117314
3543	-1.839021
3544	-2.615948
3545	-1.514343
3546	0.891147
3547	-1.946357
3548	-0.101724
3549	1.006855
3550	-1.818168
3551	-1.182035
3552	1.770958
3553	-2.164152
3554	1.898229
3555	-0.350899
3556	-0.442541
3557	-1.870995
3558	-1.640089
3559	1.344369
3560	-1.617882
3561	-2.554899
3562	-1.900433
3563	-2.028491
3564	-1.847472
3565	0.052665
3566	0.984707
3567	-2.851673
3568	-1.985292
3569	-1.711830
3570	-1.244846
3571	-0.765965
3572	-2.385308
3573	-1.538207
3574	-2.017113
3575	1.123737
3576	1.145197
3577	0.716462
3578	-2.677317
3579	-3.330585
3580	0.269360
3581	2.865001
3582	-2.099068
3583	0.579180
3584	1.902365
3585	-2.563057
3586	-2.805156
3587	0.421041
3588	-1.280240
3589	-2.228217
3590	-0.283945
3591	0.163405
3592	-1.617798
3593	1.978720
3594	-1.891507
3595	0.295316
3596	-1.414849
3597	-2.356494
3598	2.139195
3599	-1.043683
3600	-2.321065
3601	1.962409
3602	1.566373
3603	-2.230152
3604	-2.832755
3605	-2.434879
3606	1.065537
3607	-2.253124
3608	-2.289481
3609	-1.970099
3610	0.210867
3611	-0.320238
3612	-1.870500
3613	-2.015434
3614	-1.826872
3615	1.899415
3616	-0.601273
3617	-1.488585
3618	-2.355246
3619	-1.761496
3620	1.761098
3621	-1.610931
3622	1.865351
3623	0.347793
3624	-0.565239
3625	0.487130
3626	-2.147957
3627	-1.761814
3628	-2.664825
3629	-1.610678
3630	-1.799339
3631	-1.383704
3632	0.917591
3633	-1.731802
3634	1.356956
3635	-1.888661
3636	-1.994242
3637	-2.136238
3638	1.438793
3639	-2.080411
3640	-2.128525
3641	-1.587861
3642	-0.557238
3643	-2.847222
3644	-2.486887
3645	-1.951182
3646	0.665582
3647	-1.995228
3648	-1.652598
3649	-1.968989
3650	-1.639173
3651	1.116920
3652	-1.875075
3653	-2.267305
3654	0.306202
3655	-2.866335
3656	-2.594042
3657	0.780121
3658	-2.111580
3659	-1.113034
3660	0.604870
3661	-2.105238
3662	-2.363543
3663	-2.434837
3664	-2.051283
3665	-2.310668
3666	-2.293337
3667	-0.714127
3668	0.170057
3669	-1.816340
3670	0.131511
3671	0.355956
3672	0.621351
3673	-1.738367
3674	-0.274817
3675	1.706133
3676	-1.564649
3677	1.855685
3678	-2.080464
3679	-2.119967
3680	-0.481335
3681	-2.265300
3682	-2.269607
3683	-1.444965
3684	-2.071914
3685	-1.007325
3686	-2.364344
3687	1.117764
3688	-2.365470
3689	-2.694266
3690	-1.786740
3691	-1.828525
3692	-2.498366
3693	-1.618724
3694	-1.950075
3695	-0.978418
3696	-1.287794
3697	0.396618
3698	1.797828
3699	-1.504626
3700	-1.550833
3701	-1.401604
3702	-2.161663
3703	-2.648615
3704	-2.077182
3705	0.570954
3706	-1.539425
3707	0.358723
3708	1.015927
3709	-1.930555
3710	-1.149224
3711	-1.719072
3712	-1.722076
3713	1.448532
3714	-2.386401
3715	-0.283575
3716	0.874273
3717	-1.997903
3718	0.291775
3719	4.190674
3720	0.611094
3721	1.159997
3722	-1.588346
3723	-2.070834
3724	0.259510
3725	0.388072
3726	-0.678580
3727	2.385638
3728	-1.019175
3729	-1.747631
3730	-1.415767
3731	-2.046132
3732	-2.366320
3733	-2.210943
3734	-1.888431
3735	2.679800
3736	0.726347
3737	-2.099100
3738	-1.638328
3739	-2.262990
3740	-2.494197
3741	-1.992545
3742	1.767236
3743	-2.285519
3744	-1.320151
3745	-2.534457
3746	0.930557
3747	-1.633926
3748	-2.398893
3749	-2.585597
3750	-1.959444
3751	-1.922176
3752	1.047566
3753	-2.350814
3754	-1.096546
3755	1.003237
3756	2.211136
3757	1.063921
3758	-2.233458
3759	-2.217680
3760	-1.309585
3761	-2.167342
3762	1.330396
3763	3.136607
3764	0.473433
3765	0.238340
3766	0.800315
3767	-1.990985
3768	2.637229
3769	0.987218
3770	1.171038
3771	-2.628705
3772	-1.243553
3773	-2.500054
3774	-1.576543
3775	1.413687
3776	-2.322233
3777	-1.846105
3778	-2.186149
3779	1.096009
3780	-1.634878
3781	-0.020394
3782	-1.688846
3783	-1.709369
3784	1.765908
3785	-1.659530
3786	-1.660251
3787	-2.589823
3788	1.488314
3789	-2.145509
3790	-1.195170
3791	1.457894
3792	-1.379150
3793	1.877311
3794	0.845692
3795	-2.568801
3796	-2.718407
3797	2.375291
3798	-2.563427
3799	-2.605486
3800	1.689188
3801	-0.004487
3802	-2.956365
3803	0.638187
3804	-1.811109
3805	-0.142392
3806	-1.802876
3807	-2.325734
3808	-2.799674
3809	-0.134124
3810	-2.417078
3811	-1.913886
3812	-2.245245
3813	2.377424
3814	-2.433402
3815	-1.997161
3816	-2.196045
3817	-2.604392
3818	2.906798
3819	1.618421
3820	1.272913
3821	-0.495705
3822	1.474979
3823	-2.259072
3824	-2.869962
3825	1.325312
3826	-1.468025
3827	-2.112402
3828	0.604313
3829	-2.694131
3830	-1.903224
3831	-2.387690
3832	-0.667833
3833	0.808766
3834	0.325342
3835	-0.767925
3836	0.159469
3837	-0.877639
3838	2.506372
3839	-0.891255
3840	0.426451
3841	-1.454960
3842	-2.710785
3843	-2.101995
3844	0.236085
3845	-2.385647
3846	0.838135
3847	0.746170
3848	-0.938465
3849	-1.094354
3850	-2.019893
3851	-2.420501
3852	-2.640725
3853	2.753086
3854	0.825588
3855	-2.386956
3856	-2.459466
3857	-2.382448
3858	-1.309649
3859	-3.004198
3860	-2.234361
3861	1.382877
3862	-1.741626
3863	-2.093717
3864	0.834805
3865	4.315807
3866	-0.773984
3867	-1.844906
3868	-2.037700
3869	-2.057241
3870	-2.634524
3871	-1.418779
3872	-0.912638
3873	-2.222170
3874	-2.337393
3875	-2.885746
3876	1.520471
3877	2.134631
3878	1.087226
3879	0.760179
3880	0.281503
3881	3.106335
3882	-0.703121
3883	-1.688670
3884	-1.696224
3885	-2.158556
3886	-2.157541
3887	-2.187375
3888	-1.584578
3889	3.419482
3890	0.280964
3891	-2.818007
3892	-2.471976
3893	-1.996682
3894	-1.910565
3895	-1.227712
3896	-1.968848
3897	-0.702304
3898	2.202046
3899	-1.759302
3900	0.924197
3901	-1.910609
3902	1.576343
3903	1.041823
3904	-1.365946
3905	-1.392737
3906	-2.387477
3907	-1.410681
3908	1.021949
3909	2.197622
3910	-2.715146
3911	-1.739815
3912	1.309152
3913	-1.691759
3914	0.780309
3915	-2.249796
3916	-1.659869
3917	-2.413986
3918	1.207588
3919	-1.887143
3920	1.905039
3921	-2.402926
3922	-2.674799
3923	-0.778890
3924	-1.605101
3925	0.630528
3926	1.680866
3927	-1.081138
3928	2.681132
3929	0.574021
3930	-1.927629
3931	-0.212216
3932	-3.253198
3933	0.761287
3934	-2.314444
3935	-2.774240
3936	-1.910711
3937	-1.958206
3938	-2.798406
3939	-1.513560
3940	2.381788
3941	-2.095429
3942	-1.786321
3943	-2.078798
3944	-1.495613
3945	3.062778
3946	1.693950
3947	1.881915
3948	-1.280558
3949	-0.271785
3950	-2.259246
3951	2.408737
3952	-1.554007
3953	-2.025990
3954	-0.448563
3955	0.837096
3956	-2.212411
3957	-1.052905
3958	0.869032
3959	2.198527
3960	0.805727
3961	1.345502
3962	2.987270
3963	-2.343599
3964	0.085969
3965	-1.763684
3966	2.493455
3967	-2.475989
3968	-1.657017
3969	-1.893094
3970	2.708124
3971	-2.345224
3972	1.125630
3973	2.232712
3974	1.441533
3975	-1.826153
3976	1.453724
3977	-1.740311
3978	-1.483029
3979	-2.021672
3980	-1.849558
3981	-2.912477
3982	1.292063
3983	-1.514969
3984	-2.001156
3985	2.617585
3986	1.151170
3987	-1.873634
3988	-2.293808
3989	-2.447662
3990	-2.115291
3991	-0.366281
3992	-2.723249
3993	0.733528
3994	0.707406
3995	1.492865
3996	1.471853
3997	-1.001750
3998	-1.697737
3999	-0.036486
4000	-2.170577
4001	-0.952116
4002	2.210719
4003	0.920764
4004	0.830241
4005	0.246767
4006	-2.151242
4007	-1.565657
4008	0.484493
4009	-1.373141
4010	-2.327988
4011	-2.829895
4012	-2.434058
4013	-2.616383
4014	-0.196206
4015	0.752282
4016	-1.159398
4017	-2.182996
4018	-1.497360
4019	-1.346948
4020	-2.247828
4021	-1.500038
4022	0.165471
4023	-2.548854
4024	-3.045766
4025	-1.047691
4026	-1.974894
4027	1.904211
4028	-1.835280
4029	-2.096367
4030	-2.062442
4031	-2.540931
4032	-1.929934
4033	1.892482
4034	2.167643
4035	-1.961142
4036	-1.692692
4037	0.666692
4038	0.805307
4039	0.550946
4040	2.173734
4041	-1.901809
4042	-2.339651
4043	1.813777
4044	-2.221084
4045	0.138417
4046	1.205837
4047	-0.062493
4048	-0.866446
4049	-2.775091
4050	-2.236459
4051	0.977898
4052	-2.224376
4053	-2.793267
4054	0.346745
4055	-2.212226
4056	2.077931
4057	-2.794922
4058	2.186935
4059	-0.239644
4060	0.762384
4061	2.155751
4062	-1.883656
4063	-1.848948
4064	-1.146905
4065	0.433801
4066	0.775861
4067	1.101529
4068	1.139367
4069	-2.398927
4070	1.052138
4071	-2.157021
4072	-1.081300
4073	-1.868027
4074	-0.569693
4075	2.534549
4076	-2.630039
4077	0.436627
4078	-1.901383
4079	-2.868328
4080	-1.704664
4081	-2.158092
4082	-2.777768
4083	-2.783885
4084	-1.070989
4085	0.386401
4086	0.167044
4087	-1.271564
4088	1.556901
4089	1.709307
4090	-2.049767
4091	0.925906
4092	1.276986
4093	-2.135492
4094	-2.555655
4095	-2.274168
4096	-0.645795
4097	-2.307858
4098	-2.180149
4099	-2.166566
4100	-1.664492
4101	-1.418351
4102	-2.331623
4103	-0.165893
4104	-1.636541
4105	1.312793
4106	0.115519
4107	-1.714663
4108	-1.824927
4109	-2.592127
4110	-2.114108
4111	-1.385549
4112	-0.115973
4113	-1.942360
4114	-2.706692
4115	-2.158930
4116	-1.924621
4117	-1.736597
4118	1.552711
4119	-2.263794
4120	2.704829
4121	-1.075748
4122	-1.748103
4123	-1.533469
4124	1.855786
4125	2.304784
4126	-2.211323
4127	-0.844189
4128	-2.258343
4129	-0.953076
4130	0.689073
4131	-0.986849
4132	-1.751469
4133	-2.241250
4134	2.047849
4135	2.783025
4136	-1.641475
4137	-1.475817
4138	-2.329522
4139	0.442344
4140	0.327887
4141	-2.048919
4142	1.812156
4143	1.097900
4144	2.452835
4145	-1.907972
4146	-1.475163
4147	-1.679987
4148	-1.570280
4149	-1.766961
4150	-1.302542
4151	0.490959
4152	-1.953687
4153	0.354747
4154	-2.093079
4155	-1.847151
4156	-1.542315
4157	-1.570914
4158	-0.761343
4159	1.381097
4160	-2.269447
4161	0.872050
4162	0.464263
4163	-2.135621
4164	0.835306
4165	-2.043710
4166	1.855760
4167	-3.182063
4168	-1.671412
4169	-1.722467
4170	0.103271
4171	1.648514
4172	-1.384690
4173	-1.340299
4174	-2.681446
4175	-2.026178
4176	1.214365
4177	0.538183
4178	-1.493798
4179	-1.920559
4180	-1.829726
4181	-1.574846
4182	1.714959
4183	-1.461769
4184	1.076726
4185	-1.177501
4186	1.838714
4187	-0.509876
4188	-2.642859
4189	-0.086320
4190	-1.176071
4191	-0.329959
4192	-1.787582
4193	-1.956973
4194	0.633612
4195	2.008028
4196	-1.870642
4197	-2.169400
4198	-1.636339
4199	-1.853220
4200	-2.146115
4201	-2.269557
4202	-2.422764
4203	-0.211980
4204	-2.100741
4205	0.483315
4206	-1.207865
4207	-2.030490
4208	-1.342766
4209	0.995962
4210	1.191260
4211	-2.385646
4212	-2.620699
4213	0.036928
4214	1.859518
4215	-1.914160
4216	-2.410251
4217	-2.421533
4218	0.428790
4219	-1.755558
4220	-1.589099
4221	-2.330726
4222	-2.171761
4223	-1.422474
4224	1.082470
4225	-2.021419
4226	0.652632
4227	1.687532
4228	-1.887796
4229	-0.016985
4230	-1.328165
4231	-1.729932
4232	-0.987391
4233	-2.248559
4234	1.708585
4235	-2.170522
4236	-3.441234
4237	-2.588858
4238	-2.070361
4239	-1.941243
4240	0.201784
4241	-2.157051
4242	-1.793945
4243	-2.738509
4244	-1.886930
4245	-1.632710
4246	1.092210
4247	-2.134407
4248	1.242511
4249	-2.484715
4250	-2.175495
4251	-2.355402
4252	-2.282251
4253	-1.694495
4254	-1.778891
4255	0.703222
4256	1.672248
4257	1.496117
4258	-1.422135
4259	-2.331795
4260	0.302505
4261	-2.060745
4262	1.014902
4263	-2.047736
4264	2.097933
4265	0.009890
4266	-1.732696
4267	-1.357822
4268	0.888612
4269	-1.491829
4270	-0.589404
4271	-2.004958
4272	0.348638
4273	-2.195961
4274	-1.513483
4275	-1.482710
4276	-0.155521
4277	0.498405
4278	-1.609178
4279	0.505709
4280	-1.844443
4281	-2.629977
4282	-2.128843
4283	-1.949942
4284	-1.575026
4285	0.385622
4286	-2.498811
4287	2.232377
4288	-1.765826
4289	2.260697
4290	-2.446728
4291	-1.707148
4292	2.158790
4293	-1.579827
4294	-3.332751
4295	1.082363
4296	-1.473309
4297	1.832752
4298	0.026277
4299	0.854742
4300	-1.439279
4301	-1.590861
4302	-1.654926
4303	-1.914432
4304	-2.009195
4305	-1.842913
4306	-2.237772
4307	-2.286067
4308	-2.239754
4309	-1.314321
4310	-1.706812
4311	2.035038
4312	0.675494
4313	1.798020
4314	-2.875675
4315	-3.259209
4316	0.511321
4317	-2.202606
4318	0.486710
4319	0.873444
4320	0.374696
4321	-2.303924
4322	-0.110318
4323	-2.124427
4324	-2.985494
4325	1.133946
4326	-0.036823
4327	-1.847492
4328	-0.393176
4329	1.379397
4330	-1.686640
4331	1.973825
4332	0.266130
4333	1.127848
4334	-2.317307
4335	0.066682
4336	-1.260761
4337	-2.729315
4338	-2.734004
4339	-2.400808
4340	-1.946012
4341	0.077646
4342	-1.694428
4343	1.337446
4344	-1.909599
4345	-1.885765
4346	-2.187303
4347	-0.788980
4348	-2.622420
4349	-1.310162
4350	-2.044715
4351	0.523830
4352	-2.419603
4353	0.997502
4354	-1.660656
4355	0.455835
4356	-2.397026
4357	0.450317
4358	-2.054257
4359	-1.812638
4360	-1.612435
4361	1.111567
4362	-1.695656
4363	-2.127514
4364	1.446090
4365	-2.782693
4366	0.753709
4367	1.585958
4368	0.531384
4369	-1.297689
4370	-1.283638
4371	-2.088667
4372	2.405226
4373	2.222238
4374	-0.921269
4375	-1.999135
4376	0.791036
4377	-0.106052
4378	0.550562
4379	-1.621462
4380	-1.473147
4381	1.565337
4382	-1.919513
4383	-1.685457
4384	-2.512142
4385	2.725846
4386	-1.597297
4387	-1.690089
4388	-2.111163
4389	-2.161328
4390	1.126360
4391	-2.532401
4392	-0.040795
4393	-1.329340
4394	-1.493974
4395	-0.154073
4396	-1.881864
4397	-1.807270
4398	-1.861178
4399	-1.854660
4400	2.615072
4401	1.776121
4402	-1.955869
4403	1.618470
4404	-2.930000
4405	-1.978576
4406	0.488403
4407	-2.345688
4408	-1.849636
4409	1.817704
4410	2.315609
4411	-2.052957
4412	0.970597
4413	0.749387
4414	1.286966
4415	-2.580856
4416	-1.394047
4417	0.532308
4418	1.138599
4419	-1.726778
4420	1.604309
4421	-1.909475
4422	-0.577971
4423	-1.431697
4424	-2.963306
4425	1.210645
4426	1.133315
4427	-2.083191
4428	1.367385
4429	-2.288278
4430	-1.350498
4431	-2.344657
4432	-2.016497
4433	2.537270
4434	-2.269976
4435	-1.945206
4436	1.381838
4437	2.376773
4438	-1.306222
4439	0.618408
4440	-2.264967
4441	-1.468112
4442	0.351667
4443	-2.222068
4444	-1.234474
4445	0.285216
4446	-2.248819
4447	-2.245514
4448	3.476303
4449	-0.215490
4450	-2.666705
4451	-2.291460
4452	-1.867602
4453	1.277563
4454	-2.162402
4455	2.586711
4456	-2.376476
4457	0.556635
4458	1.147426
4459	2.932233
4460	-1.879324
4461	-2.072822
4462	-2.968915
4463	-2.015318
4464	-0.847869
4465	-2.172600
4466	-2.094083
4467	2.248695
4468	-2.334767
4469	-1.938365
4470	1.690482
4471	0.201397
4472	0.193154
4473	0.787521
4474	-1.544251
4475	-2.442113
4476	-2.039204
4477	1.576862
4478	-1.719911
4479	-2.029908
4480	0.452274
4481	-1.671155
4482	1.052962
4483	-1.890379
4484	-1.381844
4485	-1.496493
4486	0.797661
4487	-2.274791
4488	-1.236672
4489	-1.626019
4490	2.415832
4491	-0.628714
4492	-1.908899
4493	-2.331949
4494	-1.701216
4495	-1.259849
4496	-0.092476
4497	-1.920166
4498	-1.000331
4499	-1.601865
4500	-2.504054
4501	-1.757341
4502	-2.210828
4503	0.844573
4504	2.401299
4505	1.208939
4506	1.369278
4507	-1.375863
4508	1.361970
4509	-2.516497
4510	-1.882662
4511	-1.190246
4512	-1.360613
4513	-1.388020
4514	0.000353
4515	-1.331418
4516	-0.835412
4517	-1.126076
4518	-2.165104
4519	-2.163363
4520	0.983209
4521	-0.826188
4522	-2.435841
4523	2.010558
4524	0.611474
4525	-1.999016
4526	-1.792714
4527	-2.046385
4528	-2.076854
4529	3.020586
4530	-1.709261
4531	-1.389353
4532	-2.580881
4533	-1.662479
4534	-2.145375
4535	0.962203
4536	0.025814
4537	1.188282
4538	1.756252
4539	-2.131840
4540	-2.500094
4541	-2.102085
4542	1.203140
4543	0.630552
4544	-1.542380
4545	-1.646691
4546	1.098412
4547	-1.288242
4548	-2.099200
4549	1.084006
4550	-2.366126
4551	-1.088617
4552	2.328058
4553	-2.673816
4554	-2.796392
4555	-2.275291
4556	-2.217674
4557	0.267036
4558	0.535970
4559	-1.212760
4560	-0.706611
4561	-2.657660
4562	-2.304510
4563	2.263136
4564	-2.714702
4565	2.114478
4566	-1.182329
4567	-2.133414
4568	1.578782
4569	-2.223036
4570	0.820108
4571	-0.232741
4572	-2.976787
4573	0.370629
4574	-1.706394
4575	-2.482326
4576	1.696824
4577	3.565155
4578	-2.155745
4579	1.302910
4580	-1.975329
4581	0.222613
4582	0.677357
4583	-2.106784
4584	-1.852939
4585	-1.442294
4586	-1.344206
4587	-1.994857
4588	-2.296694
4589	-3.107255
4590	-0.937918
4591	-2.495914
4592	-1.791826
4593	-2.453719
4594	-1.368618
4595	2.376557
4596	-1.115604
4597	-1.751706
4598	0.066035
4599	-1.731759
4600	1.522801
4601	1.505247
4602	-1.020001
4603	-2.330481
4604	0.558643
4605	0.272981
4606	-2.577354
4607	-1.942821
4608	0.014884
4609	-2.408752
4610	2.327850
4611	1.614872
4612	1.691494
4613	0.666896
4614	-1.638594
4615	1.406425
4616	0.325017
4617	-0.642462
4618	0.260411
4619	-0.145201
4620	-1.755000
4621	1.679320
4622	-2.762934
4623	0.860140
4624	0.039913
4625	-2.342970
4626	1.872774
4627	-2.648437
4628	0.526235
4629	0.149388
4630	0.067948
4631	0.953057
4632	1.050107
4633	-1.747397
4634	-2.422921
4635	2.068272
4636	-2.105518
4637	-0.995638
4638	-1.615956
4639	1.914427
4640	-2.640761
4641	-1.849261
4642	-1.816718
4643	-2.078141
4644	0.330122
4645	0.330466
4646	-1.621047
4647	2.503457
4648	-2.296989
4649	0.593338
4650	-1.685666
4651	-2.528273
4652	-1.761682
4653	-1.622748
4654	-2.457161
4655	1.835226
4656	-1.832933
4657	-0.049497
4658	0.280311
4659	-0.331648
4660	-2.124747
4661	1.134017
4662	-1.928660
4663	-2.609901
4664	-1.513654
4665	-2.370434
4666	-1.275535
4667	-2.097058
4668	0.614840
4669	2.406529
4670	-0.111849
4671	0.871037
4672	1.314730
4673	-1.033976
4674	0.768371
4675	-1.917153
4676	-1.819177
4677	1.662276
4678	-2.397082
4679	-1.365705
4680	-1.916478
4681	-0.148280
4682	-1.785779
4683	0.005109
4684	0.879567
4685	-2.499168
4686	1.235209
4687	1.131077
4688	0.587960
4689	-2.165964
4690	-2.125747
4691	0.393135
4692	-1.330982
4693	0.684994
4694	-2.424724
4695	-1.585050
4696	-1.393687
4697	-1.996632
4698	-1.354781
4699	-2.620359
4700	-2.202555
4701	-2.093888
4702	-0.006966
4703	-1.620925
4704	3.057107
4705	-1.859951
4706	-1.280961
4707	-0.608376
4708	0.700556
4709	-2.370061
4710	-2.026262
4711	-1.307630
4712	-2.006956
4713	1.648266
4714	1.725867
4715	0.513971
4716	-2.866804
4717	-1.592754
4718	-1.645566
4719	-1.428431
4720	1.022183
4721	-2.254921
4722	-2.257064
4723	2.704994
4724	-2.686714
4725	2.286871
4726	-1.648248
4727	1.007921
4728	0.084734
4729	-2.718633
4730	-1.982977
4731	1.699172
4732	-1.508789
4733	-1.056673
4734	-0.862855
4735	-2.380080
4736	-1.842893
4737	-0.617338
4738	-1.800334
4739	-1.228190
4740	-2.224906
4741	-2.027362
4742	-2.163752
4743	0.693394
4744	1.873437
4745	-2.184805
4746	0.099150
4747	-0.319659
4748	2.123493
4749	1.370047
4750	-1.445262
4751	-1.045426
4752	-2.825010
4753	0.973618
4754	-1.731795
4755	-2.270120
4756	-2.702060
4757	-2.333023
4758	-1.660916
4759	-1.029408
4760	1.779074
4761	0.755464
4762	-1.713481
4763	1.534329
4764	-2.325125
4765	1.863880
4766	-1.225342
4767	0.316528
4768	0.351328
4769	-1.832675
4770	-2.551841
4771	-1.914130
4772	-0.737790
4773	1.222866
4774	-2.395126
4775	2.251989
4776	-1.726172
4777	2.610075
4778	1.276763
4779	-2.390212
4780	-3.009695
4781	0.399646
4782	-0.293061
4783	0.233577
4784	0.731761
4785	-2.930991
4786	1.258426
4787	-2.346067
4788	-2.002173
4789	-2.188092
4790	-1.338633
4791	0.601248
4792	-1.761918
4793	1.667628
4794	-1.881912
4795	-2.605653
4796	-0.825081
4797	-1.925823
4798	-1.850162
4799	2.057809
4800	-2.527467
4801	-1.958585
4802	-1.042645
4803	1.118942
4804	-2.306906
4805	-1.919664
4806	-1.826417
4807	2.384152
4808	-2.471689
4809	1.221550
4810	0.494369
4811	1.248074
4812	-1.154835
4813	1.643793
4814	-1.877816
4815	-2.709417
4816	-1.732782
4817	-1.904717
4818	-1.842702
4819	0.884602
4820	-2.518848
4821	3.195898
4822	1.623958
4823	-2.295153
4824	0.450129
4825	-2.230188
4826	-0.037793
4827	-2.362561
4828	0.577120
4829	2.296237
4830	-2.319184
4831	-2.394761
4832	1.156843
4833	1.302439
4834	-1.948799
4835	0.806906
4836	-1.386980
4837	1.549053
4838	-3.143645
4839	-1.453980
4840	-3.334324
4841	-2.031646
4842	-1.562250
4843	0.939143
4844	-0.153372
4845	-1.296948
4846	-1.783096
4847	-2.387271
4848	-2.374101
4849	2.614870
4850	-2.271802
4851	0.260717
4852	-2.032348
4853	-1.841510
4854	-2.223230
4855	1.396442
4856	1.631285
4857	2.000672
4858	-1.550326
4859	-2.194335
4860	-2.210865
4861	0.806913
4862	1.296398
4863	-2.152792
4864	-1.714134
4865	-1.638135
4866	-2.001460
4867	-0.008145
4868	-1.735156
4869	-1.708680
4870	0.174469
4871	2.273412
4872	-2.270837
4873	-1.846836
4874	-0.072725
4875	-1.813737
4876	2.432484
4877	-1.875247
4878	-2.620799
4879	-1.810779
4880	-0.470720
4881	-2.255733
4882	-1.920275
4883	0.874358
4884	-1.569477
4885	-2.062290
4886	-2.972200
4887	0.571498
4888	1.951166
4889	-1.528826
4890	-1.293691
4891	-1.563689
4892	-1.573500
4893	-0.865636
4894	-2.182136
4895	1.324428
4896	-2.089481
4897	-1.727337
4898	-1.850533
4899	-1.726451
4900	-2.815757
4901	1.719324
4902	-3.047640
4903	-2.147962
4904	-0.333711
4905	2.170714
4906	2.862622
4907	-1.747538
4908	-1.597529
4909	-3.042295
4910	1.589317
4911	-2.152166
4912	-0.264981
4913	1.152441
4914	0.030868
4915	-2.430636
4916	-2.652717
4917	0.637475
4918	-2.036402
4919	-2.252827
4920	-2.313749
4921	1.803067
4922	0.954205
4923	-2.046631
4924	0.348436
4925	-2.072596
4926	0.709392
4927	-3.277657
4928	-2.391217
4929	-2.344245
4930	-2.144177
4931	-2.421227
4932	0.094510
4933	-2.713710
4934	0.053566
4935	2.032808
4936	-2.395686
4937	-2.711313
4938	-1.899919
4939	-1.013621
4940	0.584317
4941	-1.902666
4942	-1.859699
4943	-2.262659
4944	-2.454704
4945	0.972218
4946	1.058767
4947	-1.530040
4948	-1.213961
4949	-1.894456
4950	-1.673508
4951	-0.621519
4952	-1.381581
4953	-1.083548
4954	-2.102205
4955	0.977532
4956	0.617818
4957	0.176910
4958	1.345861
4959	1.935666
4960	-1.968068
4961	-1.779029
4962	-2.250650
4963	0.443843
4964	-1.855516
4965	0.510539
4966	-2.315217
4967	-0.356518
4968	-0.593298
4969	-2.815742
4970	-2.255161
4971	3.496564
4972	-3.084048
4973	-2.255056
4974	-1.929584
4975	-1.573533
4976	-2.114381
4977	-1.761931
4978	-2.137376
4979	-1.857224
4980	-1.726476
4981	-0.139657
4982	0.191415
4983	-2.650181
4984	-2.295686
4985	-1.493205
4986	0.833303
4987	0.795137
4988	0.251784
4989	-2.109924
4990	-0.416735
4991	0.027906
4992	1.558672
4993	-2.278681
4994	-2.122072
4995	-0.380713
4996	-2.397452
4997	-2.264609
4998	-2.699747
4999	-2.336369
