0	1.174836
1	-1.841636
2	-2.110097
3	-1.576963
4	-2.496421
5	1.257273
6	-1.388133
7	-0.561506
8	-2.029282
9	1.340038
10	-1.332009
11	-2.103003
12	1.197494
13	2.211679
14	0.462646
15	-1.142463
16	0.956466
17	-2.042836
18	1.832300
19	-2.824721
20	-1.805881
21	-2.317761
22	-1.198449
23	-3.000957
24	-2.424357
25	-0.911110
26	-1.349894
27	-2.818372
28	0.697800
29	-2.752423
30	0.657173
31	-1.833641
32	0.196825
33	0.994258
34	-1.597564
35	1.699299
36	-2.772167
37	0.382695
38	-1.882197
39	-2.643746
40	-2.518030
41	-2.367615
42	-2.200899
43	-0.851458
44	-1.949028
45	1.338339
46	1.374393
47	-1.878960
48	-0.124353
49	0.145724
50	-2.091390
51	-2.287446
52	-0.466682
53	0.261612
54	0.181755
55	-1.675859
56	-2.156133
57	0.006340
58	-2.608467
59	0.480981
60	-1.559139
61	-2.154339
62	-1.551386
63	-2.273864
64	-2.448751
65	-1.427312
66	1.144133
67	-1.451210
68	-1.823077
69	-1.302933
70	-1.476028
71	-2.128952
72	-2.167666
73	2.954220
74	-2.582576
75	0.719673
76	-1.883420
77	-2.516726
78	-1.779770
79	-3.013298
80	0.917000
81	-1.988807
82	-2.796222
83	0.779756
84	-2.510765
85	-2.607847
86	-1.900378
87	-1.758721
88	-1.366858
89	1.847825
90	-2.544740
91	-0.649760
92	1.437841
93	-2.333725
94	2.807066
95	-0.989285
96	1.388182
97	-2.476632
98	-1.737134
99	2.002506
100	0.671883
101	-1.635696
102	-1.827388
103	2.532657
104	-1.586776
105	-2.191423
106	-2.465022
107	-2.554528
108	-2.347844
109	-2.120392
110	0.411907
111	-2.072918
112	-2.445072
113	0.791641
114	0.984192
115	-1.677920
116	1.266926
117	-2.190741
118	-0.856741
119	2.084294
120	0.405488
121	-1.254872
122	0.795829
123	-1.823514
124	-2.058651
125	-2.364182
126	-0.739221
127	2.330393
128	-1.345408
129	0.402588
130	-1.355165
131	0.594333
132	-1.943420
133	-1.725398
134	0.723648
135	-2.381519
136	2.006913
137	-2.108882
138	0.145524
139	2.067769
140	1.012299
141	0.960547
142	-2.001414
143	0.813507
144	-1.625966
145	0.721268
146	-2.785678
147	0.307981
148	-0.976676
149	-1.631254
150	1.705041
151	-1.900333
152	-2.587325
153	0.506313
154	-2.452463
155	-0.152322
156	0.741841
157	-2.079066
158	-1.371051
159	-1.799791
160	-1.800802
161	-2.070768
162	1.755680
163	-0.805351
164	-0.182054
165	-2.643537
166	-1.567108
167	0.246305
168	-2.595030
169	-0.080252
170	-2.155075
171	-0.250598
172	1.373733
173	1.376705
174	-1.713011
175	-1.699702
176	-1.669674
177	-0.177092
178	1.397806
179	1.407001
180	-1.954960
181	-1.408996
182	-2.278523
183	-1.674165
184	-1.791742
185	-2.495288
186	-1.850795
187	-1.781681
188	-0.061483
189	1.329094
190	-2.393157
191	0.366748
192	0.808586
193	-1.984433
194	-2.205044
195	-2.425554
196	-1.216215
197	0.108805
198	-0.535785
199	1.609966
200	-2.459461
201	-2.263903
202	-2.490432
203	2.183285
204	-1.424684
205	-1.725308
206	-2.094216
207	-2.335828
208	-1.488904
209	-1.365813
210	-1.800480
211	-2.120780
212	-2.966026
213	-2.575775
214	-2.203726
215	1.512581
216	-2.289737
217	-2.151147
218	-1.508748
219	1.157768
220	2.693009
221	-0.860528
222	-1.455638
223	-2.102146
224	0.477050
225	-2.204568
226	-1.838174
227	-0.651634
228	0.294259
229	-1.874044
230	-2.359996
231	-2.859388
232	-2.395984
233	-1.453553
234	-2.177805
235	2.365190
236	-1.054811
237	-2.214953
238	0.910583
239	1.667113
240	-1.837916
241	-2.254374
242	2.772053
243	-1.609254
244	-2.221596
245	0.076865
246	0.976852
247	-0.561779
248	-1.865374
249	2.090133
250	-1.898268
251	-1.555783
252	-1.863884
253	2.578507
254	-0.962511
255	-2.482989
256	-2.392344
257	-0.466979
258	-2.280094
259	2.005929
260	1.112147
261	-2.016293
262	-1.942712
263	-1.961567
264	1.278999
265	0.807775
266	1.241253
267	-1.934730
268	0.344959
269	-1.890140
270	-1.983519
271	-2.138737
272	-2.100539
273	-0.964392
274	-1.981762
275	-2.521811
276	-1.987665
277	-1.132438
278	0.806836
279	-1.379465
280	-1.407135
281	-0.128539
282	-1.559503
283	1.296248
284	-1.095369
285	-1.148544
286	-2.052177
287	0.197277
288	-1.449044
289	-2.302495
290	-2.379988
291	-1.901669
292	0.240918
293	0.201703
294	-1.522779
295	-1.416107
296	-1.419022
297	-2.962229
298	-2.151110
299	1.118464
300	1.221344
301	1.116700
302	0.715011
303	-2.573531
304	-2.383205
305	-1.985802
306	-2.439296
307	-2.046893
308	-2.888148
309	-2.001290
310	-1.408581
311	-1.895139
312	0.145533
313	-0.440623
314	-1.839528
315	-0.404769
316	1.630605
317	-2.242894
318	-2.169983
319	-0.289935
320	-1.527979
321	1.130208
322	2.143978
323	-2.522445
324	1.994961
325	-1.875813
326	0.590483
327	1.472235
328	0.999603
329	1.269340
330	-2.659169
331	1.618381
332	1.533513
333	-2.654340
334	-2.367842
335	-1.981209
336	-1.675165
337	0.778310
338	-1.999050
339	-2.223874
340	1.090816
341	-2.620680
342	2.205891
343	-1.553060
344	-1.964532
345	-1.675579
346	-1.580044
347	-1.720296
348	-2.262358
349	-0.015430
350	-1.409639
351	1.277209
352	-2.575632
353	-1.581889
354	-1.286344
355	1.892033
356	0.081129
357	-2.056290
358	1.977821
359	-2.365731
360	-2.062306
361	-2.410959
362	1.407655
363	-1.358777
364	-0.241705
365	0.491468
366	2.002470
367	-2.554967
368	-2.665201
369	-1.998562
370	-1.923509
371	-2.472705
372	2.260130
373	-2.712405
374	1.256087
375	-1.631824
376	2.480731
377	-2.375816
378	-1.107408
379	0.918665
380	-1.709006
381	2.024626
382	-2.242662
383	-1.474735
384	-2.367847
385	0.755193
386	0.213790
387	-0.017772
388	-1.930049
389	-1.685176
390	-1.737931
391	-2.069919
392	2.028746
393	-2.221169
394	-0.472371
395	-2.191788
396	1.137275
397	2.123270
398	-1.892393
399	-1.979354
400	-3.042583
401	-2.761870
402	-1.952965
403	-2.506782
404	0.885229
405	1.121132
406	-0.113148
407	-1.974385
408	-1.866344
409	-0.343659
410	-2.376204
411	-0.986158
412	2.675333
413	0.146782
414	0.150146
415	0.216021
416	-1.226888
417	0.394236
418	-1.601296
419	1.034963
420	-1.658631
421	-1.545757
422	-1.959924
423	-2.373508
424	1.310312
425	-1.385109
426	-3.151587
427	-1.951353
428	-1.872783
429	1.162945
430	2.121894
431	2.321339
432	-1.614855
433	-2.565720
434	-1.982282
435	-2.111938
436	-2.265138
437	-2.480573
438	-2.054714
439	-1.776924
440	0.088123
441	-2.497422
442	2.195576
443	-1.197501
444	1.532313
445	1.336682
446	1.705886
447	-1.141257
448	-1.645703
449	-1.882332
450	0.612489
451	-1.472989
452	-2.018932
453	3.501512
454	-2.647782
455	0.207123
456	-2.700973
457	0.436201
458	-2.485888
459	0.406931
460	0.969140
461	-2.105753
462	-1.857080
463	-2.661071
464	-1.714167
465	0.868710
466	3.287127
467	0.917395
468	-0.163632
469	0.951790
470	-2.208299
471	2.352327
472	-0.215851
473	-1.378080
474	-1.833645
475	0.502620
476	-1.810709
477	1.432707
478	-2.437198
479	-3.892426
480	1.825162
481	1.727378
482	-1.453654
483	-1.713323
484	-1.005041
485	-2.404216
486	-1.647200
487	0.776339
488	-1.787307
489	-1.374702
490	-1.595540
491	-2.501267
492	-2.300044
493	-1.992628
494	-1.854598
495	-1.708963
496	1.248436
497	1.210861
498	1.575058
499	1.077594
500	1.616380
501	-0.893304
502	1.652216
503	-2.601822
504	-1.767913
505	-1.705450
506	1.056997
507	1.407309
508	-2.651141
509	1.324476
510	-1.972131
511	-2.481205
512	0.812400
513	-1.695222
514	-1.549755
515	1.376312
516	-2.295296
517	1.616517
518	-2.127655
519	-1.992708
520	-1.878168
521	-0.299893
522	0.363307
523	1.142377
524	-1.636273
525	-2.687247
526	2.049691
527	0.465767
528	-1.510238
529	-1.919652
530	1.097369
531	-2.183571
532	-1.987883
533	0.121779
534	1.469697
535	1.593573
536	-3.004018
537	-2.288498
538	-1.990329
539	-2.457545
540	-2.199042
541	-1.452939
542	1.301354
543	-1.942311
544	1.684609
545	-2.340005
546	-1.578606
547	-1.673118
548	-1.549550
549	-2.515027
550	-3.308149
551	1.752257
552	3.610432
553	-1.900990
554	-1.821160
555	-1.544216
556	0.483099
557	-2.670382
558	-1.143792
559	2.700180
560	1.069001
561	-2.398225
562	-1.523067
563	0.501699
564	2.501099
565	-1.716902
566	1.312502
567	1.115888
568	0.267086
569	0.991694
570	0.893946
571	-2.212685
572	2.161806
573	-1.238620
574	-1.876979
575	-2.789595
576	-2.645070
577	0.887141
578	-1.357042
579	0.788466
580	-0.262929
581	1.697490
582	2.397297
583	0.337716
584	-2.083510
585	-2.179561
586	-1.815345
587	1.001945
588	1.384327
589	-2.563919
590	-2.231523
591	-1.877895
592	-0.896780
593	0.824193
594	1.767835
595	-2.165909
596	-2.254325
597	-1.931086
598	-2.035262
599	-2.001248
600	-1.802193
601	-0.264280
602	-1.430381
603	-1.790646
604	-1.971486
605	-0.802572
606	0.367578
607	-1.489948
608	-2.294660
609	-2.077108
610	2.488736
611	1.930949
612	-2.587809
613	1.868745
614	-2.201436
615	1.099569
616	1.683470
617	-1.779068
618	-1.901976
619	0.927406
620	-2.499589
621	-2.117742
622	-1.864831
623	1.073454
624	1.575174
625	0.246881
626	1.443225
627	0.300083
628	0.210895
629	-0.624691
630	-1.997482
631	1.894655
632	-1.368754
633	1.237771
634	-2.985710
635	-2.591252
636	0.777473
637	-1.442552
638	-2.211799
639	-2.101437
640	2.437662
641	-0.903817
642	-1.170218
643	1.283999
644	-1.712299
645	-1.923098
646	-2.594238
647	2.129810
648	-2.727084
649	0.120117
650	0.248707
651	-1.257256
652	-2.126879
653	-2.139716
654	1.133806
655	-1.805797
656	-1.855816
657	-2.444758
658	-1.933068
659	-1.945657
660	0.077233
661	-1.317247
662	1.474907
663	-2.164154
664	-1.431076
665	-2.630830
666	0.738175
667	-2.084102
668	-1.228180
669	-1.988931
670	-1.127259
671	-2.217931
672	-2.680425
673	-2.494050
674	-1.515593
675	-1.388546
676	0.417862
677	0.379881
678	-2.225905
679	-1.948292
680	2.577964
681	-1.461462
682	-2.039524
683	-2.139620
684	-3.241831
685	1.393631
686	-2.228718
687	0.244755
688	-1.633185
689	1.429609
690	0.819336
691	2.015347
692	-0.450299
693	-1.331343
694	0.668481
695	-1.877290
696	-2.006387
697	-1.793315
698	2.045843
699	-1.798145
700	-2.102576
701	-2.504763
702	-2.153724
703	-2.441324
704	-1.161180
705	-1.962004
706	-2.448189
707	-1.236955
708	-1.845168
709	-1.996720
710	-2.141617
711	-1.837363
712	-2.287807
713	-1.438847
714	0.008535
715	-1.199362
716	-1.207025
717	-1.669305
718	-0.194526
719	-2.672410
720	2.555373
721	0.537468
722	2.526172
723	-1.200471
724	-1.779001
725	2.016206
726	-2.464733
727	1.284165
728	1.650086
729	1.225379
730	-2.039030
731	-2.535546
732	1.337885
733	-1.880630
734	-1.683026
735	-1.513029
736	-2.436194
737	-0.406018
738	-2.177131
739	0.023377
740	-2.064051
741	-1.613100
742	-2.186204
743	-1.271725
744	-1.539664
745	0.402529
746	-1.419469
747	-1.303568
748	1.871308
749	1.287148
750	-2.296054
751	0.613579
752	0.016587
753	-2.244736
754	0.457596
755	1.239096
756	0.001229
757	1.579093
758	-0.300509
759	2.311868
760	1.281572
761	-1.955691
762	0.249037
763	-1.702668
764	1.697817
765	0.589878
766	-1.502387
767	-1.078927
768	-2.042000
769	2.937088
770	-2.174936
771	2.953550
772	-2.022266
773	1.027560
774	1.549888
775	-2.429714
776	2.129948
777	-2.445898
778	-1.916245
779	1.428996
780	0.494454
781	1.755644
782	-1.530636
783	-1.100024
784	-1.068589
785	1.991211
786	-2.298866
787	-2.067890
788	-1.926394
789	-2.667907
790	-2.857386
791	-1.368805
792	-1.747278
793	-2.558688
794	-1.952982
795	-1.765294
796	-2.460106
797	-2.687108
798	-2.023961
799	-2.075158
800	-2.387398
801	-2.453975
802	1.097174
803	2.748129
804	-2.377379
805	1.441955
806	-1.597757
807	0.692295
808	-1.575168
809	-2.945682
810	-2.725880
811	-1.903106
812	-2.059693
813	0.831115
814	-1.990002
815	-2.387514
816	2.543641
817	-2.308231
818	1.628828
819	-1.397692
820	-1.069388
821	-1.846412
822	-2.288495
823	-2.404251
824	-1.800045
825	2.622457
826	-2.408708
827	-0.491295
828	-1.801377
829	-1.916731
830	1.009312
831	-1.242037
832	-2.208463
833	-2.580111
834	1.544282
835	1.151611
836	1.746173
837	2.152993
838	-2.028413
839	2.226612
840	-1.982303
841	-1.515503
842	-1.163198
843	-1.909256
844	1.017784
845	-0.421911
846	-1.738186
847	-2.632652
848	-1.668232
849	-2.307000
850	-2.165889
851	-0.953915
852	-1.846690
853	1.563884
854	-0.858026
855	0.921763
856	0.721199
857	-1.807912
858	0.299323
859	-1.814267
860	1.240053
861	-2.089877
862	0.850106
863	1.330500
864	-0.546725
865	-1.951689
866	-0.560676
867	0.066036
868	-2.169179
869	0.162413
870	-2.003739
871	-2.711771
872	-1.213376
873	0.581914
874	-1.616332
875	0.660301
876	-2.011637
877	-1.870153
878	0.063692
879	-0.575914
880	0.859871
881	1.612166
882	1.949845
883	-1.911210
884	-1.710843
885	0.126748
886	-0.402524
887	-2.228374
888	0.577032
889	1.067770
890	-3.011182
891	-0.436905
892	-2.394642
893	-2.561591
894	-1.881425
895	-1.741920
896	-1.311407
897	-2.213035
898	-1.657755
899	1.119231
900	-1.552338
901	0.664372
902	-2.302071
903	0.392807
904	1.282684
905	1.209593
906	-2.135491
907	-2.437227
908	-2.472088
909	-1.854599
910	0.050000
911	-1.390603
912	-1.946108
913	-1.630366
914	-2.205372
915	-1.134943
916	-2.009514
917	1.430150
918	1.142636
919	-1.931737
920	-0.914107
921	-2.100453
922	-2.344150
923	-3.300190
924	0.053502
925	-2.531129
926	-0.598668
927	1.413723
928	-1.678930
929	-2.438555
930	-1.456948
931	-2.678324
932	-2.191627
933	0.347310
934	-1.746053
935	0.660429
936	-2.993231
937	1.590866
938	1.399812
939	-2.410446
940	-0.003975
941	-2.384014
942	-1.992855
943	-0.135772
944	-2.222715
945	1.996441
946	0.870192
947	-2.671960
948	1.163960
949	-2.600394
950	0.172476
951	-1.316740
952	-1.085219
953	2.901317
954	-1.852429
955	-2.332919
956	1.698354
957	-2.453135
958	-1.453726
959	1.141634
960	-1.862798
961	1.198972
962	0.009103
963	-2.056739
964	1.843961
965	-0.718042
966	-1.419473
967	-2.465305
968	-2.133941
969	-1.981101
970	-0.944972
971	1.876396
972	1.376807
973	2.907870
974	-0.173451
975	-2.195577
976	-2.636164
977	1.338304
978	-2.638787
979	-1.913818
980	-1.995083
981	-2.162989
982	-2.180339
983	-2.297659
984	-1.781122
985	-1.962557
986	-2.447030
987	-1.770309
988	1.631039
989	-1.470512
990	-2.457106
991	1.219797
992	1.408454
993	1.429598
994	-3.061428
995	0.379966
996	2.208562
997	0.727091
998	-2.033084
999	-2.888340
1000	-2.690983
1001	-2.187909
1002	-0.923284
1003	-2.271347
1004	-2.101931
1005	-0.593538
1006	-1.967362
1007	1.696464
1008	-2.094374
1009	2.034069
1010	-1.076730
1011	-1.996255
1012	0.404956
1013	-0.418120
1014	-2.383280
1015	0.517488
1016	-1.353840
1017	1.709643
1018	2.130990
1019	3.079108
1020	-2.829349
1021	-2.024096
1022	-1.338140
1023	-2.319485
1024	-2.056523
1025	0.386707
1026	-1.776433
1027	0.101804
1028	0.628472
1029	2.134659
1030	0.021589
1031	-2.335501
1032	0.675755
1033	-1.229695
1034	2.509866
1035	0.082989
1036	1.885601
1037	2.323970
1038	-2.233699
1039	-2.868122
1040	-1.845809
1041	-2.271198
1042	-2.227387
1043	-1.898046
1044	-2.022364
1045	1.911183
1046	-2.766913
1047	0.513507
1048	0.973783
1049	0.921927
1050	-2.210044
1051	-2.208148
1052	-2.209129
1053	-2.151960
1054	-2.606184
1055	0.428658
1056	0.168240
1057	-2.658226
1058	0.644420
1059	-2.160671
1060	1.242751
1061	-2.653488
1062	-0.572376
1063	-2.091666
1064	-2.520379
1065	1.654139
1066	0.328909
1067	-2.438066
1068	-1.555358
1069	-1.736982
1070	-2.386328
1071	-2.451173
1072	-2.255878
1073	-1.943651
1074	1.217434
1075	-0.378990
1076	2.507824
1077	-2.158281
1078	-2.001148
1079	-2.562586
1080	-1.987896
1081	-2.721023
1082	-1.946262
1083	-1.908503
1084	1.196523
1085	-2.191058
1086	3.133257
1087	-1.843333
1088	-1.972622
1089	-1.960077
1090	-2.128088
1091	-2.062777
1092	-1.722927
1093	1.683307
1094	-2.197152
1095	-1.608607
1096	-1.881499
1097	-1.336282
1098	-1.648409
1099	-1.241868
1100	2.424702
1101	-1.969258
1102	-2.710598
1103	-1.608020
1104	-1.378131
1105	-1.329658
1106	-2.351463
1107	-1.535126
1108	-0.252747
1109	-1.876268
1110	-1.796301
1111	1.629079
1112	-2.009080
1113	2.043582
1114	0.977499
1115	-1.055670
1116	-2.346455
1117	0.543635
1118	-1.714388
1119	-1.409292
1120	0.711701
1121	-1.341778
1122	-2.563477
1123	-0.798928
1124	-1.308855
1125	-2.157955
1126	0.435503
1127	0.745325
1128	-2.381320
1129	-1.306822
1130	-1.300992
1131	-1.815858
1132	-1.530080
1133	-1.905921
1134	-1.522606
1135	-1.812206
1136	-2.730464
1137	-2.540881
1138	0.592428
1139	0.676737
1140	-2.122913
1141	1.310989
1142	0.566154
1143	-2.298168
1144	1.516053
1145	1.569118
1146	-1.902205
1147	-1.369629
1148	-1.940183
1149	-2.194909
1150	1.449129
1151	1.494115
1152	-0.985239
1153	-1.902430
1154	-1.853264
1155	-1.685723
1156	-2.562840
1157	-1.726806
1158	-2.455009
1159	0.211727
1160	-2.459877
1161	0.244151
1162	-2.182370
1163	-2.214991
1164	-2.396134
1165	1.006634
1166	-1.629449
1167	1.164580
1168	0.731701
1169	1.686740
1170	-1.819405
1171	-1.351088
1172	-2.196340
1173	-1.431087
1174	-1.952188
1175	-2.496452
1176	0.026896
1177	-1.243368
1178	-0.259721
1179	-2.300506
1180	0.670517
1181	-1.555734
1182	-2.443084
1183	-2.930435
1184	0.906211
1185	-2.230710
1186	-1.787012
1187	-1.862415
1188	1.109785
1189	1.122507
1190	-2.402458
1191	0.503532
1192	1.895588
1193	-0.016844
1194	-1.897529
1195	-1.119165
1196	-1.507838
1197	0.331484
1198	1.299596
1199	0.986660
1200	-1.610084
1201	-0.723116
1202	-1.614962
1203	0.547860
1204	-1.436562
1205	-1.891059
1206	-1.737543
1207	0.939452
1208	-2.178530
1209	1.757080
1210	-0.751016
1211	0.648730
1212	-1.901489
1213	1.581725
1214	-1.216773
1215	-1.573752
1216	-2.367453
1217	-1.803311
1218	0.607151
1219	0.419563
1220	-0.760549
1221	1.547595
1222	-2.139944
1223	-2.087294
1224	-1.711644
1225	2.792856
1226	-1.883351
1227	0.727768
1228	3.115644
1229	-0.187877
1230	-1.528361
1231	2.795444
1232	-1.676809
1233	-0.096038
1234	-1.300207
1235	-1.796017
1236	-0.654688
1237	-1.601556
1238	-2.709025
1239	-0.159257
1240	-2.339359
1241	2.357008
1242	-2.640296
1243	-1.295033
1244	-2.287743
1245	-2.324573
1246	-0.787399
1247	2.435929
1248	-1.756774
1249	-1.816531
1250	1.474903
1251	0.974738
1252	-1.391601
1253	1.222560
1254	-3.339078
1255	-0.910372
1256	3.152076
1257	-1.645149
1258	1.376120
1259	-2.429711
1260	-2.168406
1261	-2.505939
1262	0.383520
1263	-2.666902
1264	1.815288
1265	-0.069664
1266	-1.078057
1267	1.463933
1268	-2.344318
1269	1.323808
1270	-1.507892
1271	-2.832565
1272	0.849837
1273	1.635309
1274	-2.289574
1275	-2.468942
1276	-2.475358
1277	-2.698331
1278	0.236238
1279	-1.549758
1280	1.456673
1281	-2.248378
1282	-2.479360
1283	-2.734290
1284	1.417536
1285	1.104048
1286	0.425753
1287	1.144747
1288	-1.095601
1289	2.569046
1290	1.617257
1291	-1.381151
1292	2.233027
1293	-2.837620
1294	1.898403
1295	-2.075612
1296	-1.341427
1297	1.134209
1298	1.184708
1299	-1.904471
1300	-1.797964
1301	1.691899
1302	-2.395254
1303	-1.504482
1304	2.013292
1305	-1.444371
1306	2.479808
1307	0.875019
1308	0.207008
1309	-2.073854
1310	-0.226047
1311	2.833041
1312	-2.050397
1313	-0.546538
1314	0.977914
1315	-2.259514
1316	-3.083937
1317	0.507193
1318	-2.040919
1319	-2.195393
1320	-1.645100
1321	-1.623635
1322	0.656645
1323	-2.225314
1324	-1.174019
1325	-1.857733
1326	-1.490333
1327	-2.263803
1328	0.744924
1329	-2.487359
1330	-1.022729
1331	-1.898950
1332	-1.729761
1333	0.402336
1334	-0.009898
1335	0.377413
1336	0.617250
1337	-1.767603
1338	-0.724561
1339	0.078065
1340	0.741131
1341	1.168119
1342	-1.498942
1343	-1.795903
1344	-2.029703
1345	-1.907359
1346	-2.245280
1347	-2.095252
1348	-2.021872
1349	-1.537511
1350	-1.731691
1351	0.514786
1352	-2.278055
1353	1.243389
1354	-1.744291
1355	-1.903103
1356	-1.447165
1357	-2.314322
1358	1.578051
1359	0.088198
1360	-1.163118
1361	0.770458
1362	-2.881054
1363	-2.174187
1364	0.897980
1365	-2.226264
1366	-2.125706
1367	1.337673
1368	-1.695291
1369	-2.089871
1370	-0.289704
1371	1.882985
1372	1.447547
1373	-1.949601
1374	-0.127189
1375	-2.175637
1376	-1.877052
1377	1.239187
1378	1.867267
1379	-2.102447
1380	-1.365575
1381	-1.609215
1382	0.596848
1383	-1.911766
1384	-3.081673
1385	1.413344
1386	-1.568341
1387	-1.846834
1388	-2.114409
1389	-2.312956
1390	-3.268674
1391	-1.668749
1392	1.010560
1393	1.781014
1394	-1.017345
1395	1.292366
1396	-1.782062
1397	0.043440
1398	-1.816156
1399	-2.098414
1400	-2.256506
1401	-0.269308
1402	-2.086420
1403	-2.632395
1404	1.841917
1405	-0.419690
1406	0.626445
1407	-1.942694
1408	0.409642
1409	-2.005413
1410	-3.246415
1411	-0.667337
1412	-1.314391
1413	-2.162056
1414	-0.795955
1415	-2.046595
1416	-1.585753
1417	-2.102500
1418	-2.393652
1419	-2.130560
1420	-2.466661
1421	0.632352
1422	-2.761201
1423	-1.844866
1424	-2.178549
1425	-0.417661
1426	-1.583540
1427	-2.228117
1428	-1.394242
1429	-1.871847
1430	-1.901918
1431	1.064453
1432	0.614029
1433	-0.594222
1434	-2.818121
1435	1.707414
1436	-4.049251
1437	0.189959
1438	-1.857366
1439	-2.312601
1440	-2.514315
1441	1.248177
1442	0.555278
1443	-2.806013
1444	-1.697737
1445	-2.008709
1446	-1.217454
1447	-2.336169
1448	0.237475
1449	-2.626692
1450	-2.689919
1451	-0.486739
1452	-1.917314
1453	3.004482
1454	0.440846
1455	-0.676177
1456	-2.527738
1457	1.362074
1458	-2.353695
1459	-2.277918
1460	2.924198
1461	-1.190758
1462	-1.478887
1463	1.595057
1464	-2.471969
1465	-1.640331
1466	-1.800296
1467	1.838004
1468	-1.599219
1469	2.929560
1470	-1.883090
1471	-0.672027
1472	-1.465784
1473	0.700200
1474	-2.397254
1475	-2.232374
1476	-2.308633
1477	3.508513
1478	-1.793509
1479	-3.117534
1480	-1.655726
1481	-1.160625
1482	-1.778682
1483	-1.833486
1484	-0.195567
1485	-2.750509
1486	-1.761608
1487	-1.811771
1488	1.224323
1489	-0.510148
1490	-2.007625
1491	0.289032
1492	2.328045
1493	-1.597177
1494	-1.602711
1495	2.090480
1496	-2.365523
1497	-1.412156
1498	-2.183835
1499	-2.185985
1500	-0.273385
1501	2.425161
1502	-0.309326
1503	1.049426
1504	-2.210174
1505	2.371457
1506	-2.493168
1507	1.657783
1508	-1.433960
1509	2.263568
1510	-1.124823
1511	-0.637156
1512	-1.526539
1513	-1.761987
1514	-0.817324
1515	-1.168045
1516	1.567322
1517	-2.214762
1518	-1.777636
1519	-2.112514
1520	-2.174658
1521	-0.987762
1522	-2.062956
1523	-0.691088
1524	2.076742
1525	1.623061
1526	-0.387188
1527	1.323324
1528	-1.780397
1529	-2.083168
1530	0.959616
1531	2.756320
1532	-1.605671
1533	-2.344862
1534	-1.526740
1535	-0.019378
1536	-1.279680
1537	-2.157380
1538	1.758763
1539	-1.680624
1540	-2.315938
1541	1.446876
1542	-3.101215
1543	-2.547806
1544	-2.261138
1545	-2.586497
1546	1.463662
1547	-1.886537
1548	1.358728
1549	-2.542660
1550	-1.580283
1551	-2.011518
1552	-2.145908
1553	-1.577437
1554	-2.026376
1555	-2.229706
1556	-1.952566
1557	-0.376007
1558	0.337880
1559	-1.702294
1560	-0.701081
1561	-2.327689
1562	-2.421423
1563	-0.344114
1564	-2.437857
1565	-0.935410
1566	-2.142078
1567	-2.051123
1568	0.805041
1569	-2.186839
1570	1.230082
1571	2.733536
1572	-1.162486
1573	2.554122
1574	-2.149141
1575	-1.987652
1576	-0.819346
1577	0.517438
1578	-0.438941
1579	2.496394
1580	-2.004473
1581	1.505720
1582	-1.611517
1583	0.871135
1584	-1.949150
1585	-1.881057
1586	1.812615
1587	-1.618360
1588	1.167412
1589	1.767652
1590	-2.378081
1591	-2.023964
1592	-1.707670
1593	-2.194137
1594	0.526742
1595	0.973315
1596	-2.711836
1597	-1.659099
1598	-1.580427
1599	1.683197
1600	1.362745
1601	-1.556853
1602	0.809905
1603	-1.968069
1604	-1.717011
1605	-2.603593
1606	1.122404
1607	2.258078
1608	1.913888
1609	-1.621186
1610	0.099012
1611	-2.124046
1612	-2.439125
1613	0.861469
1614	-2.193692
1615	0.845682
1616	-1.208526
1617	0.622647
1618	0.822259
1619	-3.057376
1620	-1.272774
1621	0.495090
1622	1.278411
1623	-2.529159
1624	-2.526959
1625	-2.274285
1626	0.712239
1627	1.559366
1628	-2.697682
1629	-1.268485
1630	2.384595
1631	-1.457547
1632	-1.856781
1633	-0.398313
1634	-0.969178
1635	1.493781
1636	1.074515
1637	-2.178594
1638	-2.067538
1639	-1.541849
1640	-2.174188
1641	-2.484719
1642	3.285815
1643	2.423548
1644	-2.138378
1645	-2.479680
1646	-1.608659
1647	-1.847212
1648	-1.723940
1649	-1.525279
1650	1.547357
1651	-1.512214
1652	-2.936210
1653	-1.311653
1654	1.561011
1655	-0.700231
1656	-1.978875
1657	-1.795979
1658	1.691177
1659	-2.385803
1660	-0.027104
1661	-2.066931
1662	-2.965533
1663	0.741959
1664	1.168600
1665	-0.315831
1666	-2.428344
1667	-2.266374
1668	-2.199751
1669	-2.509972
1670	-1.187382
1671	0.064979
1672	2.383868
1673	-1.571281
1674	-2.261936
1675	1.968496
1676	2.362829
1677	-1.701143
1678	1.629841
1679	-1.717775
1680	-1.732575
1681	-2.435580
1682	-3.212641
1683	1.125115
1684	-0.335213
1685	1.164755
1686	-2.614873
1687	1.561040
1688	-2.301894
1689	-2.146652
1690	1.895284
1691	1.174617
1692	-1.959800
1693	-1.805109
1694	-1.030427
1695	0.723260
1696	-1.672138
1697	-2.206089
1698	-2.152500
1699	-1.661981
1700	1.539771
1701	1.624588
1702	-0.864857
1703	-1.214605
1704	-0.426534
1705	-2.575322
1706	-2.458932
1707	1.895591
1708	-1.920986
1709	-2.167882
1710	-1.394285
1711	-1.485499
1712	-2.174903
1713	-2.001732
1714	1.134110
1715	-1.235385
1716	-2.669202
1717	-2.101059
1718	-1.836546
1719	0.375300
1720	-2.822299
1721	1.898933
1722	0.374261
1723	-1.267412
1724	-1.369685
1725	-2.488820
1726	-3.320035
1727	-1.980502
1728	-2.539448
1729	0.841562
1730	1.491717
1731	1.803572
1732	-2.666773
1733	0.825134
1734	2.029020
1735	-2.272390
1736	-0.665066
1737	1.693341
1738	0.225377
1739	-2.782536
1740	-2.582560
1741	1.998941
1742	-1.561214
1743	0.294682
1744	0.935494
1745	-0.239454
1746	-1.905752
1747	-2.742214
1748	-1.374496
1749	2.611869
1750	1.093543
1751	-2.108427
1752	-1.618243
1753	-1.844904
1754	-1.239455
1755	2.105726
1756	0.074137
1757	0.079403
1758	-2.776893
1759	-2.496298
1760	-1.584954
1761	-0.741247
1762	-1.294884
1763	-0.296216
1764	-2.996430
1765	-0.797292
1766	0.734997
1767	2.574801
1768	-1.440784
1769	-1.754239
1770	0.140122
1771	0.997322
1772	-1.246100
1773	2.397957
1774	-1.917358
1775	-2.121557
1776	-1.884087
1777	-0.051073
1778	1.038530
1779	0.443478
1780	-2.353062
1781	1.242396
1782	-0.830662
1783	-2.443259
1784	0.951940
1785	-0.572357
1786	1.485159
1787	0.283885
1788	-2.988534
1789	-0.411683
1790	1.709057
1791	-1.467791
1792	-1.442842
1793	-1.981998
1794	-1.861329
1795	2.277122
1796	1.739328
1797	-1.500910
1798	-1.425085
1799	0.109847
1800	-1.319122
1801	-1.050067
1802	-1.762006
1803	-1.146263
1804	1.343852
1805	0.728284
1806	-1.897941
1807	0.649117
1808	-2.207888
1809	-1.556396
1810	0.794209
1811	-1.945168
1812	-1.938599
1813	1.728930
1814	1.490653
1815	0.068299
1816	-2.151801
1817	-2.767602
1818	0.760556
1819	0.887054
1820	-1.421574
1821	-1.746652
1822	-2.837332
1823	1.877461
1824	2.629070
1825	1.857387
1826	0.648227
1827	2.169754
1828	0.956191
1829	-1.579912
1830	-2.154316
1831	-2.246527
1832	-2.285716
1833	-2.399813
1834	-1.556628
1835	-1.938056
1836	0.295524
1837	-2.566587
1838	-2.031889
1839	-1.730681
1840	1.622302
1841	1.085083
1842	1.363276
1843	-0.361826
1844	-2.146706
1845	-1.414041
1846	-1.761603
1847	-1.892598
1848	-1.874188
1849	-2.253810
1850	-2.299770
1851	1.937527
1852	0.582452
1853	-2.167198
1854	-1.658574
1855	1.072101
1856	-2.090838
1857	-1.386703
1858	-1.410373
1859	-2.364184
1860	2.513276
1861	0.994030
1862	-1.960637
1863	-1.435480
1864	2.337010
1865	-2.208629
1866	-2.477498
1867	-2.074119
1868	-2.186306
1869	2.686159
1870	-1.592016
1871	-2.566500
1872	-1.520228
1873	-1.968267
1874	-2.699634
1875	-2.558555
1876	-1.907075
1877	-1.581058
1878	-2.722571
1879	-2.088640
1880	0.754444
1881	-1.930914
1882	-1.088873
1883	1.531773
1884	-2.586049
1885	1.770142
1886	-2.149400
1887	-0.924143
1888	-2.721184
1889	-1.753392
1890	0.303249
1891	-2.360200
1892	0.265699
1893	-2.329486
1894	-2.282404
1895	-2.058844
1896	-1.368868
1897	-1.811891
1898	-2.533957
1899	1.938685
1900	-1.924188
1901	-0.998113
1902	-0.194824
1903	2.527648
1904	1.060404
1905	-2.095054
1906	-2.039429
1907	-2.826394
1908	-2.223832
1909	0.191553
1910	-1.798057
1911	-2.137531
1912	-2.445813
1913	0.458723
1914	-2.208029
1915	-1.875570
1916	-1.719939
1917	-1.632468
1918	0.551826
1919	-1.282097
1920	0.909311
1921	2.316709
1922	-2.261148
1923	0.932869
1924	-1.965207
1925	-2.584406
1926	-1.412784
1927	-1.769873
1928	-1.353686
1929	-2.948561
1930	-1.643059
1931	-1.929436
1932	-2.126785
1933	-2.629865
1934	-2.030615
1935	0.446847
1936	-3.183876
1937	-2.027904
1938	-0.700601
1939	-0.122605
1940	-1.446431
1941	-1.637996
1942	-1.159440
1943	-2.415536
1944	-0.983777
1945	-2.567755
1946	-2.478375
1947	-3.295688
1948	1.163972
1949	-1.409810
1950	-2.648338
1951	-1.952614
1952	-1.778843
1953	0.398411
1954	0.757925
1955	2.396165
1956	-1.807621
1957	1.211632
1958	-2.037888
1959	0.018153
1960	-1.646203
1961	1.914115
1962	-2.163235
1963	1.826263
1964	-2.009382
1965	-2.635693
1966	-1.868380
1967	-2.413548
1968	1.872430
1969	-2.986355
1970	-1.405089
1971	-2.744211
1972	-2.477341
1973	-0.168215
1974	1.415201
1975	-1.156512
1976	2.568819
1977	-1.512553
1978	-2.027490
1979	-2.430195
1980	-1.798429
1981	-1.466030
1982	-2.093785
1983	-1.761213
1984	-1.750975
1985	-2.570445
1986	-2.116242
1987	-2.449739
1988	0.803386
1989	-1.974573
1990	1.658419
1991	-0.219833
1992	-1.778280
1993	-2.500709
1994	0.657172
1995	-1.317783
1996	-2.450650
1997	1.811764
1998	0.094242
1999	2.027731
2000	-1.665726
2001	0.273207
2002	0.329995
2003	0.318365
2004	-2.154120
2005	1.899761
2006	-1.056931
2007	0.751234
2008	-1.343663
2009	2.258000
2010	-0.813970
2011	1.227598
2012	-2.666225
2013	-1.050780
2014	-1.108444
2015	-2.082497
2016	-1.855070
2017	-2.029283
2018	0.579267
2019	-2.314638
2020	-2.305178
2021	-0.909287
2022	-0.126443
2023	-2.143704
2024	-1.780688
2025	0.783425
2026	-2.002199
2027	-2.343077
2028	-1.617314
2029	0.724359
2030	-1.670411
2031	2.507748
2032	-2.242677
2033	2.133754
2034	-3.364862
2035	0.524874
2036	-2.108542
2037	1.707119
2038	1.811400
2039	0.753499
2040	1.232689
2041	-1.585683
2042	-2.175789
2043	-2.120870
2044	-1.945419
2045	1.578600
2046	2.564983
2047	0.760958
2048	-0.989116
2049	-1.513211
2050	-1.728544
2051	2.198935
2052	0.041283
2053	1.458257
2054	-1.995869
2055	-2.933094
2056	-2.319091
2057	-1.984712
2058	-1.857930
2059	-0.073480
2060	-2.238036
2061	1.584963
2062	1.093645
2063	-3.232161
2064	-1.607601
2065	-2.607791
2066	0.563656
2067	-1.332436
2068	2.394112
2069	0.801141
2070	2.260560
2071	-2.823452
2072	-2.447512
2073	-2.072341
2074	-2.746209
2075	0.613609
2076	1.791891
2077	1.458776
2078	-2.773059
2079	-1.979102
2080	-2.171636
2081	-1.650110
2082	1.345583
2083	2.639566
2084	-2.514458
2085	-2.100691
2086	-1.792960
2087	-2.005883
2088	-2.586882
2089	1.612470
2090	-1.629699
2091	-1.901854
2092	-1.562165
2093	-1.823196
2094	-2.016949
2095	-2.372551
2096	-1.262432
2097	0.716447
2098	0.220321
2099	-1.884695
2100	-0.026789
2101	-1.560885
2102	-3.155767
2103	-2.045711
2104	0.221251
2105	-1.971940
2106	-2.123145
2107	-1.825136
2108	4.779397
2109	-2.222278
2110	-1.520882
2111	-2.661669
2112	-1.462006
2113	-2.407772
2114	-2.000300
2115	-2.423328
2116	-2.004737
2117	1.267011
2118	-2.926846
2119	-0.663301
2120	0.533536
2121	-1.122245
2122	0.840297
2123	0.404421
2124	1.993370
2125	-1.425301
2126	-1.630317
2127	-1.560911
2128	1.287656
2129	2.137325
2130	1.697710
2131	-1.727020
2132	-0.618041
2133	1.079959
2134	-2.151694
2135	-0.949839
2136	-2.511843
2137	-2.442523
2138	-3.604010
2139	-1.904803
2140	-1.168383
2141	-2.297389
2142	-2.015603
2143	1.735588
2144	1.562470
2145	-2.309856
2146	-2.585579
2147	0.761795
2148	-1.996384
2149	-2.156121
2150	-2.007396
2151	-2.281114
2152	-3.331731
2153	-2.308587
2154	-2.152205
2155	0.145045
2156	0.774252
2157	-1.097654
2158	-2.372628
2159	-2.631838
2160	-2.303972
2161	-2.378194
2162	-2.155451
2163	-2.224225
2164	3.552559
2165	-2.092423
2166	0.928137
2167	1.330617
2168	2.114967
2169	-1.825274
2170	-1.880992
2171	0.136323
2172	-2.315582
2173	-1.659217
2174	-2.286684
2175	2.136979
2176	-0.067126
2177	-2.488950
2178	-2.233292
2179	1.085945
2180	-2.398710
2181	-2.108617
2182	-1.284222
2183	-2.485832
2184	-2.193412
2185	-1.452731
2186	1.187707
2187	-2.950498
2188	-1.573825
2189	-2.804720
2190	-1.504731
2191	0.299431
2192	-1.849272
2193	-0.289959
2194	-0.928533
2195	1.699198
2196	-1.274342
2197	-2.637149
2198	-1.548904
2199	-1.774427
2200	-1.939890
2201	-1.110924
2202	-3.089016
2203	-2.428213
2204	-2.191724
2205	-0.974522
2206	-2.404410
2207	-1.859756
2208	-1.836809
2209	-1.708961
2210	-1.762631
2211	-2.845758
2212	-3.058518
2213	2.526090
2214	-2.553973
2215	-2.124945
2216	-2.267195
2217	-3.125341
2218	-2.537762
2219	0.907428
2220	0.555420
2221	-1.488329
2222	0.341064
2223	2.043470
2224	-1.982885
2225	-2.519357
2226	0.087099
2227	2.400533
2228	-1.270692
2229	0.648759
2230	-1.160967
2231	-2.530337
2232	-1.786422
2233	-2.103020
2234	2.075832
2235	0.751667
2236	-2.078409
2237	0.439267
2238	-1.939698
2239	-1.938604
2240	-1.646731
2241	-2.219502
2242	-2.249678
2243	-1.803220
2244	-1.603029
2245	-1.353623
2246	-1.254740
2247	-1.084317
2248	-0.194774
2249	-2.518293
2250	-2.108334
2251	0.945355
2252	0.706301
2253	-1.939950
2254	1.982824
2255	-1.972655
2256	-2.759302
2257	-1.707605
2258	-2.080699
2259	-1.952604
2260	-1.951571
2261	-2.088873
2262	-1.846675
2263	-2.247731
2264	-2.170196
2265	-2.255871
2266	-1.887025
2267	-0.949981
2268	-2.349838
2269	-2.157044
2270	1.670841
2271	-1.571700
2272	-2.096553
2273	-1.744511
2274	-2.953777
2275	1.245017
2276	-1.990153
2277	1.432311
2278	-2.287656
2279	-1.732932
2280	-2.410302
2281	1.843392
2282	-1.910361
2283	-1.957777
2284	0.557951
2285	2.689647
2286	-2.972651
2287	-1.396814
2288	-1.775386
2289	-2.437097
2290	-2.471817
2291	2.311999
2292	-1.556368
2293	-1.661371
2294	-1.483252
2295	2.353983
2296	-2.158130
2297	-1.686750
2298	-1.218392
2299	-1.925619
2300	1.534507
2301	0.746903
2302	-1.432132
2303	1.621834
2304	-1.692318
2305	2.524363
2306	0.972945
2307	-1.710783
2308	-0.841598
2309	-1.832239
2310	1.623211
2311	-1.234156
2312	-2.680830
2313	-2.322467
2314	-1.624286
2315	-1.325979
2316	-1.298090
2317	-2.833967
2318	-2.052645
2319	-1.831633
2320	1.664347
2321	-1.992835
2322	0.309106
2323	-2.112780
2324	-1.814144
2325	-2.515622
2326	-2.056119
2327	-1.843890
2328	-2.024309
2329	1.264392
2330	0.827205
2331	-1.646767
2332	-2.089868
2333	-2.455905
2334	0.497484
2335	-1.227522
2336	-1.574683
2337	0.565217
2338	-1.787160
2339	-1.538136
2340	-2.929804
2341	1.195575
2342	-1.430864
2343	0.986556
2344	-1.890177
2345	0.757767
2346	-2.170812
2347	-1.628809
2348	1.329704
2349	-0.554738
2350	-2.193505
2351	0.868715
2352	-2.190433
2353	-1.571900
2354	1.966359
2355	-1.632256
2356	-2.199983
2357	2.161927
2358	-1.904296
2359	0.734719
2360	1.306045
2361	-2.122791
2362	-0.093134
2363	-1.103094
2364	0.481935
2365	1.038831
2366	-0.380564
2367	-2.230064
2368	2.117985
2369	-2.039694
2370	-1.706213
2371	-0.800124
2372	-1.916383
2373	-2.218784
2374	-2.225773
2375	-2.371381
2376	-1.560779
2377	1.272159
2378	-1.069214
2379	-2.094339
2380	-1.578955
2381	0.979379
2382	-1.884617
2383	-1.827908
2384	0.180848
2385	-0.088713
2386	1.089610
2387	3.398477
2388	-2.702969
2389	-2.069426
2390	-0.100567
2391	-1.810544
2392	1.778057
2393	-1.442468
2394	1.407184
2395	-2.936742
2396	1.264817
2397	1.297508
2398	1.176906
2399	1.507518
2400	-1.911282
2401	-2.062057
2402	-2.607800
2403	2.192937
2404	0.935209
2405	-3.148370
2406	0.465735
2407	-2.018719
2408	-1.627332
2409	2.057971
2410	0.246612
2411	1.733286
2412	-1.169626
2413	-2.204084
2414	-0.071658
2415	0.197828
2416	-1.929224
2417	-2.274587
2418	0.979689
2419	0.758905
2420	0.568828
2421	0.097546
2422	2.017239
2423	-2.043785
2424	-1.523780
2425	-1.671147
2426	-2.213261
2427	-2.424486
2428	-1.788496
2429	-1.616331
2430	-2.723613
2431	1.270417
2432	-0.096745
2433	1.541893
2434	-1.960630
2435	-2.034535
2436	-2.061986
2437	-2.069549
2438	-2.598984
2439	-1.740768
2440	-2.084863
2441	-2.436724
2442	-2.083986
2443	-1.869968
2444	0.515362
2445	1.399483
2446	0.096885
2447	-1.222194
2448	-2.840630
2449	-1.934506
2450	-1.981340
2451	1.927477
2452	-0.695738
2453	-2.655745
2454	-1.418934
2455	-0.796036
2456	-0.637241
2457	-1.876399
2458	-0.086938
2459	-0.221433
2460	-1.992601
2461	1.369009
2462	-1.461955
2463	-2.734391
2464	-1.289362
2465	-1.763208
2466	-1.057758
2467	1.782262
2468	1.976498
2469	-2.027018
2470	-0.036265
2471	-1.923694
2472	-2.435288
2473	0.776115
2474	-2.030743
2475	-1.862199
2476	-2.196523
2477	-2.109070
2478	-2.146894
2479	-0.444978
2480	-1.343829
2481	-0.085631
2482	-2.438907
2483	0.001087
2484	-3.544297
2485	1.017458
2486	-1.871512
2487	0.685268
2488	-1.498491
2489	-1.833095
2490	-2.132579
2491	-1.691073
2492	-2.270305
2493	0.391002
2494	-0.403544
2495	1.805751
2496	1.449904
2497	-1.781657
2498	-0.829393
2499	-1.234846
2500	0.154176
2501	-1.616319
2502	-0.181633
2503	1.402825
2504	-2.012755
2505	-1.313043
2506	1.430721
2507	1.699120
2508	-2.301509
2509	-0.590765
2510	-2.304588
2511	-1.886354
2512	-1.622631
2513	-1.347645
2514	-2.294974
2515	-2.473985
2516	-2.569409
2517	2.418881
2518	0.998248
2519	-1.335452
2520	-2.010532
2521	3.396393
2522	-2.746524
2523	1.095706
2524	0.685721
2525	-1.454687
2526	-2.143248
2527	-1.414295
2528	0.205232
2529	-1.868200
2530	-2.412451
2531	-1.905119
2532	-1.969139
2533	0.084783
2534	-0.678240
2535	-1.820443
2536	-0.482108
2537	-0.372216
2538	1.485324
2539	-1.920210
2540	1.380522
2541	2.414327
2542	-1.789206
2543	0.564897
2544	-3.603894
2545	-2.447441
2546	-1.701190
2547	0.258928
2548	0.497346
2549	-0.869349
2550	0.974682
2551	-2.498823
2552	-1.204338
2553	1.867983
2554	1.736602
2555	-2.759777
2556	1.084708
2557	1.295621
2558	-1.384886
2559	-1.818391
2560	0.395828
2561	-1.791729
2562	-2.436639
2563	-0.306120
2564	-2.210930
2565	-1.151681
2566	-2.551676
2567	-1.449960
2568	-2.420425
2569	2.903613
2570	1.112910
2571	-2.483807
2572	-2.083261
2573	-1.325206
2574	1.199779
2575	-2.117904
2576	2.915623
2577	1.574345
2578	-1.883534
2579	-2.219892
2580	0.998610
2581	-2.092633
2582	1.721234
2583	-1.759769
2584	0.055632
2585	0.229478
2586	0.009829
2587	2.070300
2588	-1.977183
2589	-2.013763
2590	-2.120905
2591	-2.146686
2592	-1.011644
2593	-2.651990
2594	-2.386731
2595	-1.794248
2596	1.747910
2597	0.582146
2598	2.092471
2599	0.379595
2600	0.280116
2601	-0.934965
2602	-2.449968
2603	0.646810
2604	-2.209731
2605	-1.196270
2606	-3.270960
2607	-1.916450
2608	-2.300551
2609	-1.995180
2610	-1.861587
2611	-1.395192
2612	0.831029
2613	1.226451
2614	1.492296
2615	-2.378044
2616	-1.780272
2617	-1.653811
2618	-2.137888
2619	0.508509
2620	1.296214
2621	-1.543473
2622	0.130338
2623	-3.097166
2624	-2.785801
2625	-1.453740
2626	-2.595287
2627	-1.706221
2628	2.248059
2629	1.124373
2630	1.962760
2631	-2.671415
2632	1.474228
2633	-1.536623
2634	-1.853626
2635	-2.162373
2636	-2.121672
2637	-2.073405
2638	-2.205790
2639	0.720623
2640	-1.903215
2641	0.698984
2642	1.520766
2643	-1.596586
2644	-1.828868
2645	1.246213
2646	-2.118122
2647	-1.794762
2648	-2.352682
2649	-2.747904
2650	-1.389189
2651	-1.877665
2652	1.218349
2653	1.904629
2654	-2.546263
2655	0.090073
2656	1.197479
2657	-2.616885
2658	-2.749858
2659	-1.868432
2660	1.142295
2661	0.551487
2662	0.032560
2663	0.014413
2664	0.414291
2665	-1.556204
2666	-1.732376
2667	0.253567
2668	-2.813239
2669	-2.007281
2670	-1.910325
2671	-0.942411
2672	-0.323961
2673	-1.890462
2674	-1.562317
2675	1.254840
2676	1.148822
2677	1.149930
2678	-1.649460
2679	-1.665519
2680	-2.257530
2681	0.742532
2682	-2.710420
2683	1.785076
2684	1.021265
2685	-1.241355
2686	-1.860587
2687	1.347686
2688	-3.023259
2689	1.922142
2690	1.331436
2691	-1.684062
2692	3.289313
2693	-1.954855
2694	-0.418524
2695	-2.536910
2696	1.629206
2697	-1.639816
2698	0.353369
2699	0.758704
2700	-2.408887
2701	-1.424571
2702	0.737253
2703	2.186347
2704	-2.610976
2705	-2.986820
2706	1.628362
2707	-1.972045
2708	2.626920
2709	-2.318666
2710	-1.523028
2711	-2.790602
2712	-1.894944
2713	0.782317
2714	1.321536
2715	-2.494984
2716	-1.121508
2717	1.871900
2718	1.708764
2719	2.081998
2720	-2.321486
2721	-1.823832
2722	-2.281455
2723	0.298515
2724	-1.620236
2725	0.558994
2726	-2.332641
2727	-2.087806
2728	-1.415174
2729	-1.132389
2730	0.501130
2731	-2.055531
2732	0.742036
2733	-2.058111
2734	-2.274771
2735	-1.585765
2736	-0.404731
2737	1.009325
2738	1.096191
2739	-0.131433
2740	-1.924260
2741	-1.694579
2742	1.149639
2743	-2.103714
2744	-2.018257
2745	1.479419
2746	-2.106589
2747	1.872005
2748	2.272641
2749	1.419124
2750	-1.503093
2751	1.514194
2752	-1.467592
2753	-1.516773
2754	-2.428262
2755	-2.228388
2756	-2.261430
2757	2.416118
2758	-1.876285
2759	-2.170931
2760	-1.709744
2761	-3.200100
2762	0.083793
2763	-2.303358
2764	0.960375
2765	-0.186894
2766	0.290183
2767	-1.991429
2768	0.753343
2769	0.499518
2770	1.571410
2771	1.139688
2772	-2.063442
2773	-3.029624
2774	-1.418740
2775	1.716141
2776	-2.740559
2777	-1.811516
2778	-1.785787
2779	-2.569306
2780	-2.295075
2781	-2.808386
2782	-1.572029
2783	1.178116
2784	-2.187130
2785	-0.674167
2786	0.392410
2787	-2.835975
2788	-1.537886
2789	-1.933901
2790	-1.509760
2791	-3.241533
2792	2.250607
2793	-2.314831
2794	-2.354093
2795	-2.495482
2796	-1.814121
2797	-1.563782
2798	-2.170720
2799	-1.724025
2800	-1.356691
2801	1.370261
2802	-1.470498
2803	0.798430
2804	-1.915397
2805	-1.960869
2806	-1.871779
2807	-2.224809
2808	1.246512
2809	3.446340
2810	-1.728726
2811	0.839792
2812	0.457517
2813	-1.891602
2814	2.337100
2815	0.295327
2816	-2.153790
2817	-2.067224
2818	-1.541341
2819	-1.725497
2820	-2.495901
2821	-2.327201
2822	-2.193691
2823	-2.024407
2824	0.426092
2825	-1.605426
2826	2.555340
2827	-1.979799
2828	0.199110
2829	0.117593
2830	-1.212450
2831	-1.756565
2832	1.197543
2833	-1.079392
2834	-1.409567
2835	-1.106132
2836	-2.834023
2837	1.019691
2838	-2.922745
2839	1.879490
2840	-1.990736
2841	-2.194754
2842	-1.365220
2843	-1.905655
2844	-2.713358
2845	1.626494
2846	2.870966
2847	-1.836499
2848	0.404458
2849	-3.020667
2850	-2.687700
2851	2.635975
2852	1.416740
2853	-2.843564
2854	-0.906817
2855	-1.863351
2856	-1.772170
2857	-0.793897
2858	0.155255
2859	-2.825454
2860	-0.948325
2861	2.678039
2862	-0.219863
2863	-1.544818
2864	-1.449361
2865	0.365288
2866	-0.249425
2867	-1.294774
2868	-1.189750
2869	-1.378268
2870	-1.799978
2871	0.326807
2872	-2.727593
2873	-2.538189
2874	-0.146996
2875	1.977580
2876	1.266097
2877	-0.628576
2878	-1.795182
2879	-0.944352
2880	0.673184
2881	-2.560197
2882	-2.275064
2883	-2.145691
2884	-2.309616
2885	-1.428725
2886	0.469418
2887	-0.574069
2888	-0.689563
2889	0.302808
2890	0.359260
2891	1.363429
2892	-2.287076
2893	-2.431585
2894	-0.987586
2895	1.014875
2896	2.636767
2897	-2.061401
2898	-2.228736
2899	1.477996
2900	-2.480649
2901	-1.945272
2902	-1.800455
2903	0.731324
2904	0.223948
2905	0.202422
2906	-2.229499
2907	2.101526
2908	-1.946062
2909	-1.784675
2910	-2.050857
2911	2.373840
2912	3.179274
2913	-1.962199
2914	-3.093987
2915	-0.020905
2916	-1.926048
2917	-2.625103
2918	0.232091
2919	-1.925427
2920	1.636974
2921	-2.249248
2922	-1.135674
2923	0.646462
2924	-2.036307
2925	-1.955366
2926	-2.323908
2927	-2.948694
2928	1.770050
2929	-2.153785
2930	-2.270236
2931	-2.332821
2932	1.495097
2933	2.713747
2934	-2.118888
2935	-1.864369
2936	0.395297
2937	-2.153859
2938	-1.932839
2939	-2.270900
2940	-2.579987
2941	-2.898177
2942	-1.845371
2943	-2.035594
2944	-2.084891
2945	1.749172
2946	-1.308516
2947	1.062181
2948	-2.468873
2949	-2.163091
2950	-1.723727
2951	-1.388095
2952	-2.631434
2953	2.020263
2954	1.935257
2955	-1.906168
2956	-2.162358
2957	-2.253965
2958	0.996370
2959	0.915178
2960	-2.957548
2961	0.568982
2962	-1.466513
2963	-1.262172
2964	-2.084964
2965	-0.408230
2966	-0.568688
2967	0.089045
2968	0.975121
2969	-2.996612
2970	0.208633
2971	0.190862
2972	1.287996
2973	-2.233671
2974	-2.510780
2975	0.874424
2976	0.630743
2977	1.000866
2978	1.153393
2979	-2.146994
2980	2.915815
2981	-2.054381
2982	-2.493129
2983	-0.051744
2984	-1.821116
2985	1.187259
2986	0.739252
2987	-1.673522
2988	-2.347735
2989	-1.983931
2990	-2.029431
2991	1.172234
2992	-1.186746
2993	-1.883994
2994	-0.778051
2995	-0.925623
2996	0.158892
2997	0.584048
2998	-2.329109
2999	0.828926
3000	-2.420327
3001	-2.487072
3002	2.041345
3003	0.022991
3004	0.475919
3005	1.483389
3006	1.713202
3007	-1.803613
3008	-2.296785
3009	1.379028
3010	-0.879752
3011	-1.206751
3012	-1.934465
3013	-0.276117
3014	-1.334531
3015	-1.856935
3016	-0.874955
3017	1.381553
3018	-2.118576
3019	0.962547
3020	-0.411289
3021	-2.382725
3022	-3.391351
3023	-1.816169
3024	-2.364276
3025	-2.366471
3026	-2.697943
3027	0.569177
3028	0.193306
3029	-2.711051
3030	-2.564440
3031	0.395051
3032	-2.172543
3033	0.634670
3034	0.456791
3035	-2.118339
3036	-1.423998
3037	-2.094409
3038	-0.265150
3039	-0.916844
3040	-1.650928
3041	-1.743860
3042	-1.136847
3043	-0.969363
3044	1.077810
3045	-0.920341
3046	-0.389544
3047	0.999081
3048	0.298520
3049	-1.935168
3050	0.481248
3051	-1.183961
3052	1.245530
3053	1.814195
3054	-1.867172
3055	1.045172
3056	-0.982601
3057	-2.372770
3058	1.837839
3059	0.902374
3060	-1.399443
3061	-0.310713
3062	1.514369
3063	-2.520128
3064	0.604455
3065	-0.845492
3066	-1.658917
3067	-0.296628
3068	1.600813
3069	-1.427688
3070	-3.417426
3071	-0.254273
3072	0.507041
3073	1.258324
3074	-1.117737
3075	-2.068162
3076	-1.704061
3077	-1.759997
3078	1.389971
3079	-2.338707
3080	-1.901824
3081	-1.151678
3082	0.586481
3083	-2.401636
3084	2.715739
3085	-2.800484
3086	-2.392525
3087	-0.008166
3088	3.255893
3089	-1.787027
3090	-1.964989
3091	-0.784637
3092	-1.648896
3093	2.469092
3094	0.082484
3095	-0.384249
3096	0.782602
3097	1.235084
3098	-1.828760
3099	-2.053416
3100	-1.906431
3101	-2.568295
3102	-2.269915
3103	0.264902
3104	-2.034736
3105	2.852041
3106	3.450239
3107	3.158079
3108	0.294695
3109	-1.477629
3110	-2.163809
3111	0.407263
3112	-2.496003
3113	-1.772905
3114	2.110434
3115	0.521762
3116	0.630884
3117	0.899162
3118	1.016004
3119	-2.336292
3120	-1.993445
3121	-1.509551
3122	-1.299364
3123	-1.619826
3124	-3.256533
3125	-2.176125
3126	0.598846
3127	-1.852398
3128	-1.799090
3129	-2.351933
3130	-1.473928
3131	-2.589786
3132	1.710859
3133	1.585129
3134	-2.063548
3135	-2.251434
3136	1.127450
3137	0.497476
3138	0.647772
3139	1.397078
3140	-1.888528
3141	-2.518741
3142	-1.679890
3143	-2.343674
3144	0.762954
3145	-0.638948
3146	0.780485
3147	-2.516429
3148	0.698379
3149	1.419598
3150	1.864862
3151	-1.237142
3152	-1.557220
3153	-2.055904
3154	-1.378996
3155	-1.186942
3156	0.321446
3157	-2.082891
3158	-2.429116
3159	1.174812
3160	-1.984956
3161	-2.838791
3162	-1.942828
3163	0.582272
3164	-2.297046
3165	-0.364400
3166	-1.454159
3167	-2.980380
3168	-1.022542
3169	1.979729
3170	-2.292209
3171	-2.001312
3172	-2.076449
3173	-2.165232
3174	-2.092085
3175	-1.669225
3176	-1.937183
3177	0.314573
3178	0.773155
3179	-2.714790
3180	-2.436896
3181	-1.766528
3182	-1.570267
3183	0.858074
3184	0.351106
3185	-1.960654
3186	3.039624
3187	-2.460568
3188	-2.369566
3189	1.705007
3190	-2.102005
3191	-1.837275
3192	-1.936757
3193	0.811182
3194	-1.175608
3195	-2.124488
3196	-1.857468
3197	-0.423774
3198	-2.129542
3199	1.992027
3200	0.961537
3201	-1.784000
3202	-2.170141
3203	-2.806368
3204	-1.597807
3205	-2.985197
3206	-2.088977
3207	-1.676093
3208	1.993802
3209	-1.269100
3210	-2.737729
3211	0.923836
3212	-2.061733
3213	1.776001
3214	-1.340071
3215	-1.234114
3216	-1.669917
3217	-1.430836
3218	0.182688
3219	-1.407490
3220	1.147138
3221	-2.329643
3222	-3.005269
3223	1.370913
3224	-1.084432
3225	-1.618964
3226	0.553029
3227	-2.980022
3228	0.297421
3229	-1.625366
3230	1.098586
3231	-2.468635
3232	1.115516
3233	1.946943
3234	2.071496
3235	-1.430135
3236	-1.592440
3237	-2.703473
3238	2.026129
3239	-2.036466
3240	1.184950
3241	2.518582
3242	1.028775
3243	-2.118408
3244	-2.000973
3245	1.421715
3246	-1.984906
3247	0.449268
3248	0.128509
3249	2.319684
3250	-1.857554
3251	-2.051576
3252	-1.956744
3253	0.870799
3254	-2.452068
3255	3.641033
3256	-2.506288
3257	-2.189943
3258	-3.159255
3259	-2.987966
3260	-1.962929
3261	-2.436952
3262	-1.590038
3263	1.002676
3264	-2.829160
3265	-1.742600
3266	2.846463
3267	-1.642039
3268	-2.577967
3269	-2.956094
3270	-2.134177
3271	-0.949314
3272	-1.617688
3273	1.856152
3274	-2.096959
3275	-2.369572
3276	-2.426065
3277	-1.961012
3278	-1.310494
3279	-1.898190
3280	0.682511
3281	-1.537438
3282	-1.389393
3283	-1.500945
3284	-1.852309
3285	-1.667683
3286	-2.078004
3287	-2.256633
3288	-1.783005
3289	-2.274506
3290	2.072040
3291	-1.548300
3292	1.419581
3293	-2.615349
3294	2.716796
3295	-2.100969
3296	-1.981823
3297	-0.074948
3298	-1.907131
3299	-1.654492
3300	-1.549385
3301	-1.812413
3302	-2.005114
3303	1.222127
3304	-1.795305
3305	0.297485
3306	0.817406
3307	-2.785530
3308	1.620410
3309	-1.734013
3310	1.816308
3311	-1.675695
3312	0.623130
3313	0.884369
3314	0.632070
3315	0.990839
3316	-1.860652
3317	-2.127815
3318	1.259828
3319	-1.897427
3320	-2.724812
3321	-0.953681
3322	-1.707644
3323	-1.524410
3324	-2.315018
3325	2.391290
3326	-1.815563
3327	1.140431
3328	1.406974
3329	-2.013661
3330	1.542394
3331	-1.631428
3332	1.220364
3333	-2.885415
3334	-2.621911
3335	-1.801199
3336	1.292002
3337	1.555946
3338	-2.547255
3339	-2.099735
3340	-0.188763
3341	-2.801490
3342	-2.012043
3343	-2.167259
3344	-1.245397
3345	-1.688941
3346	2.380433
3347	1.243137
3348	-2.423100
3349	-1.932803
3350	-0.998900
3351	-0.600585
3352	1.487361
3353	-2.517096
3354	-1.869143
3355	-1.597606
3356	-1.912107
3357	1.472101
3358	1.958576
3359	1.316385
3360	-0.052230
3361	-2.510422
3362	-1.859081
3363	0.610258
3364	-2.278205
3365	1.272818
3366	0.524321
3367	1.130896
3368	-0.884618
3369	-2.185053
3370	0.890196
3371	3.867729
3372	-3.073811
3373	-1.635365
3374	0.229162
3375	-0.278233
3376	-2.053851
3377	-0.107865
3378	1.408787
3379	-1.842868
3380	1.757496
3381	1.619707
3382	-1.255005
3383	-1.082806
3384	-2.490150
3385	-1.661175
3386	-1.830735
3387	-1.222242
3388	-1.991331
3389	1.051856
3390	-2.344774
3391	-1.922098
3392	0.202267
3393	-0.897415
3394	-0.361944
3395	1.106091
3396	1.037209
3397	-1.690626
3398	-2.306332
3399	-1.792419
3400	1.935120
3401	-1.931936
3402	-1.542030
3403	0.015205
3404	1.316879
3405	-1.990860
3406	1.097736
3407	-0.644995
3408	-2.721541
3409	-1.417951
3410	1.775485
3411	-1.718336
3412	-1.870950
3413	-2.351925
3414	-0.558431
3415	-1.209718
3416	-1.810737
3417	-2.474659
3418	-2.344202
3419	-2.085987
3420	-2.066189
3421	-2.374924
3422	-2.353167
3423	0.280682
3424	-2.233196
3425	1.958890
3426	-1.760694
3427	-1.388318
3428	-1.144658
3429	-0.335708
3430	-2.226543
3431	0.790381
3432	-1.406308
3433	1.506675
3434	-3.019468
3435	-1.181209
3436	-2.395215
3437	-2.377276
3438	-1.203360
3439	0.205994
3440	-2.044335
3441	-1.799148
3442	-2.699399
3443	-1.439005
3444	-2.163547
3445	0.479318
3446	-0.968471
3447	2.144672
3448	1.475006
3449	-1.279300
3450	-2.184727
3451	-2.337910
3452	-1.894713
3453	-0.930182
3454	-1.667239
3455	-2.609239
3456	-2.253553
3457	1.263516
3458	-1.747087
3459	-1.613300
3460	-2.291625
3461	-2.301908
3462	-0.339823
3463	-2.164061
3464	1.381099
3465	-1.420036
3466	0.290332
3467	-2.031933
3468	1.546531
3469	-1.505825
3470	-2.289604
3471	-1.917208
3472	1.750153
3473	3.361204
3474	-1.514805
3475	-1.837905
3476	-1.516429
3477	1.193206
3478	-2.236124
3479	-2.084724
3480	-1.813743
3481	-1.942697
3482	0.120913
3483	-2.775558
3484	1.881066
3485	-0.311051
3486	-2.265113
3487	0.584831
3488	1.235621
3489	2.278112
3490	-2.569400
3491	-1.009226
3492	-1.878100
3493	-2.079697
3494	-1.099916
3495	-2.195762
3496	-2.736097
3497	2.437958
3498	-2.395951
3499	-1.820034
3500	-1.915250
3501	1.187084
3502	1.891110
3503	-2.511978
3504	-2.319896
3505	-2.718310
3506	-3.152584
3507	-2.800802
3508	2.088131
3509	1.612400
3510	-2.174322
3511	-1.773886
3512	-2.473675
3513	0.076974
3514	-2.178008
3515	1.451477
3516	1.843385
3517	-1.388830
3518	-1.874685
3519	-1.638305
3520	2.100449
3521	-1.975149
3522	-2.417197
3523	-2.658334
3524	0.613929
3525	1.464193
3526	-1.725563
3527	-1.766109
3528	-1.714481
3529	-1.193838
3530	-2.146078
3531	2.259412
3532	-1.501780
3533	-2.155492
3534	-0.194254
3535	-2.237522
3536	-1.431091
3537	-1.666897
3538	-1.783817
3539	-2.087514
3540	1.729860
3541	-1.595532
3542	-0.144923
3543	-2.243701
3544	-1.900498
3545	2.436277
3546	-1.686421
3547	-1.884494
3548	-2.454073
3549	1.088396
3550	-1.565679
3551	2.765060
3552	-1.421314
3553	2.121317
3554	2.615852
3555	0.289303
3556	1.853908
3557	-2.671595
3558	-1.989127
3559	1.212967
3560	1.050442
3561	1.419476
3562	-1.289315
3563	1.039613
3564	0.946603
3565	-2.451489
3566	-2.676788
3567	-1.249754
3568	-1.217193
3569	-2.152292
3570	-2.044899
3571	-2.324320
3572	-2.194909
3573	-0.323869
3574	2.058659
3575	-1.386053
3576	-1.520149
3577	-1.043206
3578	-2.415582
3579	-2.144379
3580	-1.896849
3581	0.842882
3582	0.547698
3583	1.063420
3584	0.253053
3585	1.459436
3586	-2.285138
3587	-2.186651
3588	1.468495
3589	-1.918666
3590	0.481050
3591	2.234576
3592	2.144614
3593	-1.958766
3594	-2.126666
3595	0.052014
3596	-0.854747
3597	-2.528057
3598	-2.132719
3599	0.820892
3600	-1.677646
3601	-0.985898
3602	-1.275464
3603	0.136645
3604	-1.739832
3605	-1.502046
3606	-2.375247
3607	-1.896237
3608	-0.839931
3609	1.049426
3610	-2.902757
3611	-1.238563
3612	-1.968812
3613	-2.116728
3614	-0.979406
3615	0.886505
3616	-2.665807
3617	-2.124485
3618	0.472901
3619	-1.502923
3620	0.764240
3621	0.571907
3622	1.748889
3623	2.984728
3624	-0.360465
3625	-1.915162
3626	0.960149
3627	-1.613291
3628	1.063088
3629	1.438599
3630	-2.488596
3631	0.401570
3632	0.956957
3633	1.066138
3634	-0.358200
3635	-1.925577
3636	-3.046628
3637	-1.254352
3638	1.748127
3639	-0.311090
3640	1.460020
3641	0.646702
3642	-1.124034
3643	-0.233895
3644	-1.380806
3645	-2.358235
3646	0.293974
3647	2.589897
3648	0.283721
3649	-3.070405
3650	-2.675033
3651	-1.977330
3652	-0.012760
3653	2.163601
3654	-2.411482
3655	1.514398
3656	-1.657236
3657	-1.633062
3658	-2.062132
3659	1.658774
3660	-2.309829
3661	-1.189308
3662	-0.350518
3663	-0.666106
3664	-1.782496
3665	-1.607377
3666	-2.099665
3667	0.864754
3668	-1.672085
3669	0.075731
3670	-2.091683
3671	-1.739720
3672	-1.582954
3673	0.129668
3674	0.039404
3675	1.124358
3676	-2.012364
3677	-1.761202
3678	-2.133665
3679	-2.567209
3680	-1.960656
3681	-2.624225
3682	-0.711084
3683	1.029806
3684	-2.594732
3685	-1.845051
3686	-1.809897
3687	-2.178029
3688	-2.383666
3689	-2.464385
3690	1.506347
3691	-2.462854
3692	-0.239102
3693	-0.412869
3694	2.089826
3695	-2.960737
3696	1.938911
3697	-2.030654
3698	-1.622830
3699	-2.337513
3700	-0.401043
3701	-1.742364
3702	-2.975127
3703	2.956081
3704	-2.559990
3705	-1.331482
3706	-1.558122
3707	-2.321449
3708	-2.431063
3709	-1.655112
3710	1.021208
3711	-1.542944
3712	-1.746938
3713	2.047269
3714	0.581911
3715	-1.993690
3716	0.844397
3717	-3.323926
3718	0.376975
3719	0.783142
3720	2.029640
3721	-1.858806
3722	3.016623
3723	-2.383148
3724	-0.245557
3725	-2.468177
3726	1.284209
3727	-1.821731
3728	2.787774
3729	1.577849
3730	0.676551
3731	-2.265478
3732	-1.989751
3733	3.027432
3734	-1.323680
3735	-2.104894
3736	-3.188813
3737	-2.023369
3738	-2.035068
3739	0.499370
3740	-1.819507
3741	-1.739659
3742	0.166246
3743	-0.689921
3744	0.406206
3745	-2.129453
3746	-2.237302
3747	1.960924
3748	1.765196
3749	0.505522
3750	0.452355
3751	0.621859
3752	-2.235289
3753	-1.553894
3754	-2.417778
3755	0.182732
3756	-2.860869
3757	0.571308
3758	-2.557902
3759	-1.534477
3760	1.295233
3761	-1.388761
3762	-1.538378
3763	-1.785417
3764	0.187879
3765	1.394653
3766	-2.332285
3767	-2.044891
3768	-1.590987
3769	1.705639
3770	0.990682
3771	-2.005325
3772	-1.978346
3773	1.913459
3774	-2.307816
3775	-1.525749
3776	-0.395800
3777	2.015963
3778	-1.879086
3779	-1.883115
3780	1.342475
3781	2.122737
3782	-0.512130
3783	-1.183780
3784	-1.132998
3785	2.019504
3786	-3.008015
3787	0.506249
3788	-2.948353
3789	-1.751253
3790	2.237374
3791	1.171949
3792	-1.963688
3793	-2.000370
3794	-1.705122
3795	0.148900
3796	-2.293349
3797	0.137829
3798	-1.646133
3799	1.965105
3800	0.067824
3801	-1.824854
3802	0.808126
3803	-3.036914
3804	0.446901
3805	-2.296167
3806	-1.835160
3807	1.673015
3808	-2.300074
3809	1.336729
3810	-1.994697
3811	0.860760
3812	-2.262997
3813	-2.172607
3814	1.284973
3815	-2.481716
3816	-2.675526
3817	2.246906
3818	-1.563684
3819	0.459843
3820	-2.763156
3821	-0.826809
3822	1.095061
3823	-1.627877
3824	-2.057484
3825	2.146186
3826	-2.084858
3827	-1.400166
3828	0.539238
3829	-1.663111
3830	0.231233
3831	-1.810390
3832	0.993790
3833	1.945853
3834	-2.539407
3835	-0.566346
3836	-2.261507
3837	1.560544
3838	-1.420543
3839	-1.959321
3840	-2.105238
3841	0.518252
3842	-2.174817
3843	-1.898804
3844	-2.502902
3845	-0.351404
3846	2.757889
3847	-2.554781
3848	-2.616890
3849	-2.497010
3850	0.074211
3851	-1.763925
3852	-2.251244
3853	-2.516653
3854	-1.552251
3855	2.585434
3856	1.193092
3857	-1.501949
3858	-1.515660
3859	0.177404
3860	1.322980
3861	-2.278274
3862	-1.388477
3863	1.024333
3864	-2.745189
3865	-2.478008
3866	-2.318194
3867	-2.380869
3868	0.614363
3869	-1.895421
3870	0.343256
3871	0.589452
3872	0.466396
3873	2.059985
3874	1.673564
3875	-2.574600
3876	0.316884
3877	0.074637
3878	-1.599788
3879	0.813845
3880	-2.097374
3881	-1.483824
3882	-2.972537
3883	-1.648680
3884	-1.784396
3885	-1.235799
3886	-2.271940
3887	-0.496871
3888	-1.790513
3889	-1.085225
3890	-1.844305
3891	3.095226
3892	-2.289618
3893	-2.340135
3894	-2.582707
3895	-0.601787
3896	0.999195
3897	-1.997028
3898	-2.003430
3899	-1.670662
3900	0.192691
3901	-2.544141
3902	-1.739179
3903	-1.246737
3904	-2.507520
3905	0.392295
3906	1.159949
3907	1.946515
3908	-2.639681
3909	-1.798251
3910	-2.806009
3911	-1.793479
3912	-1.761835
3913	0.461340
3914	0.923615
3915	-2.333730
3916	0.866151
3917	-1.986494
3918	-1.698532
3919	-1.874220
3920	-0.344096
3921	-1.830285
3922	-0.359531
3923	-1.553590
3924	-2.959674
3925	-1.286287
3926	-0.427960
3927	-1.455907
3928	-2.485250
3929	1.490770
3930	0.852575
3931	-2.317995
3932	2.366816
3933	0.773165
3934	-1.413891
3935	-2.228263
3936	-1.938349
3937	-1.495303
3938	-2.080829
3939	-1.470749
3940	-2.411769
3941	1.529843
3942	-1.024532
3943	-1.040693
3944	-2.306881
3945	-1.596101
3946	-1.945311
3947	0.048126
3948	-0.688353
3949	1.804064
3950	0.312112
3951	-3.213419
3952	-0.280975
3953	-2.249515
3954	-0.774213
3955	1.961970
3956	-2.429904
3957	-1.712775
3958	-1.568979
3959	0.067162
3960	-2.307581
3961	1.235062
3962	-2.404500
3963	-2.052195
3964	1.125609
3965	-0.539483
3966	-2.080434
3967	-1.757505
3968	-2.015558
3969	-3.140655
3970	-1.697954
3971	-2.140333
3972	-0.569118
3973	-0.105270
3974	-1.357623
3975	-1.676567
3976	0.167011
3977	-1.372207
3978	-3.179763
3979	-2.069925
3980	-1.547546
3981	0.331077
3982	2.876571
3983	0.601013
3984	-2.232798
3985	-2.008619
3986	-1.824203
3987	3.172036
3988	-2.073181
3989	-2.198737
3990	-1.590962
3991	-1.569305
3992	-1.754335
3993	-2.395920
3994	-1.703744
3995	2.905707
3996	-0.655552
3997	-1.968851
3998	-1.627941
3999	0.143713
4000	0.983608
4001	-1.643672
4002	-1.980367
4003	0.128213
4004	-1.749818
4005	-1.505115
4006	-2.538511
4007	-1.660234
4008	-0.470188
4009	0.965784
4010	-1.982489
4011	2.009354
4012	-1.479866
4013	-1.650608
4014	-0.925611
4015	-1.803751
4016	1.775790
4017	-1.721372
4018	-2.595026
4019	0.225412
4020	-1.724971
4021	-2.624433
4022	0.563442
4023	-0.332230
4024	-2.374049
4025	-0.698279
4026	-2.861306
4027	1.421872
4028	-1.742276
4029	1.200506
4030	1.700985
4031	-1.718056
4032	-2.287943
4033	2.044381
4034	-1.082699
4035	0.960315
4036	0.875816
4037	-2.059032
4038	-1.654519
4039	-1.416883
4040	-2.252641
4041	2.286936
4042	-2.028887
4043	3.685610
4044	0.577552
4045	-3.174611
4046	-1.530144
4047	1.408558
4048	-2.263657
4049	-1.196678
4050	1.435561
4051	-1.923656
4052	-2.629790
4053	-2.049332
4054	0.454514
4055	-2.738135
4056	0.427846
4057	-1.859719
4058	2.025737
4059	-3.403408
4060	1.246581
4061	-0.967584
4062	-1.735167
4063	1.097341
4064	-3.258213
4065	-1.031027
4066	1.406310
4067	-2.303612
4068	1.868262
4069	-1.694160
4070	-2.743620
4071	-1.462136
4072	1.579985
4073	0.651645
4074	-2.021382
4075	-1.938518
4076	-2.232931
4077	1.402715
4078	1.843436
4079	-2.498566
4080	0.969997
4081	0.861774
4082	-1.482965
4083	-2.763833
4084	-1.934264
4085	-2.030870
4086	-1.775001
4087	1.200761
4088	-2.770818
4089	-0.892554
4090	-2.060938
4091	-0.114427
4092	1.219766
4093	-1.934655
4094	0.370605
4095	0.698789
4096	-2.200537
4097	-1.545123
4098	-2.141337
4099	-2.012844
4100	-1.385569
4101	1.067781
4102	-1.805282
4103	-2.989570
4104	-1.195108
4105	-2.728812
4106	-1.212577
4107	-1.859237
4108	-0.894613
4109	0.389043
4110	0.351233
4111	0.254876
4112	-1.758429
4113	1.575059
4114	-1.932653
4115	-1.564329
4116	2.520958
4117	-2.360179
4118	-2.415506
4119	1.243993
4120	-2.301259
4121	-2.123499
4122	-2.310483
4123	-0.093213
4124	-0.127888
4125	-2.336668
4126	-1.507357
4127	-1.033582
4128	-0.260070
4129	-1.499114
4130	-2.568783
4131	0.949651
4132	-1.316327
4133	1.976479
4134	-0.895628
4135	-2.552429
4136	1.737404
4137	-2.394869
4138	0.429486
4139	-1.270516
4140	1.998156
4141	0.976783
4142	-1.367940
4143	-1.759974
4144	-1.927522
4145	-1.204806
4146	-0.986572
4147	-1.996929
4148	-2.070991
4149	-1.485886
4150	-1.538181
4151	-1.636662
4152	1.864319
4153	-1.375848
4154	1.482405
4155	2.072015
4156	-1.554012
4157	1.593200
4158	-3.302431
4159	-1.936194
4160	-1.989035
4161	-0.682542
4162	0.476620
4163	0.713384
4164	-2.540846
4165	-1.369249
4166	1.472166
4167	-2.284553
4168	0.988209
4169	-0.930781
4170	-1.752105
4171	-1.837707
4172	-2.275681
4173	-1.558635
4174	1.849267
4175	3.791108
4176	1.129500
4177	-0.173968
4178	1.200892
4179	-2.174986
4180	1.724468
4181	0.594350
4182	-1.319543
4183	-0.006808
4184	-2.247857
4185	1.971302
4186	1.435392
4187	0.143895
4188	-0.642839
4189	-2.078404
4190	-2.308656
4191	2.082468
4192	-1.781050
4193	0.245512
4194	-2.147199
4195	-0.360282
4196	2.431796
4197	1.001804
4198	-1.846241
4199	0.166610
4200	-2.374627
4201	-2.277912
4202	-2.355537
4203	1.175985
4204	-2.386413
4205	-2.337238
4206	0.126606
4207	-1.422988
4208	-1.532220
4209	-2.455065
4210	-1.568369
4211	-0.219185
4212	-1.833106
4213	-2.378482
4214	-1.487637
4215	-2.009707
4216	-2.153577
4217	-2.058267
4218	3.043026
4219	-2.117143
4220	-1.413711
4221	-2.228014
4222	-2.367485
4223	-2.881344
4224	-1.116915
4225	-1.305894
4226	0.959208
4227	0.554173
4228	-1.965477
4229	-1.859986
4230	-1.265850
4231	-2.059912
4232	-2.402577
4233	0.528113
4234	-2.508806
4235	-1.585529
4236	-1.466080
4237	-2.679454
4238	2.525324
4239	-2.015747
4240	-2.492093
4241	-1.989918
4242	-0.181056
4243	-1.267731
4244	1.166980
4245	-2.292429
4246	-2.100883
4247	-1.922793
4248	-2.329184
4249	1.897724
4250	0.440076
4251	-3.011742
4252	-1.377117
4253	-1.657930
4254	-0.100204
4255	-2.470276
4256	-1.760806
4257	-0.170530
4258	1.885908
4259	-2.873208
4260	-1.612819
4261	-1.792283
4262	-1.787817
4263	-1.767138
4264	-1.272506
4265	-0.646938
4266	1.944517
4267	-1.131676
4268	-1.756488
4269	-1.429822
4270	-1.857106
4271	2.016765
4272	-1.798602
4273	-1.822094
4274	-1.899317
4275	0.000843
4276	-0.328551
4277	-1.414528
4278	1.963256
4279	-2.511262
4280	-2.517220
4281	0.835023
4282	2.079217
4283	-0.876576
4284	1.162302
4285	-1.845339
4286	-2.060874
4287	-1.932809
4288	-2.124144
4289	-2.179455
4290	-2.291647
4291	-2.111726
4292	-1.677517
4293	-2.139300
4294	-1.996079
4295	-1.554714
4296	-2.198538
4297	1.133802
4298	-1.463448
4299	2.200796
4300	-1.165274
4301	-1.876803
4302	-1.560805
4303	1.515189
4304	-2.152136
4305	0.367821
4306	-2.374522
4307	-1.077463
4308	1.160690
4309	0.063519
4310	-1.422865
4311	-2.706087
4312	-2.410528
4313	1.164743
4314	-2.387651
4315	-1.203395
4316	3.548670
4317	0.108151
4318	-0.862476
4319	0.724256
4320	-1.810346
4321	-1.295886
4322	-2.239471
4323	-2.820698
4324	2.375277
4325	-2.072934
4326	0.765040
4327	-1.635867
4328	0.481103
4329	-0.845619
4330	0.186789
4331	-1.654845
4332	-1.947450
4333	-2.236649
4334	-2.451233
4335	-2.490092
4336	0.102506
4337	-1.250023
4338	-1.387158
4339	-2.112586
4340	-2.375534
4341	1.087721
4342	-0.308580
4343	-1.939440
4344	-2.344884
4345	-2.286803
4346	1.043174
4347	-1.670826
4348	-2.142419
4349	0.837105
4350	0.790104
4351	-2.519848
4352	2.533369
4353	-3.240021
4354	0.983028
4355	-2.137114
4356	0.441549
4357	-1.111246
4358	-2.151772
4359	-2.082512
4360	-2.607742
4361	-1.520302
4362	-0.271558
4363	-2.049631
4364	2.427237
4365	-2.890636
4366	-2.216002
4367	-2.170139
4368	-2.370820
4369	-2.130791
4370	-1.944640
4371	-1.028384
4372	-1.779929
4373	-1.555002
4374	-2.832871
4375	-2.188068
4376	-0.873374
4377	-2.071790
4378	1.270192
4379	-2.182972
4380	-0.906492
4381	1.594545
4382	-2.125033
4383	-0.362105
4384	0.732593
4385	-1.760252
4386	-0.894785
4387	-1.986372
4388	-0.128500
4389	-2.010529
4390	-1.154373
4391	-2.114334
4392	1.456856
4393	0.591563
4394	-2.049454
4395	-1.918285
4396	0.126561
4397	0.309252
4398	3.042476
4399	0.375317
4400	-1.828079
4401	-0.690512
4402	-2.241809
4403	-1.751073
4404	-2.380232
4405	-2.074679
4406	-2.050439
4407	1.554513
4408	-1.783177
4409	-2.299234
4410	1.160929
4411	-2.384109
4412	0.307054
4413	2.543100
4414	1.684846
4415	-2.550709
4416	0.217090
4417	2.657252
4418	0.927450
4419	-1.734528
4420	-1.745056
4421	-2.087433
4422	-1.688788
4423	1.043143
4424	1.643609
4425	1.888694
4426	-1.755730
4427	-2.029354
4428	1.522277
4429	-2.197006
4430	1.253315
4431	-1.454068
4432	0.604660
4433	0.399437
4434	-1.942144
4435	-1.588554
4436	-2.470376
4437	0.615823
4438	3.946592
4439	0.681475
4440	-1.606031
4441	-1.667851
4442	-1.661626
4443	-1.298183
4444	-2.524805
4445	-1.999950
4446	-1.534241
4447	-1.928840
4448	-1.676344
4449	-2.059978
4450	-0.677388
4451	-1.210312
4452	0.655779
4453	0.206679
4454	1.019569
4455	0.597149
4456	-2.067453
4457	1.270190
4458	0.194196
4459	-2.662959
4460	1.105306
4461	0.096467
4462	-2.307063
4463	-2.658071
4464	-1.244244
4465	-2.201174
4466	-0.259612
4467	-0.944821
4468	-2.093598
4469	-1.664128
4470	-2.506191
4471	-0.455023
4472	0.344303
4473	-2.340968
4474	-1.111198
4475	0.720317
4476	1.084575
4477	-1.983698
4478	1.814951
4479	-1.680525
4480	1.450813
4481	-2.221937
4482	2.352918
4483	-2.795965
4484	0.075466
4485	-2.417077
4486	-2.445439
4487	-1.958961
4488	-2.038712
4489	0.877387
4490	-1.935678
4491	-1.755195
4492	1.303493
4493	-2.248631
4494	1.850713
4495	-1.119587
4496	1.943563
4497	1.441462
4498	0.265207
4499	0.190649
4500	-1.997524
4501	-2.957379
4502	-1.437449
4503	-0.073681
4504	1.550492
4505	1.007281
4506	1.927115
4507	-1.812829
4508	-0.837866
4509	-2.619281
4510	-1.524979
4511	1.587392
4512	-2.633143
4513	-2.353188
4514	-1.772397
4515	0.547150
4516	-2.130452
4517	2.521156
4518	-1.616955
4519	-2.606443
4520	1.044443
4521	-0.912669
4522	-2.895453
4523	-1.456757
4524	0.014285
4525	-1.543087
4526	-2.216286
4527	1.858656
4528	-2.671450
4529	1.585026
4530	-2.861594
4531	-1.884203
4532	-1.743413
4533	-1.779633
4534	-1.770629
4535	1.131507
4536	0.331223
4537	-1.354764
4538	2.217438
4539	-1.279907
4540	-1.577307
4541	0.157548
4542	-1.964045
4543	-1.428342
4544	-1.961131
4545	-1.743699
4546	-2.140966
4547	0.085005
4548	3.346623
4549	-1.495702
4550	-1.506051
4551	-1.673357
4552	-2.650732
4553	-2.030855
4554	-1.855741
4555	-2.720758
4556	1.585083
4557	-2.761121
4558	-1.134527
4559	0.064786
4560	0.377020
4561	1.617999
4562	-1.728233
4563	3.286008
4564	-1.854439
4565	1.768499
4566	-2.522952
4567	-1.952530
4568	-1.552334
4569	-1.751550
4570	-2.119216
4571	-1.534575
4572	1.910190
4573	1.482805
4574	-1.889047
4575	-2.885567
4576	-2.711449
4577	-1.230971
4578	-0.879154
4579	-1.602899
4580	-2.976024
4581	-1.379232
4582	-2.037768
4583	0.780195
4584	-2.364644
4585	-2.569694
4586	-2.627610
4587	-1.848346
4588	-0.790148
4589	-0.248027
4590	0.964487
4591	-1.779271
4592	0.581633
4593	0.364203
4594	-1.825395
4595	1.283183
4596	-0.919264
4597	-1.741651
4598	-1.829957
4599	3.104627
4600	-1.979374
4601	0.048628
4602	0.407628
4603	1.289533
4604	-2.163841
4605	-1.562015
4606	-1.681681
4607	-2.287400
4608	0.298183
4609	0.988119
4610	-1.362875
4611	-1.845187
4612	1.042499
4613	1.513776
4614	1.203895
4615	-1.162153
4616	-2.287115
4617	-1.309176
4618	0.009513
4619	2.255629
4620	1.808409
4621	-1.611399
4622	-2.673639
4623	0.961343
4624	0.112110
4625	2.985273
4626	-1.863650
4627	-2.659095
4628	-2.807225
4629	-1.978614
4630	1.934158
4631	-2.207283
4632	-2.556814
4633	0.980327
4634	1.204814
4635	-1.580925
4636	-1.628391
4637	1.257474
4638	1.218147
4639	2.634501
4640	0.946607
4641	-1.648059
4642	-0.201070
4643	-2.170420
4644	-1.599247
4645	2.500966
4646	2.598827
4647	1.120574
4648	-1.958274
4649	-1.738641
4650	2.872829
4651	1.640539
4652	-1.999075
4653	-1.591872
4654	-1.375338
4655	-2.555793
4656	-1.978379
4657	-0.567355
4658	1.526961
4659	3.057384
4660	-1.932131
4661	-2.005953
4662	-1.367303
4663	1.667810
4664	-1.697822
4665	-2.267393
4666	1.570391
4667	-1.751381
4668	1.807393
4669	1.094821
4670	-1.550306
4671	1.346555
4672	-1.492723
4673	-0.919307
4674	0.613518
4675	-1.615774
4676	-2.491660
4677	-0.839484
4678	-2.085141
4679	-2.378130
4680	-1.633687
4681	-1.906247
4682	-2.502785
4683	-2.937741
4684	-2.460426
4685	-1.742388
4686	1.150164
4687	-1.349368
4688	-1.489059
4689	-2.111570
4690	-2.740549
4691	-2.503922
4692	-1.276181
4693	1.148498
4694	-2.678042
4695	-1.824721
4696	1.383449
4697	0.583254
4698	-3.419690
4699	-1.650919
4700	-1.668857
4701	-0.431089
4702	-1.684228
4703	-2.396134
4704	-2.604977
4705	-1.494228
4706	-1.198876
4707	1.783715
4708	-2.109599
4709	1.140392
4710	-1.725937
4711	2.228230
4712	-1.710519
4713	-2.032880
4714	-3.501619
4715	-2.036072
4716	0.998299
4717	-1.238802
4718	-2.453931
4719	1.071200
4720	-0.115453
4721	-2.112404
4722	-2.272249
4723	-2.125909
4724	0.366656
4725	-1.700720
4726	-2.203962
4727	0.809637
4728	-2.386517
4729	-1.765146
4730	-1.105474
4731	-1.943042
4732	-2.528851
4733	1.110879
4734	0.563582
4735	-2.098965
4736	2.715540
4737	-2.334296
4738	1.025816
4739	1.523447
4740	-2.006213
4741	1.014104
4742	1.966723
4743	-2.116299
4744	-2.436415
4745	-1.376606
4746	-1.403970
4747	-1.895761
4748	-2.035214
4749	0.018931
4750	1.224617
4751	1.543533
4752	-2.683466
4753	-1.973523
4754	1.137402
4755	-1.394411
4756	-1.784126
4757	-1.634879
4758	1.312507
4759	-2.537991
4760	-1.643666
4761	-1.069277
4762	-2.028772
4763	1.484383
4764	-2.350273
4765	-2.122393
4766	-1.874220
4767	-2.163960
4768	1.162442
4769	-0.672931
4770	-1.828715
4771	-0.568416
4772	1.507105
4773	-2.849129
4774	-1.904739
4775	-1.311243
4776	-3.197283
4777	-1.922492
4778	-3.135429
4779	-1.747521
4780	0.939653
4781	-1.719197
4782	1.370521
4783	-0.480573
4784	0.066710
4785	-2.755629
4786	1.556293
4787	-2.074018
4788	-1.530049
4789	0.698877
4790	0.236912
4791	0.596236
4792	-1.800673
4793	-2.681055
4794	-0.106689
4795	-1.902883
4796	0.204538
4797	1.726867
4798	1.364057
4799	-1.772941
4800	-0.770235
4801	-2.538848
4802	-2.559603
4803	-2.300108
4804	-2.016410
4805	-2.059910
4806	-2.649171
4807	-1.588806
4808	-1.471454
4809	1.355877
4810	-1.656321
4811	-2.197284
4812	-1.789662
4813	-2.935390
4814	-2.398820
4815	-1.693426
4816	0.259197
4817	0.029133
4818	-2.615280
4819	-0.975348
4820	-1.976620
4821	0.828937
4822	-1.188246
4823	-2.321304
4824	-1.343790
4825	-0.289205
4826	-1.892942
4827	0.929089
4828	1.550907
4829	-0.773834
4830	-0.173395
4831	-2.009228
4832	-2.864808
4833	-1.733622
4834	-1.592231
4835	1.704184
4836	-0.048374
4837	0.400012
4838	-1.938151
4839	-2.185513
4840	1.975831
4841	-2.408349
4842	-3.073108
4843	-2.054460
4844	-2.774432
4845	-0.492382
4846	-0.051168
4847	-2.377409
4848	-2.511427
4849	-2.726021
4850	-2.286804
4851	-2.513756
4852	-2.162926
4853	-1.317165
4854	-2.049718
4855	-2.345318
4856	-1.464610
4857	-2.790900
4858	-2.276411
4859	-2.653595
4860	-2.328579
4861	-1.841570
4862	0.864734
4863	-1.194524
4864	-1.772806
4865	-1.660993
4866	2.361109
4867	-1.449802
4868	-0.046161
4869	2.848680
4870	-3.040952
4871	0.993235
4872	-2.570662
4873	-1.921865
4874	-2.521374
4875	-1.687163
4876	-1.415247
4877	-0.685574
4878	-1.734323
4879	-2.440940
4880	-1.764485
4881	-2.042421
4882	-1.568740
4883	-1.523682
4884	0.024424
4885	1.524945
4886	1.777786
4887	1.462722
4888	-1.605186
4889	-1.986726
4890	-2.878445
4891	0.843678
4892	2.844311
4893	-1.726035
4894	-2.522503
4895	-2.335959
4896	-1.770270
4897	1.249680
4898	0.024190
4899	-2.346454
4900	1.562157
4901	-2.263210
4902	-1.636196
4903	-1.891147
4904	3.325205
4905	-0.096858
4906	-1.872949
4907	-2.094552
4908	-2.235217
4909	0.466223
4910	-1.969698
4911	-2.253368
4912	-2.860375
4913	3.382525
4914	1.523198
4915	0.125604
4916	0.461618
4917	-1.965865
4918	0.946302
4919	-2.891288
4920	-0.856044
4921	-2.649105
4922	-1.061526
4923	0.485654
4924	-2.499335
4925	3.214379
4926	-1.479766
4927	-2.295604
4928	-0.200756
4929	2.749765
4930	-1.849188
4931	-2.949785
4932	-0.870751
4933	2.456457
4934	-1.815215
4935	0.654082
4936	2.164429
4937	-2.382421
4938	-3.063385
4939	-2.337527
4940	-1.602899
4941	-0.381534
4942	2.169871
4943	-2.299567
4944	-2.368917
4945	-1.320594
4946	2.845913
4947	2.591448
4948	0.434105
4949	-2.706283
4950	-2.040125
4951	-1.860754
4952	-0.665353
4953	-1.764011
4954	-1.941845
4955	-0.388500
4956	-1.280609
4957	-0.905258
4958	-1.891314
4959	0.928871
4960	-2.130082
4961	-1.845236
4962	-1.330593
4963	1.473803
4964	1.809017
4965	0.998420
4966	-1.687139
4967	-1.496780
4968	-1.747824
4969	1.577936
4970	-2.208019
4971	-1.965525
4972	-2.090588
4973	-1.764301
4974	-1.765089
4975	1.882679
4976	-1.541461
4977	-2.895452
4978	0.925396
4979	-2.663393
4980	-1.410505
4981	-2.564124
4982	-2.079505
4983	-1.997732
4984	1.015118
4985	-2.752658
4986	1.558749
4987	0.985722
4988	-2.414851
4989	-1.913945
4990	2.722233
4991	-2.110660
4992	-2.233361
4993	1.561260
4994	-2.045688
4995	3.024432
4996	-1.568301
4997	-2.295275
4998	-1.774765
4999	0.763705
