0	-1.980485
1	-2.007605
2	-0.130062
3	-1.957000
4	-0.527163
5	0.537990
6	1.102082
7	-2.006965
8	-2.318172
9	-0.706858
10	-2.202271
11	-2.154435
12	-1.479065
13	-2.075445
14	-0.702664
15	2.435044
16	1.280205
17	-2.693379
18	-2.393583
19	1.011228
20	-0.740533
21	-2.171735
22	2.174905
23	-1.943159
24	-1.163413
25	0.967268
26	-2.676511
27	-1.858869
28	-2.026936
29	0.950473
30	1.107050
31	-1.999371
32	1.588908
33	0.342246
34	0.349698
35	-1.318484
36	-2.410968
37	-2.169464
38	-2.177692
39	-2.368437
40	-1.530922
41	-2.370659
42	1.750356
43	-1.314900
44	1.162393
45	-1.172354
46	-2.399100
47	-1.697891
48	2.382671
49	-1.298338
50	-0.896644
51	-0.929017
52	-1.716316
53	-3.076757
54	-1.512604
55	0.072448
56	-1.620108
57	-1.876406
58	-2.264221
59	-2.885108
60	-1.121686
61	-2.661187
62	-2.235770
63	0.950678
64	2.133861
65	2.131809
66	-1.805641
67	1.021320
68	-0.848302
69	1.216964
70	-1.731234
71	-1.357386
72	1.751920
73	1.128417
74	-1.722642
75	-2.149368
76	-1.389457
77	-2.443082
78	-2.008879
79	-1.520338
80	0.957542
81	-2.039194
82	-2.277018
83	1.447615
84	-2.535731
85	-1.945326
86	-2.258435
87	-1.359690
88	2.283257
89	-2.178109
90	4.139614
91	2.108898
92	-1.528156
93	-1.522584
94	0.845128
95	-1.514158
96	-2.333058
97	2.724145
98	1.165517
99	-2.118537
100	-1.068842
101	-2.207315
102	-1.470443
103	-1.481079
104	2.380071
105	-0.456242
106	-1.989100
107	-2.991204
108	0.777116
109	-2.385436
110	0.729694
111	-2.608953
112	2.645404
113	-2.790766
114	1.005350
115	1.302096
116	-1.466155
117	-1.708538
118	-2.413932
119	-2.272689
120	2.437360
121	0.164526
122	-2.299593
123	-2.725729
124	1.907608
125	-2.649438
126	-1.740485
127	1.954549
128	-2.843808
129	-1.298488
130	-1.741397
131	-3.244509
132	0.932132
133	-2.052900
134	0.690591
135	1.062921
136	0.884229
137	-0.461090
138	-1.871437
139	2.446428
140	0.326044
141	-2.344892
142	-1.654557
143	-0.714666
144	-1.973314
145	-0.479528
146	-0.365399
147	-1.890650
148	-2.189066
149	2.378694
150	-2.998054
151	-2.157519
152	-0.128959
153	-2.835880
154	0.591801
155	0.827909
156	-0.052330
157	-2.123042
158	-1.610193
159	-1.807793
160	-1.574225
161	-2.322584
162	1.529641
163	-2.566571
164	-0.960429
165	-1.369647
166	-2.325784
167	-1.980363
168	-1.811006
169	-2.000417
170	-0.268642
171	2.107815
172	0.091055
173	-1.724975
174	1.658764
175	-0.866135
176	-1.559297
177	-1.677432
178	1.409331
179	-2.107216
180	-1.273905
181	-1.553727
182	-2.633658
183	-1.405491
184	1.901353
185	-2.597537
186	1.586217
187	-1.908549
188	-0.543438
189	0.355385
190	-0.903235
191	-1.218732
192	-0.036642
193	-2.174620
194	-2.267382
195	-2.569447
196	-1.966828
197	-2.365282
198	-2.513402
199	3.622592
200	1.781800
201	0.571416
202	-1.903932
203	-1.387323
204	-1.136179
205	2.172950
206	1.121796
207	-2.035967
208	-2.662211
209	-1.966402
210	-2.421624
211	-2.567836
212	-0.353660
213	0.896933
214	-1.538261
215	-0.046598
216	2.845608
217	-2.608311
218	-2.575254
219	-1.540765
220	-2.215348
221	-0.021496
222	-1.078558
223	2.008285
224	0.592785
225	0.850066
226	-1.996885
227	-1.421141
228	0.384271
229	-2.505971
230	-0.292366
231	-2.034743
232	2.279388
233	-2.398679
234	-2.028595
235	-2.702438
236	-2.306288
237	-0.395193
238	-1.393165
239	-1.376357
240	-0.146145
241	-2.006195
242	-2.381191
243	-0.030730
244	1.895308
245	-2.591210
246	-1.766306
247	-1.904434
248	0.003603
249	2.414301
250	-2.189488
251	-1.107440
252	-2.431728
253	0.788909
254	-1.542049
255	-2.152927
256	1.644066
257	-1.981213
258	2.248933
259	-2.505302
260	-1.264301
261	-2.062877
262	-1.575797
263	0.543467
264	-1.485096
265	-1.988432
266	-2.299371
267	-1.691377
268	3.628549
269	0.551306
270	-2.537218
271	0.167934
272	-1.588361
273	-2.131986
274	-2.007420
275	-2.417290
276	0.120371
277	-2.766631
278	-1.757005
279	-1.380829
280	-2.418739
281	-2.063585
282	-1.134143
283	0.473231
284	1.992756
285	1.123704
286	-1.803771
287	1.954081
288	-1.933961
289	0.749775
290	0.148589
291	-2.706290
292	0.062693
293	-2.337689
294	-2.132676
295	1.733256
296	-2.682137
297	-2.420219
298	-0.390341
299	-0.719506
300	-1.694614
301	1.389558
302	-2.060954
303	-0.149459
304	-2.080733
305	1.786948
306	-1.963834
307	1.300114
308	-2.156958
309	-2.823333
310	-1.651548
311	-1.788573
312	0.414665
313	-1.673646
314	1.057442
315	2.718305
316	-1.132930
317	-1.338022
318	1.544731
319	-0.634251
320	-1.908995
321	-1.878680
322	-2.370581
323	1.560666
324	-2.267324
325	-2.066177
326	-1.638041
327	1.730043
328	0.598334
329	1.652871
330	-1.894478
331	1.710111
332	-2.245139
333	-2.000471
334	-1.387904
335	-2.245215
336	-1.436708
337	1.146689
338	-1.355296
339	-0.754907
340	1.281414
341	-2.395787
342	3.419966
343	-1.658459
344	3.209945
345	-0.127556
346	-2.766300
347	-1.831577
348	0.542536
349	-1.402918
350	-2.091583
351	-1.681155
352	-2.039443
353	0.664432
354	-0.471592
355	-1.765540
356	-2.183262
357	-1.614538
358	-2.265637
359	-1.867739
360	0.939883
361	-0.868761
362	2.958268
363	-1.038984
364	-0.395889
365	0.210722
366	1.828285
367	-2.547730
368	-1.564088
369	1.139092
370	0.847279
371	0.485381
372	-2.149283
373	-1.641157
374	1.907747
375	-2.217252
376	-0.508031
377	-1.036297
378	-0.596350
379	-1.533704
380	-2.055571
381	-1.748946
382	1.979276
383	-0.278190
384	-1.988241
385	-1.811247
386	-1.099622
387	-2.120421
388	-2.316767
389	-2.134484
390	-1.752658
391	0.648122
392	-0.171665
393	-0.799134
394	-1.564452
395	-2.311481
396	-1.479442
397	-1.758715
398	-0.602492
399	-1.778613
400	-2.267442
401	-2.240922
402	-1.918355
403	-1.973340
404	-2.350591
405	-1.968790
406	0.681519
407	1.589022
408	-2.062297
409	-2.680811
410	1.135321
411	-1.801780
412	-0.320306
413	-1.763687
414	1.813537
415	0.610211
416	-1.152259
417	1.686783
418	-1.485521
419	-2.182215
420	-2.145806
421	0.863829
422	-1.405978
423	-2.241777
424	-2.327354
425	-1.573191
426	-2.252438
427	-2.036351
428	-2.439947
429	0.099677
430	-2.642343
431	-2.048371
432	0.694288
433	-1.518781
434	-1.861163
435	-2.081660
436	-2.356984
437	-0.833121
438	-1.622634
439	-1.890287
440	-1.716302
441	-1.800099
442	-1.414217
443	-2.230142
444	1.828384
445	1.797228
446	-1.557060
447	1.147972
448	-1.844282
449	-2.555291
450	2.788287
451	0.826369
452	0.319139
453	-1.903530
454	0.872000
455	1.859036
456	-4.145641
457	-0.045319
458	-2.969536
459	-2.485903
460	1.181926
461	-2.066528
462	-0.878900
463	-2.549248
464	-1.826021
465	-2.101464
466	-3.266654
467	-1.932151
468	-1.745790
469	2.311288
470	-2.477156
471	-1.679044
472	-2.713419
473	-2.616004
474	-2.244826
475	0.736074
476	0.608663
477	-0.988116
478	-2.932823
479	1.171448
480	-2.591427
481	1.206752
482	0.012650
483	-1.188790
484	-1.580451
485	-0.489716
486	-1.018974
487	-1.222214
488	-1.827331
489	0.254367
490	-2.124588
491	-0.532977
492	0.242026
493	-2.383445
494	-1.444921
495	-2.467993
496	-0.135029
497	-1.714437
498	-1.990147
499	0.606413
500	1.565992
501	3.899733
502	1.972666
503	-1.846872
504	0.009486
505	-2.468881
506	-1.603393
507	-2.222145
508	-1.889608
509	0.935854
510	-1.645608
511	-1.962175
512	1.225704
513	-1.232404
514	-1.639730
515	-2.451826
516	-2.285513
517	-1.525700
518	-1.328930
519	-1.214655
520	0.325085
521	-1.540739
522	-2.142723
523	-0.824889
524	0.980902
525	-2.522669
526	-2.367957
527	0.533390
528	1.760677
529	1.528194
530	-2.304884
531	-2.036561
532	0.165977
533	-1.969656
534	-2.738942
535	-1.669083
536	-2.104933
537	-1.264546
538	0.311093
539	-1.460166
540	1.688245
541	-2.411352
542	1.952322
543	-2.306909
544	-2.537358
545	2.869905
546	-2.386092
547	-1.683341
548	-2.421816
549	-3.128204
550	1.422700
551	-1.952343
552	1.749165
553	-2.598113
554	-1.300587
555	-1.511570
556	-2.172937
557	1.041628
558	0.436897
559	-0.442645
560	0.471333
561	0.265980
562	-1.722168
563	1.367622
564	-2.704978
565	-1.802544
566	-2.225013
567	-1.681564
568	0.822908
569	0.861184
570	-2.333754
571	-2.094321
572	-1.327228
573	1.905539
574	-2.262347
575	-1.034405
576	-1.402471
577	2.377408
578	1.115837
579	-0.782666
580	0.627186
581	-2.889176
582	-2.224285
583	0.244930
584	-2.292129
585	-2.335892
586	-1.862582
587	-1.629021
588	-0.031831
589	-2.449934
590	1.509574
591	1.921124
592	-0.315701
593	0.446745
594	2.344607
595	-2.990308
596	-2.092389
597	-2.159315
598	-1.666845
599	3.039811
600	0.722150
601	-1.812877
602	0.591706
603	-2.773526
604	-1.655187
605	0.673259
606	-2.855510
607	-0.033378
608	0.993526
609	-2.199325
610	1.710971
611	-2.426998
612	-0.017375
613	0.295956
614	0.957363
615	-1.583935
616	-3.010571
617	-1.999658
618	0.240460
619	-1.792317
620	-0.325254
621	-1.698257
622	-1.828748
623	-1.547214
624	0.777025
625	-1.721118
626	-2.043963
627	1.690577
628	-1.777425
629	-1.839300
630	1.925877
631	-2.051871
632	0.664313
633	-1.377565
634	-1.600979
635	-2.165586
636	-2.162083
637	-2.325288
638	-1.532330
639	-3.268610
640	1.519425
641	0.418821
642	-1.708100
643	0.237326
644	-2.257513
645	-0.195631
646	0.394111
647	1.300851
648	-0.440311
649	0.223300
650	-1.223326
651	1.499446
652	1.668894
653	-0.238634
654	0.624476
655	-1.598656
656	-2.189641
657	0.703968
658	-2.732496
659	-1.662564
660	-2.094379
661	0.984257
662	-2.217097
663	0.254243
664	1.843448
665	1.165910
666	-1.947202
667	1.535188
668	1.260892
669	-1.918353
670	-0.243686
671	-2.441385
672	-1.420527
673	-1.496832
674	1.058514
675	-1.296760
676	-2.461257
677	-2.641871
678	-1.924637
679	-2.967748
680	-1.970753
681	0.482835
682	-2.044578
683	-2.585039
684	1.268689
685	1.090377
686	-0.051407
687	-2.039766
688	-1.172057
689	0.113225
690	-2.073000
691	-1.453861
692	2.870111
693	-1.671640
694	-1.535095
695	1.327893
696	-0.166431
697	0.094656
698	-2.454134
699	-1.932850
700	-2.204625
701	1.252296
702	-2.079612
703	0.487841
704	-2.007702
705	-1.265310
706	-2.907104
707	-0.872289
708	-2.247655
709	0.773052
710	-2.598114
711	0.877220
712	0.059665
713	-0.091594
714	-2.797231
715	0.802599
716	-1.693254
717	0.815478
718	-1.621150
719	-1.114956
720	-2.486863
721	0.958256
722	-2.007816
723	-2.339806
724	0.087582
725	-0.651884
726	0.787852
727	2.615346
728	-1.884007
729	-2.166535
730	-3.023727
731	0.094843
732	-2.464197
733	0.848232
734	-1.461191
735	1.423507
736	-1.923639
737	-0.201991
738	1.874699
739	1.292376
740	-2.020495
741	-2.568404
742	-1.328656
743	-1.312027
744	1.790932
745	-1.950947
746	-2.150962
747	-1.509804
748	-1.167553
749	-1.446147
750	-2.492189
751	-2.108786
752	-1.047492
753	0.588130
754	-2.252359
755	-1.436514
756	0.863366
757	-2.401348
758	-1.517531
759	1.132689
760	0.101519
761	1.543376
762	-3.378982
763	-2.608193
764	0.595043
765	1.399910
766	-2.138291
767	0.981362
768	-1.904828
769	-2.145455
770	-1.956868
771	-2.587525
772	-2.506122
773	-2.067079
774	-2.169481
775	-2.418112
776	1.021289
777	1.823683
778	-1.561588
779	-1.501862
780	1.273009
781	-2.620174
782	1.364293
783	1.905062
784	-2.588708
785	-2.389366
786	-2.384102
787	-2.982494
788	-2.983440
789	-2.351142
790	1.889286
791	-2.052396
792	-3.319480
793	-1.549308
794	0.550914
795	-1.139560
796	-1.069810
797	0.935639
798	-1.654003
799	0.153556
800	0.986622
801	-2.608763
802	0.985054
803	1.093277
804	-0.948509
805	-1.399961
806	0.305598
807	-2.110309
808	1.105033
809	0.778288
810	1.096518
811	-2.509645
812	-1.740729
813	-2.265903
814	-0.663549
815	-2.330707
816	-2.276813
817	-1.230970
818	0.938459
819	-2.942008
820	-2.173885
821	1.824365
822	-1.924131
823	-0.388861
824	1.631652
825	-1.548701
826	-2.431420
827	-0.106763
828	-2.780899
829	-1.526604
830	-1.621678
831	2.380899
832	-1.821731
833	-2.040976
834	-2.501711
835	-1.513006
836	-1.992266
837	2.430104
838	-2.822149
839	-2.092637
840	-2.180005
841	2.596528
842	2.331169
843	-0.170106
844	-1.261416
845	-1.271897
846	-2.460476
847	-1.315476
848	1.552538
849	-1.360146
850	-2.159690
851	-2.012432
852	-2.132878
853	-2.094365
854	-1.980558
855	-1.555026
856	-1.367933
857	-1.952565
858	0.988191
859	0.074034
860	2.150885
861	-2.014447
862	-1.146537
863	-1.682738
864	0.536183
865	-2.317874
866	-2.205148
867	-2.264202
868	-1.499516
869	-1.969778
870	-1.507411
871	-2.640109
872	-2.308328
873	-1.799241
874	1.441481
875	-0.938753
876	-2.584746
877	3.769554
878	-1.855644
879	0.497555
880	-1.790483
881	-1.659715
882	-1.902794
883	0.558271
884	-2.185967
885	-2.622011
886	-2.787041
887	-1.873411
888	0.212618
889	-0.839212
890	-0.332867
891	-2.407180
892	-1.605665
893	2.178072
894	-2.120174
895	-2.035726
896	-2.356852
897	-2.230585
898	-1.696200
899	-2.294991
900	0.495024
901	0.257834
902	0.583134
903	-1.856861
904	0.799461
905	-2.389210
906	0.047787
907	-1.531963
908	-2.721803
909	1.689376
910	0.898565
911	-1.282059
912	-0.048057
913	-2.363460
914	1.641906
915	-0.471031
916	-1.584139
917	-2.561970
918	-1.850691
919	0.843831
920	-2.283641
921	-1.262298
922	0.734649
923	-2.773033
924	-2.292319
925	1.796878
926	-1.816799
927	-1.932585
928	-1.755881
929	-2.308880
930	1.581249
931	0.467650
932	-2.821066
933	-1.188311
934	-0.405877
935	-2.355542
936	-1.390787
937	0.702692
938	-0.086601
939	-1.242822
940	1.180074
941	-0.700409
942	1.727346
943	0.573702
944	2.756601
945	1.734503
946	-2.246179
947	-2.627813
948	-2.522159
949	1.320382
950	1.380540
951	-2.071891
952	-3.514261
953	-2.264420
954	0.926202
955	2.241537
956	0.337793
957	-2.012701
958	-2.127823
959	-2.011051
960	-2.883445
961	0.242849
962	1.743068
963	-2.328358
964	0.251885
965	-1.543877
966	-2.326648
967	-0.768138
968	-2.633178
969	-2.200381
970	1.505812
971	1.906000
972	-2.088914
973	1.618366
974	-1.216179
975	-1.490785
976	-1.940952
977	0.190102
978	-1.444863
979	-3.272471
980	-1.768757
981	0.485157
982	-0.330743
983	0.731350
984	3.114557
985	0.217143
986	1.537488
987	-2.145420
988	-2.370069
989	0.847740
990	-1.876316
991	-2.307270
992	-0.649761
993	-2.849387
994	0.833073
995	-2.251316
996	-1.355933
997	-1.656693
998	-0.730276
999	-1.254176
1000	-1.291803
1001	0.168229
1002	-1.504905
1003	-1.504019
1004	-1.864952
1005	-2.735413
1006	0.213147
1007	-2.062577
1008	0.958841
1009	0.914325
1010	-2.275352
1011	1.097294
1012	0.660829
1013	1.448171
1014	-2.005240
1015	-2.094499
1016	-1.469324
1017	-2.320462
1018	0.506512
1019	-2.228670
1020	-2.333825
1021	-2.669562
1022	-0.259409
1023	-0.809734
1024	0.125166
1025	-1.576545
1026	1.609165
1027	-1.416481
1028	-3.496756
1029	-1.845950
1030	-2.448974
1031	0.235737
1032	1.451353
1033	1.744763
1034	-1.717492
1035	0.909762
1036	-2.935021
1037	-0.499787
1038	-2.569927
1039	-2.456339
1040	-1.988865
1041	-1.272262
1042	-1.856798
1043	-1.482320
1044	-2.625869
1045	-1.569258
1046	-1.589914
1047	2.697582
1048	-1.837424
1049	-0.941648
1050	-2.370873
1051	-1.664858
1052	0.045879
1053	-2.365207
1054	0.705395
1055	-2.158023
1056	-2.958208
1057	-2.216866
1058	-1.601831
1059	-1.428509
1060	0.843584
1061	-1.997052
1062	-0.821412
1063	-1.870780
1064	1.673702
1065	-2.403606
1066	-2.370561
1067	1.010644
1068	-0.143362
1069	-0.554852
1070	-2.197223
1071	-2.080163
1072	-1.641320
1073	0.872503
1074	-1.288395
1075	1.847348
1076	-2.838003
1077	1.354717
1078	-1.458363
1079	-3.532565
1080	-1.806736
1081	-1.819537
1082	-1.703355
1083	1.565696
1084	-1.259654
1085	-2.264732
1086	-1.347058
1087	-2.039523
1088	-1.925335
1089	3.145455
1090	-3.098703
1091	-2.371872
1092	-1.319510
1093	1.204959
1094	-2.223497
1095	-1.913628
1096	-2.006866
1097	3.082951
1098	-2.732792
1099	0.187948
1100	-1.915430
1101	2.085369
1102	0.321193
1103	-2.394155
1104	-1.784849
1105	-2.411018
1106	1.758019
1107	-1.340971
1108	1.684285
1109	-2.122190
1110	-2.220170
1111	-3.131137
1112	-2.513973
1113	-1.944067
1114	-2.447157
1115	0.304579
1116	-2.557537
1117	-1.169169
1118	-0.752043
1119	-1.756963
1120	-0.439668
1121	3.108614
1122	-2.092101
1123	-1.550576
1124	1.813543
1125	0.050530
1126	-2.431669
1127	-2.854200
1128	-1.971703
1129	-1.436187
1130	-1.981731
1131	-2.137440
1132	-2.011809
1133	-2.124822
1134	-1.955299
1135	-2.683427
1136	-2.768473
1137	-2.488096
1138	-2.697558
1139	-2.173846
1140	-1.277106
1141	1.237981
1142	-1.154578
1143	-0.832221
1144	-3.141347
1145	1.389839
1146	-1.760587
1147	-2.168354
1148	-1.835878
1149	-2.297078
1150	-1.116514
1151	-1.581218
1152	-1.750116
1153	0.500743
1154	0.588533
1155	-1.930680
1156	0.294765
1157	2.031014
1158	-0.518273
1159	-0.400514
1160	0.805443
1161	0.239552
1162	-1.902110
1163	-1.564000
1164	-1.239270
1165	-2.636602
1166	0.829481
1167	-1.624494
1168	-2.442979
1169	-1.831829
1170	-2.384285
1171	-2.325732
1172	-2.150892
1173	0.424624
1174	-0.161765
1175	0.918822
1176	-0.017286
1177	-2.320498
1178	-2.896807
1179	-1.847240
1180	-2.183317
1181	-2.575336
1182	-2.616117
1183	-1.710431
1184	0.098781
1185	-2.979916
1186	-1.257382
1187	-2.648726
1188	-0.240749
1189	-2.861445
1190	-0.920559
1191	0.439288
1192	-2.358855
1193	1.750064
1194	1.960870
1195	-2.610130
1196	2.734689
1197	-1.358668
1198	-1.523469
1199	-2.308350
1200	-2.943750
1201	-2.567102
1202	-2.839167
1203	2.006753
1204	0.138904
1205	-2.426416
1206	-1.825661
1207	-2.700008
1208	-2.479119
1209	0.758237
1210	0.468574
1211	1.440899
1212	-2.260784
1213	1.692623
1214	-2.000297
1215	-2.688986
1216	-2.726218
1217	-1.972128
1218	0.977907
1219	1.924580
1220	-2.186555
1221	-2.357763
1222	-2.244560
1223	-2.581329
1224	1.116169
1225	-1.904365
1226	-1.272694
1227	-2.147271
1228	-2.202458
1229	-2.622620
1230	3.099434
1231	-2.533266
1232	-2.049551
1233	-1.823893
1234	-0.966042
1235	1.635404
1236	0.111991
1237	1.186927
1238	-2.458727
1239	-1.899838
1240	-2.015958
1241	2.225067
1242	-1.140869
1243	0.746236
1244	2.326660
1245	-1.785918
1246	-1.084846
1247	0.626659
1248	-2.291187
1249	0.792125
1250	-1.902448
1251	4.120079
1252	-2.271864
1253	-2.224883
1254	-1.736857
1255	-0.330194
1256	-2.156135
1257	-3.169465
1258	1.605165
1259	1.180842
1260	-1.837106
1261	-1.252571
1262	1.049501
1263	-2.990502
1264	-1.959747
1265	-2.481304
1266	-1.432240
1267	-1.128894
1268	-3.031388
1269	0.561029
1270	1.611145
1271	-2.273625
1272	1.755367
1273	-2.753039
1274	1.971005
1275	0.875197
1276	-3.081625
1277	-1.297720
1278	-1.033191
1279	-2.745057
1280	1.534342
1281	-1.547781
1282	-1.667543
1283	2.430138
1284	-1.589721
1285	1.088745
1286	-2.602120
1287	2.525193
1288	-1.508334
1289	0.549195
1290	-1.786553
1291	0.850214
1292	-0.641130
1293	-1.333400
1294	-0.072434
1295	1.613448
1296	1.563588
1297	-2.536994
1298	-1.443077
1299	0.930953
1300	1.081112
1301	0.822250
1302	-1.899291
1303	-1.740801
1304	-1.835979
1305	-1.910484
1306	0.959777
1307	-2.033489
1308	1.498356
1309	-2.149839
1310	-1.683094
1311	1.143158
1312	-1.445650
1313	1.569672
1314	-2.245427
1315	-1.810483
1316	-1.854096
1317	1.049127
1318	2.384133
1319	1.551779
1320	-1.755263
1321	-1.245686
1322	1.399756
1323	3.334148
1324	-2.478347
1325	-1.106764
1326	1.905816
1327	-2.677643
1328	-2.549577
1329	-1.882884
1330	-1.255648
1331	-0.604609
1332	0.411214
1333	1.652661
1334	-2.989078
1335	-2.397236
1336	2.084456
1337	0.396209
1338	-2.345762
1339	0.063573
1340	-2.023515
1341	-2.633424
1342	-3.316420
1343	-2.374165
1344	0.110538
1345	-1.567866
1346	2.005788
1347	1.624876
1348	-1.809622
1349	-1.987389
1350	0.749772
1351	-1.884873
1352	-2.300551
1353	-1.498462
1354	1.787161
1355	-2.439530
1356	-1.494390
1357	0.752459
1358	1.675224
1359	-2.170872
1360	-1.662800
1361	-1.857548
1362	0.536268
1363	0.936402
1364	2.648095
1365	1.104266
1366	0.571744
1367	3.308593
1368	0.949544
1369	-1.997223
1370	3.322461
1371	-2.250480
1372	-2.050932
1373	-2.282606
1374	-2.660310
1375	-1.518096
1376	2.387648
1377	-1.659995
1378	-2.012554
1379	-1.931328
1380	0.480810
1381	-1.287429
1382	0.771605
1383	2.583331
1384	-2.518913
1385	-2.391651
1386	-1.006552
1387	-1.739807
1388	-2.477865
1389	0.365666
1390	0.661467
1391	1.128239
1392	1.299863
1393	1.917102
1394	-1.364610
1395	0.172417
1396	-2.318486
1397	-2.430456
1398	1.394873
1399	-1.962887
1400	-2.273949
1401	3.563609
1402	-1.917542
1403	-1.868803
1404	-2.242842
1405	-3.188153
1406	-2.078741
1407	-0.709062
1408	-1.459539
1409	-2.160472
1410	0.085321
1411	0.936971
1412	2.405521
1413	-1.573531
1414	-0.020124
1415	-2.587064
1416	2.588617
1417	1.725734
1418	-2.150053
1419	-2.908559
1420	-2.033750
1421	-2.849483
1422	-0.058852
1423	-2.584173
1424	-2.066798
1425	-2.216917
1426	1.067433
1427	1.205332
1428	-2.603402
1429	-1.582892
1430	1.386863
1431	-1.990836
1432	-1.894019
1433	-1.254472
1434	1.170631
1435	-1.621491
1436	0.575852
1437	-1.377496
1438	1.495020
1439	2.024062
1440	-1.264648
1441	-2.103065
1442	-1.971224
1443	0.770078
1444	-0.279636
1445	1.102084
1446	-2.383834
1447	-2.344372
1448	-1.443621
1449	2.986231
1450	-0.509642
1451	-3.031465
1452	2.248937
1453	-1.625456
1454	-0.344180
1455	0.262612
1456	-0.191376
1457	-2.331860
1458	-2.182532
1459	0.350221
1460	-1.288561
1461	-3.103829
1462	-1.827174
1463	1.225040
1464	1.189628
1465	0.334241
1466	0.325605
1467	-0.385008
1468	-1.546268
1469	-1.788947
1470	-1.923338
1471	-2.090794
1472	-1.523949
1473	-2.449748
1474	-0.298826
1475	1.722032
1476	-1.826129
1477	-2.512101
1478	-2.135783
1479	-1.823282
1480	-2.040427
1481	-2.127864
1482	-2.373683
1483	0.948700
1484	-1.997826
1485	-1.369307
1486	-1.236651
1487	-0.035910
1488	-0.690318
1489	-2.524604
1490	-2.128916
1491	2.022480
1492	-1.856851
1493	-0.738116
1494	-2.183822
1495	-1.978319
1496	-2.628986
1497	-1.967017
1498	-2.103562
1499	0.615843
1500	2.427038
1501	-0.995912
1502	-2.111215
1503	-2.297018
1504	-1.896065
1505	1.648657
1506	1.072511
1507	-2.480008
1508	2.144023
1509	2.442770
1510	-2.430286
1511	1.925356
1512	-2.488731
1513	-0.242107
1514	-2.069030
1515	-1.341678
1516	-2.473341
1517	1.420744
1518	-2.209846
1519	-2.242962
1520	-2.333050
1521	0.735715
1522	-1.268734
1523	2.645375
1524	-2.318120
1525	-1.999938
1526	-1.765229
1527	-1.713810
1528	-2.032049
1529	-1.470745
1530	-2.156718
1531	1.789409
1532	-2.249151
1533	0.749541
1534	-2.493228
1535	1.226503
1536	-2.386058
1537	1.863933
1538	1.020292
1539	1.345580
1540	1.842549
1541	-1.946687
1542	-2.060129
1543	-1.725633
1544	1.285345
1545	-2.024514
1546	-2.288839
1547	-1.391824
1548	0.919503
1549	-1.705801
1550	-3.231759
1551	1.972221
1552	0.797569
1553	-0.212353
1554	1.158062
1555	-1.783229
1556	-3.101225
1557	-2.161254
1558	-1.497571
1559	2.960735
1560	-2.411304
1561	1.008889
1562	2.197856
1563	-1.749647
1564	-1.228890
1565	-2.132755
1566	1.941925
1567	0.997086
1568	-0.390949
1569	0.006839
1570	1.519814
1571	1.596029
1572	-1.791953
1573	-1.860216
1574	-2.218773
1575	2.014949
1576	-2.266991
1577	-2.472911
1578	-1.425724
1579	-1.446661
1580	1.672255
1581	-2.502467
1582	1.423267
1583	-0.140025
1584	-2.200474
1585	1.336444
1586	-1.798718
1587	0.510611
1588	-2.728601
1589	-1.345863
1590	-0.034328
1591	1.859369
1592	0.128135
1593	1.379060
1594	1.914809
1595	-1.344381
1596	-2.025010
1597	-1.862859
1598	1.244030
1599	0.546199
1600	-2.026887
1601	-2.258298
1602	1.211330
1603	-2.278372
1604	2.365253
1605	0.928602
1606	-1.319548
1607	2.862286
1608	1.427792
1609	-2.211072
1610	-3.137106
1611	-2.445355
1612	-1.514353
1613	-2.558463
1614	-0.400485
1615	2.316816
1616	1.431055
1617	1.022989
1618	-2.050770
1619	1.687782
1620	-2.075963
1621	-0.827853
1622	2.212019
1623	-2.424859
1624	1.412427
1625	1.376965
1626	-1.810351
1627	-2.386533
1628	-0.390714
1629	-2.409188
1630	0.446299
1631	-2.659761
1632	-2.640033
1633	-2.123053
1634	0.918109
1635	1.609777
1636	-2.752637
1637	-2.210649
1638	0.846806
1639	-1.734906
1640	-0.349236
1641	-3.115141
1642	-2.215214
1643	-1.829034
1644	-1.946691
1645	-0.897441
1646	-2.099101
1647	2.189140
1648	-1.937014
1649	0.971166
1650	-2.239237
1651	-2.262618
1652	0.628008
1653	0.994518
1654	-1.094226
1655	-2.046139
1656	1.338439
1657	1.653572
1658	-1.450981
1659	-1.935816
1660	-2.431649
1661	-2.337526
1662	2.079756
1663	-2.374802
1664	-2.474387
1665	-1.856315
1666	-2.497912
1667	0.127663
1668	3.448786
1669	-2.428220
1670	0.781718
1671	1.105025
1672	0.238255
1673	-2.665618
1674	-2.907150
1675	-2.638239
1676	-1.415058
1677	0.464604
1678	-2.234058
1679	-3.525598
1680	-1.653738
1681	-1.824756
1682	-1.062739
1683	-2.910045
1684	-0.191130
1685	1.662959
1686	-1.911445
1687	-1.653526
1688	-2.589662
1689	3.034789
1690	-2.267351
1691	3.116301
1692	2.095701
1693	2.199992
1694	-1.754183
1695	-2.259227
1696	-0.215110
1697	-1.760946
1698	0.179603
1699	1.356392
1700	-1.330741
1701	-2.029278
1702	-1.304476
1703	1.550738
1704	2.481853
1705	1.200031
1706	-1.556511
1707	-1.761654
1708	-3.202479
1709	3.086993
1710	-0.958370
1711	2.398495
1712	-2.040236
1713	2.598224
1714	2.316716
1715	-1.997799
1716	0.186115
1717	-0.565071
1718	-2.755553
1719	-1.833014
1720	1.905763
1721	1.308251
1722	-1.817101
1723	-1.916291
1724	1.093528
1725	0.396415
1726	-2.246470
1727	-2.232812
1728	0.716323
1729	-3.452999
1730	-2.163854
1731	0.051524
1732	-2.087366
1733	-1.603716
1734	0.047290
1735	-0.586257
1736	-1.471660
1737	0.327736
1738	0.390816
1739	-1.981580
1740	2.046438
1741	-1.591768
1742	-1.934108
1743	-1.921316
1744	-1.945616
1745	1.779855
1746	-1.416835
1747	-1.573794
1748	2.958320
1749	-1.649905
1750	-2.831962
1751	-1.742507
1752	-1.906293
1753	1.575691
1754	0.883971
1755	1.551302
1756	-1.890527
1757	-2.054772
1758	-1.959524
1759	-1.359468
1760	2.511221
1761	-1.753124
1762	3.035306
1763	-2.029457
1764	-2.035565
1765	1.544797
1766	-1.953859
1767	-2.453880
1768	-1.880263
1769	-1.937177
1770	1.022730
1771	-1.250599
1772	-1.963521
1773	-1.522707
1774	-1.907093
1775	-2.097930
1776	0.946496
1777	-2.074499
1778	-2.229741
1779	-1.562814
1780	-2.074269
1781	1.161690
1782	0.949177
1783	-2.682024
1784	0.634911
1785	-2.256307
1786	-2.283247
1787	-1.920089
1788	-2.202331
1789	1.546974
1790	-1.924707
1791	-0.766251
1792	0.844543
1793	2.946165
1794	-2.144832
1795	-2.308639
1796	1.625445
1797	-1.219445
1798	-2.407365
1799	-0.186645
1800	0.387021
1801	0.726013
1802	-0.842275
1803	2.302986
1804	-2.294381
1805	-0.028463
1806	-1.278602
1807	-2.581539
1808	-2.611555
1809	1.667619
1810	-2.193919
1811	-2.090465
1812	-1.615047
1813	-1.052637
1814	-1.359934
1815	-2.408734
1816	2.742225
1817	1.564998
1818	-2.221589
1819	-2.156394
1820	-1.781985
1821	0.486652
1822	-2.286689
1823	-1.620344
1824	-2.669515
1825	-1.741218
1826	1.681330
1827	0.289313
1828	-1.284782
1829	2.060969
1830	0.601287
1831	-1.242404
1832	-1.670848
1833	-3.148837
1834	-1.472196
1835	-2.007096
1836	-2.398857
1837	-2.490289
1838	1.093992
1839	-2.469944
1840	-2.346505
1841	-2.462105
1842	2.042370
1843	-1.373966
1844	-2.229030
1845	0.948371
1846	1.021662
1847	2.682980
1848	-2.389251
1849	0.569577
1850	-2.633601
1851	-2.138094
1852	1.467111
1853	1.691080
1854	-1.954859
1855	1.585929
1856	-0.803169
1857	-2.224771
1858	-1.369103
1859	0.991655
1860	-2.217186
1861	-2.011920
1862	0.960821
1863	0.285825
1864	-1.536129
1865	-1.946867
1866	0.976080
1867	3.601502
1868	0.522595
1869	1.591640
1870	-2.714478
1871	-1.469056
1872	-1.731107
1873	-2.408124
1874	-1.439446
1875	-0.191385
1876	1.914601
1877	0.952813
1878	-1.004810
1879	0.191978
1880	-2.391542
1881	-1.931552
1882	-0.411606
1883	-1.800952
1884	1.438843
1885	-1.745992
1886	-1.945656
1887	0.924840
1888	2.121844
1889	0.799889
1890	1.656959
1891	-1.244102
1892	-2.445878
1893	-2.226976
1894	-0.968116
1895	2.056607
1896	-1.645001
1897	0.335578
1898	1.846090
1899	2.000417
1900	-1.255456
1901	-2.037957
1902	-0.578261
1903	1.103668
1904	-1.669922
1905	-1.673571
1906	-1.177308
1907	0.201612
1908	-2.079425
1909	1.602678
1910	-1.937979
1911	-1.768975
1912	-3.080838
1913	0.242698
1914	-1.941992
1915	-2.452528
1916	-1.769520
1917	-0.297912
1918	0.027164
1919	0.888071
1920	1.679419
1921	-1.774414
1922	-3.023411
1923	-0.014926
1924	1.718028
1925	0.182614
1926	-3.265318
1927	-1.140147
1928	-1.800361
1929	0.663053
1930	-2.826443
1931	-1.568011
1932	1.788120
1933	-1.877541
1934	-2.023817
1935	-1.925105
1936	1.141798
1937	0.414578
1938	-2.022322
1939	-2.080864
1940	1.259928
1941	-3.305845
1942	-2.453019
1943	0.458115
1944	1.321016
1945	-1.856367
1946	-0.641704
1947	-1.109822
1948	-2.183908
1949	-1.824124
1950	-1.769829
1951	-1.679366
1952	0.969191
1953	-1.537860
1954	1.043723
1955	-2.514371
1956	-0.249755
1957	-2.418704
1958	-1.509814
1959	-0.618126
1960	1.724037
1961	-1.984763
1962	2.038201
1963	1.071426
1964	1.733305
1965	-1.984345
1966	0.877384
1967	-1.019456
1968	-1.549287
1969	1.232819
1970	1.508212
1971	-2.990968
1972	1.514798
1973	-2.818525
1974	-1.766060
1975	-2.094061
1976	-2.186018
1977	-2.260799
1978	-2.400825
1979	0.677572
1980	1.379559
1981	-2.010080
1982	-2.681375
1983	-1.979338
1984	-2.287831
1985	2.223150
1986	-1.472233
1987	-2.742525
1988	-2.265363
1989	1.897051
1990	-1.593521
1991	-1.808556
1992	2.125686
1993	-2.444113
1994	-2.218728
1995	0.452756
1996	-1.774750
1997	1.432627
1998	-1.808314
1999	-2.235530
