0	-2.176845
1	-1.205588
2	-1.818657
3	-1.564260
4	-2.492118
5	-2.595270
6	-1.939113
7	-1.664951
8	0.429297
9	-1.421564
10	-1.803741
11	2.084859
12	-1.468489
13	-0.968409
14	2.284481
15	-1.879558
16	0.389472
17	1.886029
18	-2.284376
19	-1.748316
20	-2.184928
21	0.528921
22	1.167717
23	0.382763
24	-1.127616
25	0.409515
26	0.560107
27	-2.393598
28	0.970288
29	-0.514637
30	0.429905
31	3.744496
32	-2.624460
33	-0.732516
34	-2.572721
35	-1.568791
36	-2.100310
37	-2.582894
38	-1.470269
39	-2.326406
40	-3.175818
41	-0.461338
42	-1.787776
43	1.828776
44	-2.550613
45	-2.886623
46	0.913568
47	-1.420728
48	-2.456031
49	-2.405501
50	2.460293
51	1.496228
52	1.273702
53	-2.065147
54	-0.914331
55	-1.865376
56	0.591179
57	0.038264
58	2.019880
59	-1.793969
60	0.759244
61	-2.188976
62	-2.577575
63	0.506325
64	1.503851
65	-1.001243
66	-1.894748
67	1.183295
68	-2.863396
69	1.953770
70	0.961426
71	-1.805043
72	-2.879144
73	-1.943017
74	1.973689
75	-1.787897
76	-1.266540
77	-2.179806
78	-1.998951
79	0.495334
80	-1.836323
81	-2.947908
82	-2.540798
83	-1.594754
84	-1.705991
85	-2.410287
86	-0.081184
87	-2.499389
88	0.927081
89	1.005861
90	3.021419
91	-2.441556
92	-1.933819
93	0.036712
94	-2.228273
95	-0.194565
96	-2.090257
97	-3.077049
98	-2.055451
99	1.093844
100	-1.150292
101	-2.015811
102	-2.396700
103	-2.149262
104	-0.024117
105	-3.058468
106	-1.992601
107	-1.703597
108	1.342925
109	3.261889
110	0.956290
111	-0.655865
112	-1.511256
113	-0.015694
114	-2.154969
115	-1.620680
116	-2.950493
117	-1.119462
118	-1.473685
119	-2.005528
120	-1.793120
121	-2.412148
122	-2.009893
123	1.808116
124	-2.265435
125	-2.078012
126	-1.788264
127	3.560747
128	-2.070361
129	1.138510
130	-0.456081
131	-2.771515
132	-1.376503
133	-0.808374
134	-2.604724
135	2.908737
136	-1.801021
137	1.371496
138	-1.574721
139	2.058103
140	-2.024367
141	1.492991
142	0.296773
143	-2.374378
144	-2.025880
145	-2.328019
146	-2.601436
147	-2.444225
148	0.015606
149	0.675205
150	-1.264614
151	-1.587310
152	-1.732726
153	0.104045
154	-1.697399
155	-1.883844
156	1.098754
157	-2.204560
158	0.882647
159	2.385278
160	-2.200289
161	-2.234356
162	1.139122
163	1.898271
164	-2.135351
165	1.660728
166	0.498626
167	0.980095
168	1.268749
169	-0.316265
170	0.748807
171	0.400220
172	0.105570
173	1.898154
174	-1.488155
175	-2.702252
176	1.333502
177	-1.868602
178	-1.662001
179	-2.533166
180	-0.264989
181	-1.690049
182	-2.233297
183	-2.134966
184	-1.605353
185	-1.847387
186	-1.549409
187	1.101871
188	-2.407820
189	1.976336
190	-1.961482
191	1.024207
192	-2.519509
193	-2.043711
194	-1.319807
195	-2.440171
196	0.351299
197	-2.222538
198	-1.663625
199	-2.574065
200	-1.337517
201	-1.891485
202	-1.500324
203	3.045717
204	-1.187342
205	2.350867
206	1.623340
207	0.709258
208	1.503537
209	-2.180344
210	-1.688531
211	-0.017398
212	-2.311915
213	0.344730
214	1.745459
215	-2.990152
216	-1.569949
217	-1.620001
218	0.590242
219	-1.141257
220	0.589196
221	-0.338540
222	-1.551544
223	2.016937
224	-0.930563
225	1.690780
226	-1.998075
227	-1.909895
228	1.193632
229	-1.962163
230	-2.024301
231	-2.072765
232	-1.049499
233	0.968372
234	-1.835696
235	-2.263591
236	-1.776626
237	-2.281098
238	-2.401862
239	0.985863
240	-2.229439
241	-2.061344
242	-1.914103
243	0.339490
244	1.560418
245	-1.552207
246	1.924611
247	-0.107636
248	-1.765992
249	-2.351017
250	-1.590012
251	-1.920771
252	-2.402396
253	0.575217
254	-1.094746
255	-1.848749
256	-1.791267
257	-1.779851
258	-1.800004
259	1.433645
260	-0.356559
261	-1.529570
262	0.621810
263	1.592983
264	-0.106604
265	-2.030636
266	-2.210405
267	-2.242069
268	-3.177343
269	-2.109225
270	-1.467355
271	-2.287548
272	2.238197
273	-1.755882
274	-1.751820
275	2.217805
276	-2.470966
277	0.279067
278	-0.043960
279	1.923370
280	-1.848116
281	-2.174564
282	-2.195682
283	0.194229
284	0.808970
285	-0.920901
286	-2.057356
287	-1.936099
288	-1.895153
289	-2.677907
290	-0.041450
291	-1.444563
292	-1.970246
293	0.593570
294	-2.341050
295	-1.497616
296	0.497826
297	2.084404
298	-2.572749
299	-2.046011
300	-1.703485
301	2.565302
302	-2.825783
303	-2.037368
304	0.735581
305	0.158909
306	-2.434226
307	-1.688279
308	-1.663514
309	-2.868949
310	-1.832224
311	1.588742
312	-2.254046
313	-1.944455
314	-2.311200
315	-1.817596
316	-2.273305
317	-1.951985
318	-2.149729
319	-2.298787
320	0.955597
321	-1.630466
322	-1.133532
323	-1.575477
324	0.312457
325	-2.150206
326	1.990249
327	-1.614101
328	-1.251853
329	1.888001
330	-1.628055
331	-1.671817
332	0.963645
333	-2.200522
334	-2.426103
335	1.073940
336	-1.495394
337	0.631155
338	1.624276
339	-2.398951
340	-2.190534
341	1.091501
342	-2.123501
343	-1.890532
344	1.488290
345	-0.226759
346	-1.847905
347	-1.778887
348	-1.897607
349	-1.630245
350	2.436928
351	-2.732457
352	-2.154766
353	-1.022375
354	-1.004639
355	-2.408051
356	2.131455
357	-1.718337
358	-1.047564
359	2.233901
360	2.065764
361	2.156674
362	-2.087890
363	0.912759
364	-1.911663
365	-1.995628
366	-2.245326
367	-2.575836
368	-2.629182
369	-1.945292
370	-1.577317
371	-1.715720
372	0.730080
373	-2.688735
374	0.548525
375	-2.469004
376	-2.146835
377	-2.410300
378	1.075932
379	-1.049989
380	-2.194264
381	-2.470708
382	-3.511816
383	1.321787
384	2.681388
385	-1.646655
386	-2.232368
387	-1.812282
388	-1.836421
389	-2.082417
390	0.230997
391	-2.189063
392	-2.452712
393	1.119690
394	-2.632819
395	-1.807362
396	-1.405679
397	-1.764260
398	-2.688162
399	-1.691384
400	-2.504225
401	-1.927653
402	-0.153631
403	0.725439
404	-2.811460
405	-2.256546
406	-1.798717
407	-2.400848
408	0.512910
409	0.013460
410	-0.140138
411	-2.214631
412	0.900126
413	-1.724711
414	1.475179
415	-2.206945
416	-1.877763
417	-1.749429
418	-2.177323
419	-2.101989
420	-2.135894
421	-1.894776
422	-2.570156
423	-1.567417
424	1.123202
425	-2.010353
426	2.321060
427	-1.930179
428	-0.413227
429	0.957940
430	1.465552
431	2.249772
432	1.817677
433	-1.632912
434	-2.711570
435	-1.881900
436	-1.184862
437	1.690821
438	1.869440
439	1.258649
440	-1.666843
441	-2.152383
442	-1.768416
443	-2.745504
444	-2.014424
445	-1.854361
446	-2.086135
447	-2.087279
448	-2.812370
449	0.251721
450	0.076819
451	-3.047419
452	-1.610954
453	0.529885
454	-2.602504
455	0.983309
456	-2.007263
457	-2.523589
458	1.911008
459	-2.379491
460	-0.972984
461	1.842240
462	-2.204230
463	0.831751
464	0.353819
465	-2.355554
466	-1.271241
467	-2.016771
468	0.804940
469	-0.051794
470	-1.592709
471	-2.482925
472	-1.543539
473	-1.175109
474	-3.463729
475	-2.613008
476	-2.326516
477	0.861432
478	-1.776949
479	-0.545362
480	2.429751
481	-3.400416
482	-2.231550
483	0.822426
484	1.082068
485	0.275645
486	-1.853526
487	2.436004
488	-2.159314
489	0.599173
490	0.101363
491	-2.110958
492	-2.706734
493	2.847015
494	-1.348851
495	-1.523008
496	-2.774005
497	0.663449
498	-3.417356
499	-2.527704
500	-2.236619
501	1.570817
502	-1.798156
503	0.895746
504	3.173838
505	0.315343
506	-2.007448
507	-1.464955
508	-1.120471
509	1.311882
510	-1.862303
511	-1.421176
512	-1.750839
513	1.144091
514	-1.528120
515	-1.516916
516	3.124737
517	0.759900
518	-0.356949
519	-1.638020
520	-2.673537
521	-1.825879
522	-0.277226
523	-2.768242
524	0.521707
525	1.904763
526	-2.171806
527	-1.832372
528	-2.918523
529	1.675914
530	-2.296060
531	-2.088801
532	-1.157272
533	0.489067
534	-0.879090
535	-2.627078
536	-2.861617
537	-1.872278
538	-1.672297
539	-1.865675
540	-2.060866
541	-2.419780
542	1.349791
543	0.737153
544	-2.425041
545	0.838876
546	-1.956083
547	0.337918
548	0.591358
549	1.107404
550	1.787869
551	0.439828
552	-2.193676
553	0.177574
554	0.214418
555	0.494721
556	-1.575577
557	-2.050491
558	-1.454752
559	-1.196059
560	-1.781047
561	-1.915782
562	-1.882942
563	-2.655340
564	-2.440389
565	-1.369198
566	-1.646610
567	-1.585959
568	-2.131918
569	0.435630
570	2.210534
571	-2.563780
572	1.438417
573	-2.106251
574	-2.357519
575	2.230492
576	0.679120
577	2.736808
578	-2.238388
579	-1.972994
580	-2.537441
581	-2.021321
582	-1.524129
583	0.404712
584	-1.816156
585	-2.542925
586	-1.750331
587	-2.241221
588	-2.248735
589	0.759827
590	-1.552408
591	-1.921877
592	0.021241
593	-2.355324
594	1.449284
595	-1.947636
596	-1.752849
597	2.384964
598	-2.283328
599	1.175049
600	-3.409146
601	-1.416764
602	-2.664610
603	-0.066356
604	0.891686
605	-2.157736
606	-1.863480
607	-0.141030
608	1.770382
609	-2.644822
610	-2.371768
611	1.275414
612	-1.238474
613	-2.300677
614	-1.667905
615	2.462094
616	-2.585200
617	-0.651918
618	-3.016436
619	-2.242106
620	-1.633608
621	1.754199
622	-1.883712
623	-2.825525
624	-1.454302
625	-2.168735
626	-1.519063
627	-2.176757
628	-0.053210
629	-2.059356
630	-1.709551
631	-1.472284
632	-1.165275
633	-1.483020
634	-2.875924
635	-1.979901
636	-0.472208
637	-1.684588
638	-1.256764
639	-2.823018
640	-1.687481
641	-2.485734
642	-1.262111
643	0.442281
644	-2.053406
645	-2.693697
646	-0.489010
647	-2.174040
648	-2.307115
649	-1.762368
650	0.557006
651	1.434075
652	-2.232950
653	-1.937872
654	-2.623096
655	-1.907578
656	-2.419829
657	-1.953913
658	-1.523516
659	1.317036
660	-1.933257
661	-2.808459
662	-2.351294
663	-2.155398
664	1.062293
665	1.768956
666	-1.663535
667	-1.453165
668	-1.741620
669	-1.286414
670	-1.608112
671	0.263456
672	1.833801
673	0.618479
674	0.891202
675	-1.794560
676	-2.120832
677	-2.594428
678	-1.942210
679	-1.601387
680	-1.142568
681	-1.017234
682	0.793698
683	1.322135
684	2.433849
685	-1.255426
686	-2.623232
687	-1.521330
688	-1.975555
689	-2.148420
690	-1.481482
691	-2.021930
692	-1.440204
693	-0.534259
694	-1.619254
695	-1.740419
696	-2.141814
697	1.515412
698	-2.509135
699	1.884988
700	-2.715383
701	-2.796486
702	-1.905877
703	-1.367314
704	-1.920351
705	-1.135873
706	1.676122
707	-2.696780
708	-2.014418
709	-1.323228
710	-1.857141
711	0.920679
712	-2.166371
713	-2.093312
714	-2.024691
715	-0.066429
716	1.211027
717	-2.578942
718	0.704489
719	0.487625
720	-2.933102
721	-2.174627
722	-1.417775
723	-1.293411
724	-1.611576
725	-1.924712
726	-1.119676
727	1.645542
728	-2.030076
729	3.102284
730	-2.333462
731	-1.701195
732	-2.464382
733	-1.818325
734	-2.735900
735	-1.356208
736	-2.723644
737	-2.520728
738	-1.956068
739	-1.976318
740	2.304769
741	-1.963833
742	-0.144217
743	-1.900503
744	-2.525699
745	1.704160
746	-1.525223
747	-1.753493
748	-1.636550
749	1.392604
750	-1.795562
751	-2.608975
752	-2.001835
753	2.150316
754	1.964004
755	-1.850211
756	-1.617763
757	-1.471629
758	-1.584739
759	1.188783
760	1.743430
761	-2.118211
762	-3.025071
763	-1.948592
764	0.867061
765	0.602972
766	-2.106983
767	1.480346
768	0.340083
769	-2.956715
770	-1.781489
771	-0.840822
772	-1.902923
773	-2.515134
774	-0.262689
775	-3.143002
776	0.348077
777	0.879024
778	-2.270106
779	-1.394788
780	-1.623562
781	-2.396266
782	-2.338731
783	-1.799415
784	-1.787906
785	1.466892
786	-1.331526
787	-2.393077
788	1.507036
789	0.482140
790	-1.710694
791	-2.085922
792	0.364867
793	-2.373992
794	-2.624152
795	-3.038428
796	-0.065091
797	-1.580663
798	-2.275180
799	-1.008033
800	2.920389
801	-1.764458
802	-2.141107
803	-2.694549
804	-2.707984
805	-2.416043
806	1.053116
807	-2.033221
808	-1.693286
809	0.528841
810	-1.728007
811	1.521019
812	1.455325
813	0.450270
814	0.153590
815	-2.380771
816	-1.719293
817	-1.937018
818	0.998716
819	0.145438
820	-1.687654
821	0.575525
822	-1.953317
823	0.957058
824	-1.974041
825	1.782935
826	-2.476813
827	-2.407547
828	-0.441750
829	-0.228381
830	-1.937616
831	-2.581462
832	-1.488088
833	-1.408850
834	-2.308559
835	-1.719389
836	-2.772719
837	-2.383536
838	-2.983979
839	-1.124735
840	2.362913
841	1.386081
842	-1.892699
843	0.653506
844	-2.491381
845	-1.518048
846	2.950944
847	-1.583515
848	-1.392244
849	1.112979
850	-1.597684
851	-0.962894
852	-2.412198
853	-1.264533
854	2.580852
855	-1.709706
856	-1.315848
857	-1.442766
858	-1.961886
859	0.303292
860	2.092889
861	-2.017383
862	1.845973
863	1.513040
864	-0.650423
865	-2.010833
866	0.214920
867	-1.341312
868	-1.895483
869	-2.249200
870	-2.287222
871	1.192058
872	2.273425
873	-1.384507
874	-1.812003
875	2.682894
876	1.840281
877	-1.142808
878	-2.004025
879	0.932209
880	1.106173
881	-1.478020
882	-2.741445
883	-3.021290
884	-2.870898
885	-2.258943
886	-2.669577
887	2.133418
888	-1.378769
889	-1.929195
890	-2.202935
891	-2.108575
892	3.458157
893	1.330233
894	0.903318
895	-2.361170
896	-0.056478
897	-0.043846
898	-1.843932
899	-1.263050
900	-0.509445
901	1.186332
902	-1.737178
903	-2.102640
904	-1.639179
905	-1.153276
906	0.343038
907	-2.093389
908	1.037889
909	1.552781
910	-1.756407
911	-2.226867
912	-1.970784
913	-3.012063
914	0.463269
915	-1.582779
916	0.378409
917	-2.165295
918	2.158230
919	0.886084
920	1.421906
921	2.609208
922	-1.980617
923	-2.428688
924	-1.947028
925	-1.932643
926	-2.352124
927	-2.305053
928	1.563405
929	-1.134737
930	0.885565
931	-2.877147
932	0.438915
933	1.187105
934	-1.206310
935	-2.585643
936	-1.551196
937	-1.973962
938	-1.411783
939	-1.810230
940	0.874345
941	-0.475550
942	-1.573271
943	1.889584
944	1.315844
945	-2.028639
946	-1.857066
947	-2.574481
948	-2.029782
949	2.573177
950	-2.522251
951	2.137677
952	-2.352956
953	1.120455
954	-2.417012
955	-1.889809
956	-2.605306
957	4.217213
958	-2.912414
959	-1.194781
960	-2.273449
961	-1.904148
962	1.193702
963	2.354184
964	0.192098
965	-1.414830
966	1.225592
967	2.090167
968	1.365188
969	-1.851529
970	-3.004812
971	-2.130145
972	-2.562461
973	1.530063
974	-2.121022
975	-2.594801
976	2.090784
977	0.425505
978	-1.877884
979	1.822547
980	-1.924541
981	-2.710574
982	-1.962806
983	0.091949
984	3.132788
985	0.497529
986	-2.228237
987	2.274857
988	1.567251
989	-1.904552
990	-1.251677
991	-1.183584
992	-2.993670
993	1.704661
994	-0.655853
995	-1.777585
996	-1.909957
997	1.134468
998	-2.052260
999	-2.579570
1000	1.329184
1001	-1.610868
1002	-1.972575
1003	-1.445551
1004	0.293475
1005	-2.538853
1006	-2.382075
1007	-1.599794
1008	-1.212244
1009	-2.831649
1010	-1.761853
1011	-1.283838
1012	1.009128
1013	-1.922570
1014	-0.721406
1015	2.526789
1016	0.576780
1017	-1.327464
1018	-1.767831
1019	-0.172381
1020	1.902985
1021	-0.946245
1022	-1.823689
1023	0.440945
1024	0.573714
1025	-2.414008
1026	-1.654475
1027	1.932558
1028	-2.836797
1029	-0.019507
1030	1.691565
1031	-1.917123
1032	-1.704367
1033	-2.171684
1034	2.482013
1035	-2.640189
1036	-1.676909
1037	1.967082
1038	-2.688774
1039	-0.001323
1040	-2.609830
1041	1.669224
1042	-2.562437
1043	2.464718
1044	-2.232558
1045	-2.174022
1046	-1.551527
1047	0.493693
1048	1.163504
1049	2.268210
1050	-1.882763
1051	-2.703731
1052	-2.236572
1053	-0.352795
1054	-1.323322
1055	-1.759097
1056	-1.831148
1057	-2.421727
1058	-2.626053
1059	-2.476683
1060	1.326706
1061	-0.141309
1062	1.567338
1063	-2.654377
1064	3.074398
1065	-2.653708
1066	0.704416
1067	-0.059870
1068	-0.992514
1069	-0.867495
1070	-1.701703
1071	-2.068422
1072	0.396202
1073	1.298028
1074	-1.451516
1075	0.005600
1076	-1.577100
1077	-1.227172
1078	-2.052269
1079	-0.263068
1080	-1.083314
1081	2.727274
1082	-1.704349
1083	3.414910
1084	-2.591829
1085	-1.876760
1086	-2.654539
1087	-2.991137
1088	-0.116427
1089	-2.043721
1090	-2.420538
1091	2.652711
1092	1.791687
1093	1.882150
1094	1.931420
1095	-1.768169
1096	2.908457
1097	-1.558931
1098	-0.049254
1099	-1.631642
1100	-1.886366
1101	1.526071
1102	-1.896983
1103	-2.168483
1104	-2.365278
1105	-2.242524
1106	-2.076917
1107	2.000557
1108	-2.141642
1109	2.148804
1110	-1.989788
1111	-0.613550
1112	1.676544
1113	-2.213248
1114	-2.490369
1115	1.207050
1116	-1.899763
1117	1.490809
1118	-1.670486
1119	-1.849550
1120	0.734320
1121	-2.733825
1122	-1.838483
1123	-2.127815
1124	-1.802146
1125	-1.522697
1126	-1.856282
1127	-1.162201
1128	-1.400355
1129	-1.228433
1130	-1.639190
1131	-3.246771
1132	2.266763
1133	-0.120540
1134	-1.245184
1135	0.873829
1136	-2.415881
1137	-2.023225
1138	-1.957747
1139	-2.078194
1140	0.796322
1141	1.665500
1142	-2.403203
1143	-2.207049
1144	-2.501345
1145	-2.201015
1146	-1.876390
1147	1.174762
1148	0.535667
1149	-2.099781
1150	-2.757316
1151	0.936450
1152	-1.651892
1153	-1.773205
1154	1.622435
1155	-0.874546
1156	-1.453941
1157	-1.827972
1158	-2.648974
1159	-2.270148
1160	-2.583062
1161	0.177404
1162	-2.170420
1163	-0.388564
1164	-0.253030
1165	2.099981
1166	-2.293802
1167	-2.703046
1168	2.478555
1169	1.586012
1170	-2.357589
1171	-2.226007
1172	-2.589793
1173	-2.089337
1174	-2.397981
1175	2.054588
1176	-1.714051
1177	1.401204
1178	2.587149
1179	-0.034541
1180	-2.443324
1181	-1.894690
1182	1.675894
1183	0.686518
1184	1.272014
1185	-2.208388
1186	1.194719
1187	-2.173676
1188	-0.800779
1189	-2.471939
1190	0.487695
1191	-2.715617
1192	-2.332436
1193	-2.517180
1194	1.822392
1195	-0.058298
1196	-2.724817
1197	1.120449
1198	-1.658187
1199	-1.648385
1200	0.070012
1201	-2.442700
1202	-0.222118
1203	-1.640712
1204	0.208234
1205	-0.489781
1206	-1.755971
1207	0.523857
1208	-2.262735
1209	1.931776
1210	-0.090969
1211	-2.626105
1212	-1.522105
1213	-2.152495
1214	-2.268815
1215	-2.374290
1216	-1.540985
1217	-1.250283
1218	0.474707
1219	-1.772325
1220	-1.656973
1221	2.241280
1222	2.097707
1223	-2.652309
1224	-2.342207
1225	0.447307
1226	-0.930765
1227	-1.816975
1228	-1.585375
1229	-2.021949
1230	-2.490291
1231	0.423110
1232	-2.365590
1233	1.165137
1234	-1.093845
1235	-1.905827
1236	2.021224
1237	0.499825
1238	-1.514134
1239	-2.795229
1240	-1.811436
1241	-2.200256
1242	-2.388840
1243	-0.985400
1244	2.580900
1245	-2.222436
1246	-2.572340
1247	-1.291197
1248	1.267265
1249	-1.585063
1250	-1.905293
1251	-1.772670
1252	-1.426366
1253	-2.442140
1254	1.508953
1255	-2.390860
1256	-2.162540
1257	-1.678475
1258	-2.084370
1259	1.812861
1260	-1.731973
1261	-1.855033
1262	1.185725
1263	-0.456767
1264	-2.143411
1265	0.342852
1266	-2.723277
1267	-1.947440
1268	0.346757
1269	-2.004829
1270	-2.319330
1271	-0.254519
1272	-1.806987
1273	-2.996872
1274	-1.907868
1275	-2.762454
1276	-2.233090
1277	0.752611
1278	0.968697
1279	-1.601392
1280	-2.061159
1281	-2.882906
1282	-2.895225
1283	-0.582156
1284	1.270436
1285	-2.366715
1286	-2.416856
1287	3.327182
1288	-2.278605
1289	-1.714412
1290	-1.429613
1291	-2.761152
1292	1.023297
1293	-2.028043
1294	-3.152171
1295	2.073671
1296	0.394311
1297	-2.071811
1298	-2.493254
1299	-2.298501
1300	0.994917
1301	-0.047460
1302	-2.021869
1303	-2.104750
1304	1.575123
1305	-0.113425
1306	0.340393
1307	1.485382
1308	-1.261902
1309	2.530476
1310	-1.220154
1311	-3.012136
1312	-1.302699
1313	-1.334707
1314	-1.346441
1315	1.510766
1316	-1.993213
1317	-1.978013
1318	0.424222
1319	1.228103
1320	-2.017747
1321	-2.821315
1322	1.363118
1323	3.329343
1324	0.111738
1325	-2.485145
1326	0.923012
1327	-2.485467
1328	1.688080
1329	-1.665109
1330	0.916749
1331	-2.272229
1332	-2.388636
1333	0.722083
1334	-1.349815
1335	3.179018
1336	2.819555
1337	-1.620350
1338	-1.841481
1339	-0.533057
1340	-1.901513
1341	-1.475412
1342	-2.141797
1343	-0.109127
1344	-1.099914
1345	0.888997
1346	-2.891314
1347	-1.749116
1348	-1.339947
1349	-1.561506
1350	-0.504873
1351	-1.709725
1352	0.995569
1353	-2.308351
1354	-0.960538
1355	-2.702984
1356	-3.230470
1357	-2.142444
1358	-2.313913
1359	-2.022568
1360	-0.961009
1361	-1.809632
1362	-0.610896
1363	-2.059389
1364	-1.854665
1365	-0.099720
1366	-2.626367
1367	-2.859048
1368	-2.224537
1369	-3.281042
1370	-2.224389
1371	-1.150990
1372	-1.957637
1373	0.961983
1374	2.359662
1375	2.814372
1376	-2.014000
1377	-1.670276
1378	-1.756393
1379	-0.028814
1380	1.432924
1381	0.909633
1382	-2.869643
1383	-1.126288
1384	1.472889
1385	-2.257748
1386	1.454409
1387	-2.302093
1388	1.751633
1389	-3.122585
1390	-2.003728
1391	-2.287576
1392	-2.330882
1393	-1.728286
1394	1.544646
1395	0.737718
1396	-1.303251
1397	-2.521844
1398	-1.731418
1399	-1.628566
1400	-1.919581
1401	-2.811477
1402	-1.177810
1403	1.238931
1404	-2.153151
1405	-2.132315
1406	-2.443666
1407	-0.254763
1408	-2.847223
1409	-1.860811
1410	1.104666
1411	1.000349
1412	1.447719
1413	2.162251
1414	-1.275224
1415	-1.591162
1416	-1.516899
1417	-1.706841
1418	-1.847514
1419	0.922429
1420	2.701606
1421	-1.539453
1422	-1.821096
1423	1.473556
1424	-1.464813
1425	-2.106291
1426	0.465441
1427	0.192544
1428	0.605436
1429	-1.855493
1430	-1.710148
1431	-1.418731
1432	0.645358
1433	1.023231
1434	2.155192
1435	-2.563806
1436	-2.372228
1437	0.880452
1438	-2.067517
1439	-1.819219
1440	-2.033975
1441	-2.291873
1442	-2.190271
1443	0.560863
1444	-1.445938
1445	-0.424997
1446	-2.139210
1447	-1.854084
1448	-1.857177
1449	-2.165677
1450	-2.744470
1451	0.697853
1452	-0.738706
1453	-1.290239
1454	-1.665098
1455	-1.653272
1456	3.085781
1457	-1.591853
1458	2.561874
1459	0.863178
1460	-2.732075
1461	-2.833926
1462	-1.926873
1463	0.960111
1464	1.593863
1465	-0.844028
1466	-2.146138
1467	3.653290
1468	-2.200211
1469	-2.668629
1470	-1.771995
1471	-1.371023
1472	1.297639
1473	-1.437878
1474	-1.734899
1475	-2.010612
1476	-1.496221
1477	-1.260281
1478	-1.722545
1479	-0.013664
1480	-1.739121
1481	-1.946006
1482	1.292666
1483	0.936423
1484	1.241041
1485	-2.348405
1486	1.569490
1487	-2.580370
1488	-0.395253
1489	-1.154299
1490	-2.027507
1491	-2.124883
1492	1.239572
1493	-1.050134
1494	-1.524066
1495	-0.552253
1496	-1.162502
1497	-1.635731
1498	-2.028814
1499	-1.129498
1500	0.938586
1501	1.573041
1502	-2.573209
1503	-1.806795
1504	-2.235696
1505	-0.076649
1506	-2.131587
1507	0.200184
1508	-2.368887
1509	2.107703
1510	0.813809
1511	-1.866083
1512	-2.232753
1513	0.340355
1514	-1.697207
1515	1.270105
1516	-1.952193
1517	1.403527
1518	-1.844751
1519	-3.138859
1520	-2.013913
1521	-2.417229
1522	2.870999
1523	-2.139473
1524	1.343473
1525	-2.127533
1526	-1.411199
1527	-2.647529
1528	-1.505669
1529	-3.071261
1530	-2.603109
1531	1.324932
1532	-1.778897
1533	-0.330029
1534	-2.133885
1535	-1.978132
1536	1.015460
1537	-0.017424
1538	2.513168
1539	-2.031545
1540	-2.863807
1541	-2.169563
1542	-1.708146
1543	0.018806
1544	-1.506672
1545	-0.097355
1546	-2.008999
1547	-1.409244
1548	1.271164
1549	-2.735176
1550	1.372514
1551	-2.717351
1552	-1.774083
1553	0.646544
1554	-2.375210
1555	-1.444148
1556	2.395929
1557	-1.972114
1558	-1.707086
1559	-0.547813
1560	-1.665783
1561	-1.382381
1562	1.841453
1563	-2.012207
1564	-2.232934
1565	-1.827504
1566	-0.425431
1567	1.392019
1568	-2.669765
1569	-2.142102
1570	2.025567
1571	1.011892
1572	0.486347
1573	1.993984
1574	-1.293503
1575	-2.430619
1576	-2.094994
1577	0.962464
1578	-2.171490
1579	-1.289092
1580	0.213841
1581	-2.138255
1582	-1.619896
1583	0.441978
1584	-1.731779
1585	2.118563
1586	-2.183147
1587	-1.865876
1588	-2.416532
1589	-2.475471
1590	-1.770265
1591	-1.188018
1592	1.535624
1593	-0.080416
1594	-2.202693
1595	-2.137690
1596	-2.622930
1597	-1.735153
1598	-2.728890
1599	-2.241697
1600	-2.131530
1601	-2.251195
1602	-1.752999
1603	-2.092047
1604	-1.502441
1605	-2.285909
1606	-2.405731
1607	1.122684
1608	0.272680
1609	0.261839
1610	-2.196205
1611	-2.523477
1612	0.959340
1613	-2.261907
1614	-2.747832
1615	2.366444
1616	1.227705
1617	-2.540647
1618	0.131955
1619	-2.324605
1620	-2.106756
1621	-2.027167
1622	-2.675232
1623	-1.839653
1624	0.975538
1625	-1.450172
1626	-1.130778
1627	-2.015743
1628	-2.941425
1629	-1.471814
1630	0.022711
1631	0.244486
1632	-1.828702
1633	-2.241888
1634	-1.712184
1635	-1.368992
1636	-2.949737
1637	2.240587
1638	-1.739418
1639	1.185842
1640	-1.716307
1641	-2.016008
1642	-2.238722
1643	1.167259
1644	-2.125869
1645	-1.249494
1646	-1.330752
1647	0.238053
1648	1.208086
1649	1.624856
1650	0.765721
1651	-2.215632
1652	-1.795581
1653	1.848827
1654	-2.559455
1655	-1.506386
1656	-2.510407
1657	-2.261623
1658	0.874325
1659	-2.061531
1660	3.100027
1661	0.070419
1662	0.629127
1663	-1.652143
1664	-2.434030
1665	-2.431859
1666	-1.528018
1667	-1.819145
1668	-2.497135
1669	-2.411478
1670	-1.451154
1671	0.569073
1672	-1.436402
1673	0.828492
1674	-2.691189
1675	-0.278516
1676	0.703285
1677	1.055763
1678	-2.087671
1679	0.386536
1680	0.594681
1681	1.680772
1682	-2.853795
1683	-2.590356
1684	1.232216
1685	1.145189
1686	-2.820892
1687	0.364979
1688	-1.213622
1689	2.237969
1690	-3.030613
1691	-2.260611
1692	-2.691342
1693	-2.562328
1694	-2.265795
1695	-0.604011
1696	-1.493544
1697	-1.121227
1698	-0.936654
1699	1.901645
1700	-2.226534
1701	-1.810075
1702	-1.638486
1703	-1.912968
1704	1.762059
1705	0.200386
1706	-2.174981
1707	1.320637
1708	-1.345605
1709	0.192739
1710	-2.093281
1711	-1.658305
1712	2.128221
1713	-1.994712
1714	0.642884
1715	-3.021315
1716	-2.139640
1717	1.390289
1718	2.528218
1719	-2.000094
1720	-2.348442
1721	-2.467695
1722	2.416596
1723	1.854332
1724	0.822637
1725	-1.666763
1726	2.809099
1727	2.201557
1728	-2.179468
1729	-2.615010
1730	-1.618286
1731	-1.791677
1732	-2.134344
1733	-2.561113
1734	1.265742
1735	-1.224539
1736	-2.277634
1737	-0.018254
1738	1.101310
1739	-2.068349
1740	-2.075987
1741	-2.056787
1742	2.190789
1743	-0.840107
1744	0.011012
1745	1.710739
1746	1.096060
1747	3.682696
1748	0.091991
1749	0.563599
1750	-2.458794
1751	-2.516524
1752	1.808641
1753	-2.188045
1754	-1.882299
1755	0.689646
1756	0.067808
1757	-2.407773
1758	-2.645160
1759	1.169538
1760	-2.230140
1761	-2.346315
1762	-1.348130
1763	-2.531998
1764	0.236709
1765	-2.242395
1766	0.432706
1767	0.365167
1768	0.150222
1769	-2.695975
1770	1.465357
1771	-0.565763
1772	-2.462424
1773	-1.335349
1774	-2.293395
1775	0.230938
1776	-0.091119
1777	-2.024817
1778	1.354795
1779	1.232214
1780	-1.676029
1781	2.344236
1782	-2.377623
1783	0.238315
1784	-0.932480
1785	-2.031159
1786	-2.272720
1787	-2.281568
1788	-0.686928
1789	1.100663
1790	-2.096571
1791	0.439452
1792	2.021298
1793	0.880459
1794	-2.013014
1795	-1.400177
1796	-1.629431
1797	-1.403765
1798	-1.745117
1799	-1.482065
1800	-1.055572
1801	-2.176570
1802	1.385483
1803	0.599558
1804	0.285324
1805	-2.259646
1806	-1.514180
1807	-2.260649
1808	-1.666149
1809	-2.332551
1810	-0.692167
1811	-1.353087
1812	-1.288827
1813	-1.943249
1814	-2.093098
1815	-2.567577
1816	0.421446
1817	0.719971
1818	-1.747384
1819	0.688020
1820	-2.355994
1821	1.994423
1822	-1.527175
1823	3.968568
1824	2.255678
1825	-1.578979
1826	0.334270
1827	-1.647429
1828	1.950423
1829	-2.053354
1830	-1.810573
1831	1.082970
1832	-1.628341
1833	-2.102630
1834	0.748961
1835	2.844377
1836	-1.895832
1837	1.464694
1838	-2.146574
1839	-2.593294
1840	-2.116878
1841	-0.069264
1842	-2.510906
1843	0.188082
1844	-2.006983
1845	-1.614309
1846	-1.149973
1847	-2.244562
1848	0.119658
1849	-2.522920
1850	-2.050836
1851	-2.316375
1852	1.322429
1853	-0.353473
1854	-1.773075
1855	-1.385515
1856	-2.031215
1857	-2.249700
1858	-2.625957
1859	-1.328887
1860	2.132343
1861	-2.219484
1862	-3.211152
1863	-1.412236
1864	-1.979256
1865	-2.066407
1866	-1.823489
1867	-2.551445
1868	1.555514
1869	-2.566683
1870	-2.127412
1871	1.963858
1872	-2.302375
1873	-2.557324
1874	1.081512
1875	-3.259465
1876	-0.935352
1877	-2.045165
1878	0.876599
1879	0.179942
1880	-2.000723
1881	-1.690522
1882	-1.917648
1883	-1.453411
1884	1.317428
1885	1.413969
1886	1.294893
1887	1.293613
1888	-0.027454
1889	-0.527310
1890	1.140622
1891	0.623561
1892	-2.768025
1893	-0.586631
1894	-2.005864
1895	2.280707
1896	-2.311335
1897	3.621970
1898	-1.409219
1899	-1.333415
1900	0.879589
1901	-1.790551
1902	1.606210
1903	1.366329
1904	-1.791534
1905	2.497488
1906	-2.257985
1907	-1.631575
1908	-2.753488
1909	-2.138789
1910	-2.114663
1911	-1.636562
1912	0.300319
1913	1.052221
1914	-1.904264
1915	-2.616687
1916	-1.079194
1917	-2.446947
1918	-1.586042
1919	-1.934040
1920	-2.439668
1921	-2.050847
1922	-1.850146
1923	-1.212051
1924	-1.277822
1925	2.066148
1926	-2.087384
1927	-1.698975
1928	-2.235606
1929	-2.976179
1930	-1.999706
1931	-1.075035
1932	-2.369542
1933	0.545034
1934	-2.129719
1935	-2.038785
1936	-3.545811
1937	-1.538772
1938	0.893543
1939	0.180405
1940	-2.003701
1941	-1.597920
1942	-1.966450
1943	-1.176040
1944	1.752718
1945	-1.424987
1946	-1.163535
1947	2.148991
1948	-1.778196
1949	0.876780
1950	-1.465080
1951	1.868733
1952	2.470719
1953	1.841203
1954	1.714092
1955	-1.458100
1956	2.005429
1957	1.632629
1958	-2.766612
1959	0.491262
1960	-2.352450
1961	-2.138284
1962	-3.300100
1963	-2.406879
1964	1.074715
1965	-2.050612
1966	-2.046383
1967	-0.446336
1968	-1.880370
1969	-1.311295
1970	2.311380
1971	-2.865711
1972	-2.243268
1973	-1.743158
1974	-2.689108
1975	-1.665842
1976	-2.293298
1977	1.099631
1978	-2.456782
1979	1.727047
1980	-1.409700
1981	-0.109369
1982	0.013524
1983	-1.922233
1984	-1.863895
1985	1.827344
1986	-2.111939
1987	-1.710624
1988	-1.888077
1989	-2.021179
1990	-1.092786
1991	-2.373028
1992	-1.762838
1993	-1.547303
1994	2.376613
1995	-1.931117
1996	-1.006939
1997	2.935001
1998	-1.634440
1999	-0.477701
2000	-3.024985
2001	-2.067591
2002	-1.648094
2003	-2.175892
2004	1.560725
2005	1.659976
2006	0.226824
2007	-1.815741
2008	1.649256
2009	1.840191
2010	-2.381229
2011	-1.670807
2012	-2.795186
2013	-0.481109
2014	1.956228
2015	2.091762
2016	-1.811684
2017	-2.066404
2018	1.077156
2019	-2.373338
2020	-0.079205
2021	-1.938064
2022	-1.433000
2023	-1.827581
2024	-1.933631
2025	-1.904104
2026	0.496067
2027	0.183117
2028	-1.958754
2029	1.799688
2030	-0.322375
2031	0.793221
2032	-2.311078
2033	-2.773641
2034	3.318964
2035	-2.164370
2036	-2.250858
2037	0.759355
2038	-2.438998
2039	1.233357
2040	1.422927
2041	0.427551
2042	-2.413538
2043	0.562183
2044	-1.631604
2045	-1.424691
2046	-0.541436
2047	-1.893735
2048	-2.553126
2049	-1.751338
2050	1.738404
2051	0.884111
2052	-2.063364
2053	0.237970
2054	-1.689944
2055	-1.305843
2056	-1.565306
2057	2.826005
2058	-3.001116
2059	-1.914539
2060	0.308662
2061	0.996103
2062	0.590440
2063	0.889678
2064	-2.331929
2065	2.499906
2066	-1.824280
2067	-0.066581
2068	1.104176
2069	-1.649471
2070	1.223794
2071	-2.994929
2072	0.227849
2073	-1.290707
2074	-1.837640
2075	-1.727838
2076	-2.518233
2077	2.873252
2078	2.557374
2079	1.482717
2080	-1.786141
2081	-2.279775
2082	-2.981174
2083	-2.465809
2084	-2.754735
2085	1.422900
2086	-2.588196
2087	-2.308104
2088	-2.693356
2089	1.188875
2090	-2.995348
2091	1.582080
2092	-2.021175
2093	-2.122129
2094	1.129465
2095	2.578899
2096	-0.136595
2097	0.543710
2098	-1.584555
2099	-1.577430
2100	-0.112410
2101	-2.369582
2102	-2.454797
2103	-2.759125
2104	2.258695
2105	-1.739692
2106	2.924443
2107	-1.665084
2108	-0.510760
2109	-1.913767
2110	0.814547
2111	0.659754
2112	0.431788
2113	1.152467
2114	1.574309
2115	-1.408999
2116	-2.140633
2117	2.379046
2118	-1.500628
2119	-2.072683
2120	-2.625307
2121	-1.447855
2122	1.077339
2123	-1.296369
2124	-2.242605
2125	0.599734
2126	1.707352
2127	-2.374741
2128	-1.708244
2129	-2.143504
2130	1.115476
2131	1.593855
2132	-2.543654
2133	-2.061062
2134	-2.096076
2135	-1.587400
2136	-2.352343
2137	-1.890581
2138	-2.604858
2139	-1.558621
2140	-2.181579
2141	0.466151
2142	-2.400120
2143	-2.232726
2144	-2.111661
2145	-1.886384
2146	-2.293672
2147	0.010518
2148	1.247280
2149	1.733508
2150	-1.723431
2151	-0.844987
2152	2.391801
2153	-1.397789
2154	2.166904
2155	-2.064920
2156	0.936073
2157	1.713732
2158	1.259676
2159	2.223511
2160	1.320918
2161	-2.358573
2162	3.344134
2163	-2.147186
2164	-3.128950
2165	1.756791
2166	0.810391
2167	-0.387899
2168	-1.507511
2169	-2.029348
2170	-2.275021
2171	0.709912
2172	-1.276276
2173	-2.217635
2174	-2.437749
2175	-1.389093
2176	-2.777773
2177	-2.235429
2178	-1.231382
2179	-2.084452
2180	1.793747
2181	-2.091012
2182	0.185085
2183	-2.560770
2184	0.461920
2185	-2.695358
2186	-2.701912
2187	-0.400469
2188	-2.183920
2189	-1.522445
2190	-1.487507
2191	-0.775262
2192	0.317949
2193	-1.728728
2194	0.255289
2195	-1.492546
2196	-1.615548
2197	-2.296276
2198	0.455360
2199	-1.002358
2200	0.488606
2201	-1.437601
2202	-2.477289
2203	-2.508236
2204	1.117398
2205	-2.251138
2206	1.858580
2207	-1.989560
2208	-0.974624
2209	-2.087965
2210	-1.769828
2211	-1.591752
2212	0.631786
2213	-2.195992
2214	-2.558650
2215	-1.434570
2216	2.335075
2217	-1.295030
2218	1.249566
2219	-2.210121
2220	-1.715270
2221	0.946956
2222	-1.514460
2223	-0.166949
2224	0.456644
2225	-0.565048
2226	-2.550027
2227	-2.599513
2228	-1.617297
2229	0.453462
2230	-2.157985
2231	-1.717550
2232	-0.205016
2233	-2.289041
2234	-2.174253
2235	1.372563
2236	-1.865850
2237	2.864760
2238	-2.330786
2239	-1.611973
2240	2.871882
2241	0.555551
2242	0.380588
2243	0.991236
2244	0.717684
2245	-3.434416
2246	0.600741
2247	-1.672475
2248	-1.988126
2249	-2.880601
2250	-2.505864
2251	-0.979116
2252	-0.377872
2253	-2.026392
2254	1.583590
2255	0.918838
2256	-2.846447
2257	-1.763441
2258	-2.460401
2259	-1.465126
2260	1.508494
2261	0.814429
2262	-1.423807
2263	-1.725969
2264	-2.264181
2265	-1.385640
2266	-3.180757
2267	-2.125133
2268	1.311276
2269	2.068792
2270	-2.687805
2271	1.813285
2272	2.525950
2273	1.384711
2274	1.132489
2275	-2.189686
2276	-2.964312
2277	-2.400637
2278	-0.886474
2279	0.494823
2280	1.383321
2281	2.768066
2282	-0.441926
2283	-1.110119
2284	-2.281577
2285	-2.094071
2286	2.176344
2287	-2.077134
2288	1.667728
2289	0.633523
2290	-0.160570
2291	1.599976
2292	-2.036626
2293	-1.784197
2294	-1.396429
2295	1.840730
2296	-2.413944
2297	-2.021723
2298	-0.457319
2299	0.484502
2300	-1.822301
2301	-1.549829
2302	-2.865222
2303	-1.769783
2304	-2.394952
2305	0.156393
2306	1.154421
2307	-2.372498
2308	-2.334240
2309	1.926525
2310	1.153209
2311	2.728186
2312	1.413342
2313	1.353718
2314	-2.166654
2315	0.585654
2316	1.273861
2317	-1.697132
2318	0.591022
2319	1.673751
2320	-1.656452
2321	-2.088125
2322	-1.677463
2323	-0.565438
2324	-1.940386
2325	-2.491027
2326	-1.698393
2327	0.521404
2328	2.713134
2329	2.747755
2330	-2.113012
2331	0.932059
2332	-1.744749
2333	1.877696
2334	-1.835262
2335	-2.299254
2336	-1.937390
2337	0.696002
2338	-2.065207
2339	1.693412
2340	-1.224690
2341	-0.034364
2342	-2.215819
2343	-1.988043
2344	-1.322023
2345	0.837748
2346	0.081163
2347	-2.563923
2348	-1.721211
2349	2.245743
2350	-0.228756
2351	1.044387
2352	1.678882
2353	-2.445347
2354	0.629982
2355	-1.921303
2356	-1.897446
2357	1.000225
2358	-1.490582
2359	-0.591721
2360	3.075318
2361	0.418191
2362	-2.682834
2363	-1.600200
2364	-1.035707
2365	-1.904149
2366	0.106489
2367	-1.771108
2368	1.314873
2369	-0.991759
2370	0.669804
2371	2.096058
2372	1.710832
2373	-2.883919
2374	1.506278
2375	-2.379890
2376	-2.362132
2377	0.990042
2378	-1.839691
2379	-1.511095
2380	-0.794917
2381	0.098018
2382	0.887695
2383	-2.328118
2384	-2.286497
2385	-1.797139
2386	-2.218178
2387	1.025740
2388	-1.675198
2389	1.176571
2390	1.497782
2391	2.193423
2392	0.789130
2393	2.135352
2394	-2.061169
2395	0.474196
2396	-2.046558
2397	-3.003985
2398	-2.548555
2399	-1.702475
2400	-2.739812
2401	-0.015336
2402	-2.147459
2403	-2.185197
2404	-2.160747
2405	-2.778199
2406	1.184706
2407	-1.733407
2408	2.001192
2409	0.878307
2410	-2.372861
2411	-2.060416
2412	-1.824737
2413	-0.966597
2414	-0.736093
2415	-2.212984
2416	1.053605
2417	0.791394
2418	1.007472
2419	-0.991220
2420	-2.863504
2421	-2.266215
2422	-2.515302
2423	1.391955
2424	-2.366970
2425	-1.386685
2426	-1.986191
2427	-1.620616
2428	-1.315687
2429	-2.001416
2430	0.420105
2431	1.231018
2432	1.076382
2433	0.252160
2434	-1.043520
2435	-0.360583
2436	-0.040908
2437	-2.973479
2438	1.920264
2439	1.097600
2440	-2.127217
2441	-0.388046
2442	-2.692907
2443	-2.543857
2444	-1.676577
2445	-2.627521
2446	0.479343
2447	-1.999747
2448	2.293432
2449	1.754371
2450	0.478733
2451	-2.005628
2452	2.092120
2453	-0.099840
2454	-2.017168
2455	-1.758922
2456	2.284251
2457	0.885485
2458	-1.569572
2459	-2.658101
2460	-2.336706
2461	-1.628234
2462	-1.180625
2463	-0.347128
2464	-2.217527
2465	-2.006095
2466	-2.109323
2467	-1.765136
2468	-2.403367
2469	-0.455306
2470	-2.198050
2471	-2.425827
2472	-1.431736
2473	-2.682507
2474	0.927729
2475	-1.679486
2476	-2.023095
2477	0.330212
2478	1.522522
2479	-0.897103
2480	-2.411029
2481	0.634953
2482	-1.413368
2483	-1.897249
2484	-2.011663
2485	-2.322257
2486	-2.184735
2487	-1.204913
2488	0.644863
2489	1.019236
2490	-0.987690
2491	-2.139608
2492	0.977467
2493	-2.039294
2494	0.468875
2495	-1.718773
2496	-1.859220
2497	-1.460911
2498	0.194921
2499	-0.040847
2500	-1.686062
2501	-1.893692
2502	-2.558727
2503	-2.053841
2504	1.860556
2505	-1.320461
2506	-1.437179
2507	0.422887
2508	0.324524
2509	1.501681
2510	-2.103948
2511	-2.614272
2512	-1.946092
2513	0.859829
2514	-2.492745
2515	-1.274715
2516	0.431427
2517	-2.728641
2518	1.139087
2519	2.658993
2520	-1.931363
2521	0.670110
2522	0.845397
2523	-2.562970
2524	-2.400613
2525	-2.251872
2526	-2.612918
2527	-2.644473
2528	0.146847
2529	-1.987008
2530	-1.589536
2531	-1.686711
2532	0.463765
2533	1.307678
2534	1.086309
2535	-2.409648
2536	0.807372
2537	1.570895
2538	1.631336
2539	3.015035
2540	-0.453454
2541	-1.520702
2542	-0.231548
2543	-2.180489
2544	-2.307756
2545	1.288099
2546	2.799969
2547	-2.867341
2548	1.198671
2549	-2.189711
2550	-0.989637
2551	-1.305978
2552	0.308484
2553	-1.587847
2554	-2.197182
2555	-1.802663
2556	1.194283
2557	0.164927
2558	-2.561891
2559	-1.663002
2560	-1.942908
2561	-2.218576
2562	-0.475842
2563	-2.548006
2564	-2.394407
2565	-0.113968
2566	-3.407823
2567	1.852511
2568	-2.116388
2569	-1.966850
2570	-1.333628
2571	-0.998057
2572	-2.255752
2573	0.069106
2574	-2.979822
2575	-0.371514
2576	-0.396881
2577	3.016752
2578	1.166421
2579	-2.850568
2580	-1.321931
2581	-2.028082
2582	-0.026719
2583	0.329630
2584	-1.962564
2585	-2.705194
2586	-1.649251
2587	-0.106131
2588	3.639353
2589	-1.387628
2590	2.621600
2591	-1.424313
2592	-2.124979
2593	-1.526009
2594	-1.747658
2595	-0.915924
2596	-1.806378
2597	2.707901
2598	-3.296262
2599	-3.168434
2600	-1.675672
2601	2.493947
2602	-1.769150
2603	0.657043
2604	0.310823
2605	2.407403
2606	1.564556
2607	-0.715209
2608	-3.436693
2609	-3.249659
2610	-2.169980
2611	-2.162727
2612	1.397678
2613	-2.928551
2614	-1.926802
2615	-2.451561
2616	1.150119
2617	-1.801476
2618	-3.025075
2619	0.520687
2620	1.537940
2621	-2.652146
2622	-2.378631
2623	-2.684408
2624	-1.834359
2625	0.663271
2626	-1.930977
2627	-1.555680
2628	3.548805
2629	-1.891618
2630	-2.403545
2631	2.264430
2632	0.757138
2633	-2.026866
2634	-1.692856
2635	-1.293524
2636	0.173462
2637	-1.780034
2638	-2.308289
2639	0.884455
2640	1.437934
2641	1.005034
2642	0.498121
2643	2.133735
2644	-1.329135
2645	-2.538290
2646	-1.507753
2647	-2.426514
2648	-2.383771
2649	-1.977612
2650	0.847735
2651	-0.418398
2652	-2.578221
2653	1.464906
2654	0.785006
2655	-2.097595
2656	0.138523
2657	1.772586
2658	-1.815614
2659	-0.035336
2660	-2.211144
2661	-1.589316
2662	0.259705
2663	1.760931
2664	1.054673
2665	0.203302
2666	-1.388930
2667	-1.530594
2668	-1.132067
2669	-2.369990
2670	0.687621
2671	1.936822
2672	-2.064481
2673	-1.181788
2674	-1.818494
2675	-1.793199
2676	-2.192913
2677	-2.644676
2678	1.501877
2679	-2.617949
2680	-3.145694
2681	-2.601144
2682	-1.197033
2683	-2.854946
2684	-2.595586
2685	-2.088548
2686	-3.009280
2687	2.138729
2688	-1.575154
2689	-2.230363
2690	1.950849
2691	-3.069838
2692	-2.081485
2693	-2.585950
2694	-2.025470
2695	-2.669406
2696	-1.304383
2697	-2.688557
2698	0.409371
2699	1.632340
2700	-2.028590
2701	-1.713844
2702	0.500686
2703	-1.717238
2704	2.417753
2705	-1.058292
2706	-1.231293
2707	-1.551184
2708	-1.745335
2709	0.707889
2710	-1.638444
2711	-1.837027
2712	-2.501892
2713	-2.610974
2714	1.859033
2715	1.707890
2716	-1.069683
2717	-2.439004
2718	2.035429
2719	-1.447440
2720	-2.247041
2721	2.351453
2722	-0.060027
2723	2.014379
2724	-1.778308
2725	-1.829015
2726	-1.873654
2727	-1.428460
2728	-1.699126
2729	-0.891780
2730	-2.304772
2731	-1.267230
2732	1.024176
2733	-2.851745
2734	-2.389273
2735	-0.856409
2736	-3.257286
2737	1.582659
2738	1.099182
2739	-2.510332
2740	-2.316860
2741	-0.322512
2742	0.690511
2743	1.259041
2744	-1.804671
2745	1.567199
2746	3.243088
2747	-1.841048
2748	-1.457109
2749	1.337468
2750	-2.507629
2751	-1.731369
2752	-2.974380
2753	-2.206811
2754	-3.809790
2755	0.849506
2756	-2.781430
2757	-2.466588
2758	-1.738940
2759	0.977427
2760	2.333218
2761	-2.570651
2762	-1.677002
2763	-2.058828
2764	-2.516712
2765	1.185691
2766	-1.357112
2767	0.145559
2768	-0.504955
2769	-2.402704
2770	-2.368581
2771	-1.860275
2772	0.010772
2773	-1.648242
2774	-0.930015
2775	1.059250
2776	1.271525
2777	-3.219695
2778	-2.225971
2779	0.273817
2780	1.133597
2781	-2.107049
2782	1.771017
2783	-0.975219
2784	-2.603284
2785	1.620246
2786	-1.374548
2787	-2.460932
2788	-1.688294
2789	-1.508047
2790	-2.419825
2791	-2.188104
2792	-2.292203
2793	-2.285065
2794	-0.497610
2795	2.069297
2796	1.147777
2797	-1.042756
2798	-1.850083
2799	1.868861
2800	-1.623966
2801	-1.738466
2802	0.083588
2803	0.513193
2804	2.444850
2805	-0.202041
2806	2.671320
2807	-1.844749
2808	3.001706
2809	-1.268741
2810	-2.433985
2811	1.574360
2812	-2.871517
2813	1.785340
2814	-1.145917
2815	-1.995787
2816	0.181458
2817	-1.742892
2818	1.499494
2819	-1.764403
2820	-2.163806
2821	-0.057401
2822	-1.248929
2823	-1.942180
2824	-2.251774
2825	0.194262
2826	-2.388616
2827	1.804331
2828	-2.101325
2829	-1.302374
2830	-1.644632
2831	0.415620
2832	1.194317
2833	1.566840
2834	0.521123
2835	-2.639717
2836	1.979317
2837	1.008050
2838	0.466088
2839	-2.758945
2840	-1.794365
2841	-2.419462
2842	-2.266629
2843	1.717266
2844	-1.818824
2845	-2.373811
2846	0.551841
2847	-2.038891
2848	-3.195639
2849	-2.346843
2850	-1.170647
2851	-1.349407
2852	-2.317032
2853	0.606449
2854	3.803208
2855	0.249856
2856	0.270020
2857	-1.149272
2858	-1.963467
2859	0.886258
2860	-2.319662
2861	-2.890950
2862	-1.438227
2863	-2.568454
2864	-2.044636
2865	-1.755167
2866	-2.112841
2867	-2.494532
2868	-1.828844
2869	0.737841
2870	-1.894312
2871	-1.892760
2872	-2.386216
2873	2.410118
2874	1.922666
2875	-1.637049
2876	-2.403892
2877	3.150487
2878	-0.971932
2879	1.166683
2880	-2.363410
2881	2.605185
2882	2.830746
2883	-1.605836
2884	-1.664447
2885	-1.842336
2886	-1.558351
2887	-2.005554
2888	0.579373
2889	2.987185
2890	-2.701496
2891	-2.092030
2892	0.695005
2893	-1.927438
2894	-2.068099
2895	2.299740
2896	-1.725747
2897	0.556362
2898	1.179121
2899	-2.358167
2900	-0.950488
2901	-1.676587
2902	-0.279295
2903	-1.765251
2904	-1.987820
2905	-1.809810
2906	-1.296641
2907	0.216150
2908	-1.877755
2909	1.000825
2910	-2.166255
2911	0.482067
2912	0.701199
2913	-0.363570
2914	-2.767269
2915	1.181531
2916	-1.866075
2917	-1.442849
2918	-1.693428
2919	-1.876845
2920	-2.061672
2921	-0.293973
2922	0.284876
2923	-2.396179
2924	-1.813187
2925	-1.555084
2926	-1.597365
2927	0.579410
2928	1.449255
2929	-2.597619
2930	-0.068709
2931	-1.763707
2932	-0.289061
2933	-1.607635
2934	0.745050
2935	-3.431916
2936	-2.506915
2937	-1.205909
2938	1.290125
2939	-0.831965
2940	1.659629
2941	1.378076
2942	-1.032568
2943	1.642990
2944	-1.621300
2945	2.331469
2946	-1.551719
2947	-2.390506
2948	1.123986
2949	-2.191454
2950	2.202154
2951	-1.309355
2952	0.439179
2953	-2.340144
2954	1.129704
2955	-1.940443
2956	-1.578529
2957	-1.510697
2958	-1.732998
2959	2.078456
2960	2.062355
2961	-0.740883
2962	-1.560179
2963	-1.699351
2964	1.476780
2965	-1.846209
2966	3.128627
2967	-2.765581
2968	-0.225160
2969	-2.306979
2970	-1.040665
2971	0.467287
2972	2.938423
2973	-2.164978
2974	-1.871783
2975	-2.550113
2976	2.093032
2977	-1.926610
2978	-1.798348
2979	-2.252742
2980	-0.907548
2981	1.812544
2982	-1.133917
2983	-1.619985
2984	-1.580705
2985	0.946662
2986	1.200470
2987	-0.181088
2988	-0.483351
2989	-1.924300
2990	-2.696444
2991	-1.278528
2992	-1.338369
2993	-0.625086
2994	-1.753360
2995	-2.263422
2996	-1.124260
2997	-1.048729
2998	3.623099
2999	0.555230
3000	-1.976327
3001	-2.284593
3002	-2.517853
3003	1.833710
3004	-2.116052
3005	-1.623705
3006	-0.882559
3007	1.347126
3008	-2.350982
3009	-2.179878
3010	-2.091108
3011	0.044639
3012	1.022124
3013	-1.246589
3014	-2.272417
3015	0.945252
3016	-2.785495
3017	2.368440
3018	1.876858
3019	1.097579
3020	1.200983
3021	-2.216031
3022	-1.535712
3023	1.027970
3024	1.949235
3025	-1.797833
3026	-2.409043
3027	-2.167884
3028	-1.434318
3029	0.149885
3030	0.382998
3031	1.176720
3032	0.706959
3033	-1.919974
3034	-0.144620
3035	0.816354
3036	-1.927722
3037	-2.576045
3038	1.205595
3039	-2.761815
3040	-1.367907
3041	1.663456
3042	-1.961985
3043	-2.429107
3044	-2.114480
3045	-0.903608
3046	-1.258865
3047	1.459278
3048	-1.872423
3049	0.395693
3050	-1.727145
3051	-1.926865
3052	-1.922803
3053	-1.713010
3054	0.872930
3055	-1.943685
3056	1.929889
3057	-0.091118
3058	2.461120
3059	-1.624316
3060	-1.893518
3061	3.273587
3062	-1.981377
3063	-1.717725
3064	1.748724
3065	-2.103722
3066	-1.615323
3067	-2.295993
3068	0.341699
3069	0.459391
3070	0.721971
3071	-2.359768
3072	-2.628669
3073	1.133081
3074	-2.637449
3075	-2.377676
3076	2.519956
3077	-2.111308
3078	-2.666944
3079	-2.122367
3080	-1.788372
3081	-1.892235
3082	1.000376
3083	-0.034213
3084	-2.343129
3085	-2.418511
3086	0.352200
3087	-3.254203
3088	-2.042164
3089	0.299121
3090	1.207506
3091	-2.184331
3092	-3.201037
3093	-1.139418
3094	-2.187247
3095	1.248482
3096	0.089050
3097	-0.998756
3098	-1.763898
3099	-2.002158
3100	1.280429
3101	-1.425729
3102	0.650255
3103	1.213042
3104	-2.300602
3105	0.228001
3106	-2.467629
3107	-2.061675
3108	0.282305
3109	-1.814325
3110	1.314790
3111	1.590224
3112	1.366471
3113	-1.314334
3114	0.613279
3115	-1.714683
3116	-0.189801
3117	1.589805
3118	-2.127067
3119	-0.318745
3120	-2.465665
3121	3.175044
3122	-2.278100
3123	-1.352848
3124	-2.082147
3125	-1.479362
3126	-1.561832
3127	-2.803539
3128	1.203493
3129	-1.982726
3130	-2.057945
3131	-1.289635
3132	-1.559367
3133	-2.394153
3134	-2.142247
3135	2.205949
3136	-1.762920
3137	-1.879482
3138	-2.274433
3139	-1.788493
3140	-3.045645
3141	-1.631764
3142	-2.927642
3143	-1.883966
3144	-1.171381
3145	-2.183249
3146	-1.849747
3147	2.253722
3148	0.426694
3149	-0.382068
3150	0.454807
3151	-0.347749
3152	-1.819574
3153	-1.872426
3154	-0.951288
3155	-2.216681
3156	-1.947536
3157	-1.780487
3158	0.643082
3159	-1.901592
3160	2.006181
3161	0.869725
3162	2.440784
3163	0.674479
3164	-1.541634
3165	-2.522146
3166	-2.076892
3167	-3.047064
3168	1.645853
3169	-2.387905
3170	-0.990830
3171	-1.693829
3172	-2.390885
3173	-0.245576
3174	-1.716042
3175	-1.908347
3176	1.693292
3177	-0.263866
3178	1.954211
3179	-1.846563
3180	-1.837109
3181	1.237004
3182	2.686127
3183	-2.469218
3184	-1.877209
3185	-1.579349
3186	-2.528317
3187	-1.597236
3188	-2.333964
3189	0.989037
3190	-1.668979
3191	-1.549273
3192	-1.842735
3193	0.245308
3194	0.651542
3195	-1.228488
3196	0.475729
3197	-1.722952
3198	-1.605041
3199	-2.130342
3200	-2.475856
3201	-2.453177
3202	-2.504884
3203	-0.622124
3204	-2.010460
3205	1.096818
3206	-2.312636
3207	3.063762
3208	-2.015548
3209	2.210358
3210	1.188681
3211	0.090572
3212	1.276545
3213	-2.394280
3214	3.141730
3215	-1.962940
3216	-0.479325
3217	-2.545606
3218	-1.645961
3219	-0.257649
3220	-2.352591
3221	-1.990817
3222	-2.335017
3223	-2.039891
3224	-1.976345
3225	-1.240223
3226	1.809437
3227	1.930709
3228	-2.108763
3229	-2.095708
3230	-0.072022
3231	1.854226
3232	-0.165568
3233	-1.842439
3234	-2.287607
3235	1.119556
3236	-2.592146
3237	1.200941
3238	-2.664805
3239	1.176081
3240	-1.805761
3241	-1.917142
3242	-2.649106
3243	-2.021999
3244	-1.964788
3245	-1.703581
3246	0.394668
3247	-2.817492
3248	0.735318
3249	-0.112114
3250	-0.093998
3251	0.372612
3252	-2.827370
3253	-1.706852
3254	-1.853266
3255	2.598216
3256	-0.377197
3257	-0.061565
3258	-2.401630
3259	-2.004346
3260	0.877733
3261	-0.147666
3262	-0.212999
3263	-1.891664
3264	-2.452304
3265	-1.672633
3266	1.467301
3267	0.713842
3268	0.578225
3269	-1.575971
3270	1.397538
3271	-2.235481
3272	1.915601
3273	1.291390
3274	-1.816460
3275	-0.475944
3276	1.198146
3277	-1.413788
3278	-2.602732
3279	-1.573743
3280	-2.034206
3281	3.359110
3282	-1.660096
3283	0.400215
3284	-1.695256
3285	-2.210063
3286	-1.926665
3287	-1.788291
3288	-2.493478
3289	1.074475
3290	-0.485332
3291	-1.655726
3292	-1.728007
3293	0.208764
3294	-2.715284
3295	2.990609
3296	-2.352188
3297	-2.459185
3298	-2.139467
3299	-2.650430
3300	-2.274184
3301	0.051539
3302	1.922072
3303	-1.674003
3304	1.205096
3305	-1.863220
3306	0.505811
3307	-1.246601
3308	0.993231
3309	0.437700
3310	-1.916178
3311	1.162139
3312	-3.054420
3313	-2.266457
3314	-1.443207
3315	-0.909776
3316	-2.126031
3317	-0.221610
3318	-2.213169
3319	0.744027
3320	-2.472131
3321	1.264722
3322	0.114336
3323	-2.858706
3324	-2.463668
3325	1.204395
3326	0.859401
3327	0.301889
3328	-1.453495
3329	-1.979809
3330	-1.518263
3331	-1.375800
3332	-1.311462
3333	-1.874017
3334	-2.825950
3335	-0.480609
3336	-2.172529
3337	-2.790411
3338	2.608190
3339	-2.670636
3340	-2.236676
3341	0.638316
3342	-0.686620
3343	-0.248458
3344	-2.167245
3345	0.770391
3346	2.310514
3347	-2.234321
3348	-1.991496
3349	-1.383718
3350	-0.055546
3351	1.087989
3352	2.383524
3353	-1.221448
3354	-2.442927
3355	-1.925419
3356	-1.160651
3357	0.154623
3358	-1.950437
3359	-2.218332
3360	-1.655482
3361	-2.202174
3362	-1.076309
3363	0.529097
3364	-1.416416
3365	3.280776
3366	1.999011
3367	-1.437257
3368	-1.899582
3369	-2.194384
3370	3.130108
3371	1.402669
3372	-0.364050
3373	-0.223494
3374	0.784177
3375	0.574545
3376	-2.743318
3377	2.345056
3378	-2.259910
3379	-0.795712
3380	0.956094
3381	0.452710
3382	-1.970035
3383	-3.152418
3384	-2.385589
3385	-2.640129
3386	-2.404612
3387	-2.606519
3388	1.392761
3389	0.761979
3390	-2.437610
3391	-2.440785
3392	0.357561
3393	-2.796260
3394	1.037423
3395	-1.162608
3396	-2.052760
3397	0.378866
3398	-0.419278
3399	0.992633
3400	2.440026
3401	-2.009044
3402	-2.304971
3403	-1.987577
3404	-2.166971
3405	-1.767239
3406	1.635620
3407	-1.982010
3408	2.516513
3409	-0.278031
3410	-1.412957
3411	-2.335774
3412	0.461824
3413	0.793247
3414	-1.292472
3415	1.427798
3416	-1.272568
3417	2.415688
3418	0.188894
3419	2.406553
3420	2.413721
3421	-1.660817
3422	-2.125191
3423	3.392011
3424	1.953676
3425	-1.063423
3426	-0.972284
3427	-0.651241
3428	-2.206671
3429	3.032171
3430	-2.175140
3431	0.774883
3432	0.902086
3433	-2.644664
3434	-1.772775
3435	0.550480
3436	0.718977
3437	-2.442209
3438	-0.295699
3439	2.762028
3440	-0.615798
3441	-2.077903
3442	-2.413914
3443	-2.344959
3444	-2.659608
3445	1.628085
3446	-1.110960
3447	-2.122221
3448	-2.935261
3449	-1.939039
3450	-2.277625
3451	-1.798238
3452	-2.756975
3453	-2.496813
3454	-1.078216
3455	-2.260003
3456	0.584230
3457	0.851800
3458	-1.803907
3459	0.222176
3460	-1.889338
3461	-2.641017
3462	-3.035037
3463	-1.637370
3464	-1.136278
3465	0.413234
3466	-1.549214
3467	-0.894582
3468	-1.547734
3469	-1.849206
3470	0.180061
3471	-2.404108
3472	-1.685512
3473	-2.525246
3474	1.299565
3475	-1.835810
3476	-2.492293
3477	1.879203
3478	-2.835365
3479	-1.731456
3480	-2.249066
3481	2.203658
3482	-2.026083
3483	1.156053
3484	-1.426960
3485	-2.930703
3486	0.826565
3487	0.523509
3488	1.042362
3489	-2.672533
3490	-2.394408
3491	2.981045
3492	0.635434
3493	0.347159
3494	-2.262068
3495	1.920896
3496	0.698592
3497	-1.216123
3498	0.610581
3499	-2.758463
3500	-1.768311
3501	-0.837554
3502	-0.853704
3503	-2.357541
3504	-1.885667
3505	1.661787
3506	-1.797633
3507	-2.926200
3508	0.513787
3509	-2.436627
3510	2.403187
3511	-1.918701
3512	-1.519517
3513	-1.832422
3514	-3.043946
3515	2.005088
3516	-2.044272
3517	-1.326330
3518	-1.371342
3519	-2.937370
3520	-0.558017
3521	-2.308985
3522	-1.324838
3523	-2.765529
3524	1.350895
3525	-1.649063
3526	2.830558
3527	0.556126
3528	-1.486016
3529	2.044350
3530	-2.481350
3531	-2.153102
3532	-1.916505
3533	-1.439017
3534	1.960995
3535	0.454437
3536	0.937859
3537	-3.024399
3538	-1.593240
3539	1.334715
3540	-1.600362
3541	0.617848
3542	1.132835
3543	-1.391317
3544	-2.375326
3545	-1.927561
3546	-0.800514
3547	-2.777594
3548	-2.155593
3549	-2.054702
3550	1.399438
3551	0.335496
3552	0.340840
3553	0.600855
3554	-1.985010
3555	-1.792393
3556	-2.727504
3557	-2.013721
3558	0.377958
3559	2.277303
3560	1.813418
3561	-1.146509
3562	-1.298396
3563	0.675093
3564	-2.176472
3565	-1.750606
3566	-2.218005
3567	-1.733942
3568	-1.514536
3569	-2.075023
3570	2.095852
3571	-2.170231
3572	-0.067139
3573	-1.793761
3574	-1.825225
3575	-2.074358
3576	-0.812625
3577	0.377465
3578	-1.780818
3579	1.820428
3580	2.330450
3581	0.355131
3582	1.442165
3583	-1.423522
3584	0.720315
3585	-2.601845
3586	-1.937528
3587	-1.495154
3588	-2.166323
3589	0.287405
3590	-1.771322
3591	-1.687113
3592	-1.812218
3593	-2.579613
3594	0.496703
3595	-2.292428
3596	-2.015705
3597	0.587593
3598	1.643292
3599	2.417801
3600	-1.896024
3601	-0.530863
3602	-0.384811
3603	-0.905850
3604	-0.177776
3605	-1.417177
3606	-1.981085
3607	1.239098
3608	-2.305559
3609	1.741547
3610	-1.781783
3611	-1.281464
3612	-0.839721
3613	-1.848029
3614	3.238975
3615	0.271784
3616	-1.609157
3617	0.990535
3618	0.890885
3619	-3.116021
3620	0.373515
3621	1.238340
3622	-2.772183
3623	-1.487914
3624	-2.445078
3625	-2.088788
3626	1.469893
3627	-2.276214
3628	-1.754969
3629	-1.735075
3630	-0.599656
3631	-1.561544
3632	-1.525174
3633	-1.870060
3634	-1.902770
3635	0.374323
3636	-2.416599
3637	0.593536
3638	-2.597768
3639	-2.238816
3640	2.643334
3641	-2.181114
3642	-3.172435
3643	-1.854486
3644	1.900728
3645	-2.033485
3646	1.115141
3647	0.944581
3648	-1.736697
3649	-2.929048
3650	-1.566014
3651	-2.354106
3652	-0.750260
3653	-2.004253
3654	-2.291533
3655	-1.492539
3656	0.613879
3657	-2.166025
3658	0.990038
3659	-2.566777
3660	-2.046049
3661	-1.038599
3662	1.002702
3663	-1.538312
3664	-1.676874
3665	1.290068
3666	-1.790251
3667	-2.287405
3668	-1.597793
3669	-2.084747
3670	-1.051882
3671	2.406604
3672	-2.050824
3673	-1.902049
3674	1.091457
3675	-0.452631
3676	1.647678
3677	-2.414852
3678	-1.467709
3679	-0.932116
3680	-1.415527
3681	-2.243102
3682	1.128271
3683	-1.926858
3684	-2.496669
3685	-2.539163
3686	-2.464219
3687	2.087621
3688	0.668912
3689	-1.517369
3690	-2.887819
3691	-1.835755
3692	-1.889284
3693	1.726310
3694	1.647113
3695	-2.704076
3696	-1.643625
3697	-1.702480
3698	-1.182179
3699	1.373148
3700	2.155213
3701	1.780233
3702	0.225715
3703	-1.182718
3704	-0.594074
3705	-2.735111
3706	2.505086
3707	0.927761
3708	-2.126070
3709	1.648881
3710	-1.983636
3711	-1.928591
3712	-0.687951
3713	1.523785
3714	0.512483
3715	-2.259445
3716	-2.559063
3717	-1.259901
3718	-1.636366
3719	-2.809964
3720	-1.887436
3721	0.972356
3722	-1.927370
3723	-1.894851
3724	-1.412083
3725	0.459540
3726	-1.579047
3727	-2.936195
3728	-2.300746
3729	-1.345128
3730	-2.094237
3731	-2.671381
3732	-0.531808
3733	-2.339900
3734	2.391952
3735	1.237357
3736	-2.185981
3737	-3.000476
3738	-2.741979
3739	-1.187933
3740	-2.533833
3741	-2.639537
3742	0.836655
3743	-2.245233
3744	0.557243
3745	-2.283336
3746	0.564390
3747	-0.217438
3748	-2.653398
3749	-2.322122
3750	-2.641313
3751	-2.681281
3752	-1.334528
3753	-1.697834
3754	-2.522753
3755	-1.819083
3756	-1.976615
3757	1.307236
3758	1.114971
3759	-1.824164
3760	2.030070
3761	-2.304847
3762	1.586645
3763	1.641542
3764	-2.375656
3765	-1.412608
3766	-0.732394
3767	1.060750
3768	0.509752
3769	-2.212607
3770	-1.590520
3771	-2.007676
3772	-1.496651
3773	0.852450
3774	0.964893
3775	1.339600
3776	0.888549
3777	-1.820910
3778	-2.223630
3779	-2.073457
3780	2.629019
3781	0.938133
3782	-1.713674
3783	-2.096024
3784	-2.145908
3785	-1.384774
3786	-0.234035
3787	-2.052315
3788	-1.846858
3789	1.848559
3790	0.998507
3791	-1.379552
3792	2.470481
3793	-0.320520
3794	3.454698
3795	-2.768765
3796	1.921590
3797	-2.757800
3798	-2.757364
3799	0.962057
3800	-1.544110
3801	-1.977178
3802	-2.317057
3803	-2.928910
3804	-2.282166
3805	-1.886976
3806	0.832261
3807	-0.273767
3808	-1.155167
3809	-2.423640
3810	0.242988
3811	-2.065493
3812	2.064447
3813	-1.981601
3814	-1.606664
3815	1.046901
3816	-2.046198
3817	0.941058
3818	-1.660488
3819	-2.339224
3820	-1.237910
3821	-2.527662
3822	0.249978
3823	1.509371
3824	-2.233594
3825	0.777402
3826	-1.329987
3827	-2.244235
3828	1.101171
3829	-1.506231
3830	0.338189
3831	-1.746007
3832	-2.421384
3833	2.704091
3834	-2.058794
3835	1.188618
3836	0.786816
3837	0.639840
3838	-1.867369
3839	-0.493569
3840	-2.321356
3841	-1.683015
3842	-2.419946
3843	-2.491156
3844	-2.114821
3845	-3.160078
3846	-1.549986
3847	-2.183020
3848	-2.494430
3849	-2.548826
3850	-1.228492
3851	1.075862
3852	-1.536599
3853	2.033359
3854	0.069898
3855	-0.350819
3856	-2.388034
3857	0.083724
3858	-1.787830
3859	-1.956674
3860	0.094004
3861	0.695914
3862	0.806349
3863	2.138764
3864	-1.696922
3865	-1.488393
3866	-1.991859
3867	-2.361135
3868	1.058414
3869	1.696025
3870	1.024978
3871	-2.322092
3872	-1.967535
3873	2.043180
3874	1.198213
3875	-1.780655
3876	-2.852868
3877	-2.400230
3878	1.131805
3879	0.032869
3880	-2.198541
3881	2.724528
3882	-2.689812
3883	-1.109213
3884	-2.225169
3885	0.942017
3886	-2.527036
3887	1.852755
3888	-1.810926
3889	1.275956
3890	-2.242042
3891	-1.864940
3892	-1.401324
3893	1.782559
3894	0.833035
3895	-2.320398
3896	-1.709688
3897	1.924161
3898	-2.781675
3899	-1.793582
3900	-1.080418
3901	-1.542580
3902	-2.083865
3903	-1.721722
3904	-0.434697
3905	-1.767037
3906	-2.839298
3907	-1.883268
3908	-0.752504
3909	-2.670756
3910	0.637115
3911	-2.178190
3912	-2.372055
3913	-3.174708
3914	-0.316904
3915	-1.975994
3916	-2.820988
3917	-1.749891
3918	-1.045918
3919	0.617821
3920	-1.713018
3921	-2.613103
3922	-3.139438
3923	-1.557691
3924	-2.017020
3925	-2.114287
3926	1.732888
3927	-2.172369
3928	0.886435
3929	-1.956187
3930	-2.118826
3931	-1.478909
3932	-1.577909
3933	1.879418
3934	0.899039
3935	-2.128554
3936	-2.298192
3937	0.386033
3938	-2.057376
3939	1.545572
3940	1.122872
3941	-2.301675
3942	-2.497046
3943	-1.180653
3944	-2.137121
3945	-1.137621
3946	1.922888
3947	-1.299842
3948	-2.441016
3949	0.709593
3950	-2.309979
3951	-1.958020
3952	0.736333
3953	-2.101986
3954	-2.070177
3955	-1.664090
3956	-2.426407
3957	-0.972981
3958	-0.243406
3959	-1.840098
3960	-2.135768
3961	-1.336332
3962	-2.411244
3963	-2.553233
3964	2.363851
3965	-1.626641
3966	-2.039423
3967	-2.389272
3968	-2.115660
3969	1.135854
3970	-1.340631
3971	-2.476506
3972	0.868851
3973	-1.956134
3974	0.999925
3975	-0.239723
3976	-1.218374
3977	0.236811
3978	0.790204
3979	1.217946
3980	1.673752
3981	0.913349
3982	1.708323
3983	1.450084
3984	0.996931
3985	-2.444739
3986	-1.768626
3987	-2.101521
3988	-2.247155
3989	-1.392268
3990	-0.133368
3991	-2.691991
3992	1.700935
3993	2.599258
3994	1.712531
3995	-2.105315
3996	1.610064
3997	1.046110
3998	-2.289331
3999	-2.808560
4000	-1.390085
4001	-0.591483
4002	-0.763418
4003	-2.780180
4004	3.334039
4005	0.565512
4006	-1.727847
4007	-1.068752
4008	-1.766069
4009	-0.150057
4010	0.913662
4011	-1.950913
4012	-0.171178
4013	-2.057664
4014	-1.544728
4015	-2.208793
4016	1.209454
4017	-2.186557
4018	-1.717894
4019	-2.078028
4020	0.420254
4021	-1.622132
4022	0.030757
4023	2.084871
4024	1.479936
4025	-2.151340
4026	-1.812532
4027	0.477757
4028	-1.471375
4029	1.136267
4030	1.126213
4031	-1.795881
4032	-0.659862
4033	-0.195318
4034	1.177241
4035	1.211028
4036	-2.224744
4037	-1.669345
4038	-1.947456
4039	-2.745671
4040	-1.603882
4041	-1.403467
4042	1.361578
4043	2.873052
4044	-2.510951
4045	-2.321454
4046	1.652925
4047	-1.895138
4048	-2.481245
4049	-2.646393
4050	-1.727783
4051	-2.668980
4052	-2.272027
4053	-2.507730
4054	1.901489
4055	-0.233998
4056	2.275996
4057	-2.343635
4058	1.709506
4059	1.694378
4060	1.096690
4061	-1.885850
4062	2.090005
4063	-1.948719
4064	3.007836
4065	-1.116646
4066	-1.029604
4067	-1.648423
4068	-1.423557
4069	-2.267686
4070	0.813877
4071	-3.134419
4072	-2.304486
4073	-2.631188
4074	-1.948032
4075	-2.751711
4076	-2.176065
4077	1.173582
4078	0.610841
4079	-2.088733
4080	0.391587
4081	-2.248175
4082	-1.609901
4083	0.265662
4084	-2.491661
4085	-1.506799
4086	2.300643
4087	-0.459553
4088	-1.184111
4089	0.502009
4090	-0.873941
4091	-2.320913
4092	-1.408527
4093	-2.820144
4094	-1.885299
4095	0.995796
4096	-1.685957
4097	-0.149401
4098	1.241846
4099	-2.638225
4100	0.925024
4101	-1.839286
4102	-2.361758
4103	2.046813
4104	-0.895859
4105	-1.796435
4106	-1.438485
4107	-2.728658
4108	-1.464571
4109	-1.244865
4110	-1.747142
4111	-0.173758
4112	0.909409
4113	-0.444333
4114	-2.748931
4115	-0.747799
4116	-1.833397
4117	1.499657
4118	-1.164709
4119	2.779060
4120	-1.970932
4121	0.483011
4122	-0.558630
4123	-2.141175
4124	-2.431573
4125	-1.944390
4126	-1.431103
4127	-1.927860
4128	-1.159494
4129	-1.690726
4130	-1.930556
4131	-1.704700
4132	-1.178223
4133	1.935838
4134	-2.372500
4135	1.771048
4136	-1.907734
4137	1.805688
4138	-1.966814
4139	-1.697247
4140	-2.407764
4141	-1.923466
4142	-2.138707
4143	-1.494765
4144	-1.823971
4145	1.118662
4146	2.294573
4147	0.828521
4148	-1.729000
4149	-1.206954
4150	-1.270684
4151	-1.119658
4152	2.311820
4153	1.504232
4154	-1.385598
4155	2.256507
4156	-1.795137
4157	-0.207098
4158	2.727186
4159	-1.706980
4160	-2.689611
4161	-1.675814
4162	1.784778
4163	-2.356544
4164	-2.302596
4165	0.346855
4166	0.009359
4167	0.620439
4168	-1.791533
4169	-2.458731
4170	1.762280
4171	-3.209383
4172	1.233256
4173	1.036152
4174	2.477769
4175	-0.556843
4176	1.477753
4177	-1.792038
4178	0.502475
4179	0.776610
4180	-1.643712
4181	-2.784375
4182	-1.804986
4183	1.276245
4184	2.264269
4185	-2.676013
4186	1.143296
4187	-1.929894
4188	-1.227965
4189	-2.684710
4190	-1.583704
4191	-2.555468
4192	1.400379
4193	-2.215546
4194	-0.696774
4195	-1.575909
4196	-0.753234
4197	-2.314415
4198	-1.239740
4199	-2.327624
4200	-2.342559
4201	-1.665128
4202	0.819812
4203	1.728400
4204	-1.933807
4205	-2.432806
4206	-0.064177
4207	-1.779131
4208	-1.621877
4209	-1.798956
4210	0.888429
4211	-1.630208
4212	-1.915144
4213	-2.483765
4214	0.111382
4215	-2.483294
4216	-3.248087
4217	-1.973687
4218	0.841503
4219	1.189169
4220	1.836164
4221	-1.648552
4222	-1.851238
4223	-1.775644
4224	-3.238229
4225	0.902117
4226	-3.055060
4227	-1.643548
4228	-1.777478
4229	-2.280385
4230	-2.775177
4231	-1.861182
4232	1.915921
4233	-0.459761
4234	-1.699038
4235	-2.070807
4236	-1.867479
4237	2.151340
4238	2.434455
4239	1.921047
4240	-0.516929
4241	-2.628722
4242	1.860270
4243	2.791618
4244	-2.400282
4245	-2.111757
4246	0.643706
4247	-1.962696
4248	-2.630328
4249	1.333165
4250	-2.014839
4251	0.393514
4252	-3.005515
4253	2.163733
4254	-1.665689
4255	0.860962
4256	-0.361222
4257	2.442693
4258	-0.039110
4259	-2.520329
4260	-1.708069
4261	-1.867967
4262	2.746052
4263	1.173488
4264	-0.925265
4265	1.457621
4266	-2.074723
4267	-1.319929
4268	-2.440429
4269	-2.307763
4270	0.850691
4271	0.966415
4272	1.346241
4273	1.743134
4274	-2.051357
4275	-1.766752
4276	0.182949
4277	1.296571
4278	-1.583706
4279	-1.658175
4280	1.209996
4281	-0.650316
4282	-2.506162
4283	-1.698848
4284	-0.701130
4285	1.738786
4286	2.156234
4287	-2.029601
4288	-2.528507
4289	-0.364747
4290	-0.063332
4291	-1.642427
4292	-1.740848
4293	-2.966497
4294	-0.803757
4295	-2.194147
4296	-2.059517
4297	-1.929983
4298	-1.370661
4299	-2.034152
4300	1.134941
4301	1.349743
4302	-0.847013
4303	1.632418
4304	2.184179
4305	0.468089
4306	0.179471
4307	-2.321117
4308	0.763597
4309	1.800889
4310	-2.454249
4311	-1.515895
4312	-2.752305
4313	-1.332844
4314	-2.111293
4315	-2.058116
4316	-1.719774
4317	1.333275
4318	0.366611
4319	-3.059006
4320	-2.045613
4321	-2.138524
4322	-2.056836
4323	-1.912330
4324	3.313674
4325	-2.083323
4326	2.490200
4327	-3.221039
4328	-1.857285
4329	-1.956824
4330	-1.746648
4331	-1.129115
4332	-1.570903
4333	-1.223265
4334	-2.048871
4335	2.310876
4336	-2.940815
4337	-1.924800
4338	4.061866
4339	-2.143417
4340	-1.616978
4341	-2.449775
4342	1.858790
4343	0.503277
4344	1.336564
4345	2.633385
4346	1.184136
4347	-2.216407
4348	-1.557880
4349	1.220822
4350	-1.645711
4351	2.591788
4352	-2.933677
4353	-1.814950
4354	0.313479
4355	-1.889569
4356	-2.425739
4357	-1.286907
4358	-1.426063
4359	1.602366
4360	-2.623453
4361	-2.067424
4362	-1.749170
4363	-1.143501
4364	-1.736620
4365	-3.134955
4366	0.444709
4367	1.755262
4368	-1.400674
4369	-1.813019
4370	-1.819917
4371	-1.726404
4372	-2.148863
4373	-1.208191
4374	-0.015312
4375	-0.457184
4376	1.866840
4377	-2.364149
4378	-1.862121
4379	-1.559429
4380	-0.357175
4381	0.504834
4382	-2.141407
4383	-2.465530
4384	-1.179927
4385	0.989997
4386	-1.745475
4387	-2.378299
4388	-2.000173
4389	-2.400100
4390	-1.453784
4391	0.230820
4392	0.875694
4393	-1.383973
4394	-1.923904
4395	-2.348002
4396	1.576972
4397	-1.737079
4398	-1.516179
4399	1.100288
4400	1.750453
4401	-2.707244
4402	0.275139
4403	0.593302
4404	-1.999597
4405	-1.487547
4406	0.370073
4407	-2.235793
4408	-2.025715
4409	3.058205
4410	1.863186
4411	-1.991973
4412	1.350459
4413	-1.148675
4414	-2.002930
4415	-2.190464
4416	-2.725749
4417	-2.247388
4418	-0.887229
4419	-1.524362
4420	-1.871262
4421	0.451790
4422	2.108187
4423	1.826721
4424	-1.698719
4425	-1.614786
4426	-1.815450
4427	-2.408941
4428	-1.033290
4429	-1.637056
4430	-2.309666
4431	1.392571
4432	-1.643818
4433	-2.694270
4434	-2.195179
4435	-2.340949
4436	-1.707196
4437	-2.983147
4438	2.710524
4439	-2.059956
4440	-1.848401
4441	1.682624
4442	-0.724552
4443	1.862707
4444	0.247726
4445	-2.366064
4446	-2.018888
4447	-2.060117
4448	-2.348312
4449	-1.411675
4450	-2.505849
4451	1.034162
4452	-1.886578
4453	-2.636338
4454	-2.104788
4455	-1.397018
4456	-1.915823
4457	-1.682214
4458	2.382469
4459	1.342520
4460	-1.941538
4461	-2.318905
4462	1.275583
4463	1.646428
4464	-2.129948
4465	-2.030779
4466	-1.395631
4467	-2.228781
4468	1.682602
4469	-1.564966
4470	2.610685
4471	-1.774415
4472	-0.958308
4473	-1.772066
4474	0.158902
4475	-1.832784
4476	-0.386383
4477	-3.098986
4478	-2.594076
4479	0.360185
4480	1.551806
4481	-2.032123
4482	-1.861309
4483	-3.391701
4484	1.329018
4485	-2.510319
4486	-2.569704
4487	-2.555559
4488	-2.053748
4489	-1.965146
4490	-1.772298
4491	1.517272
4492	-2.974909
4493	-1.652856
4494	-0.659105
4495	-2.660640
4496	0.006605
4497	-2.560577
4498	-2.119776
4499	-0.841094
4500	-2.198014
4501	-2.718750
4502	-2.857506
4503	1.196068
4504	0.187265
4505	0.009231
4506	-2.575359
4507	2.477308
4508	1.663007
4509	-2.193168
4510	-0.876936
4511	-1.753204
4512	-0.946621
4513	-2.058915
4514	1.304146
4515	-2.399632
4516	-1.978065
4517	-0.292853
4518	0.997162
4519	1.213790
4520	0.844721
4521	-1.149901
4522	2.462269
4523	-0.797620
4524	2.018712
4525	-1.685562
4526	-1.887145
4527	1.154358
4528	-2.233612
4529	-0.214030
4530	1.356116
4531	-2.966105
4532	-2.283638
4533	-0.932572
4534	-1.031041
4535	2.391990
4536	-1.765071
4537	-2.447449
4538	-1.746476
4539	-1.684708
4540	-1.959533
4541	-2.708926
4542	-2.630936
4543	1.493381
4544	0.877664
4545	1.092221
4546	-2.497274
4547	-2.533890
4548	-2.550240
4549	-2.152949
4550	1.222452
4551	-2.464631
4552	0.397178
4553	-2.947292
4554	-1.550337
4555	-2.188746
4556	-0.392736
4557	0.326073
4558	-1.085760
4559	-1.277631
4560	-1.543215
4561	0.584628
4562	-2.279438
4563	-1.276779
4564	-2.718300
4565	1.517488
4566	-2.019161
4567	2.921989
4568	-2.917448
4569	-1.859533
4570	-1.068450
4571	-1.228147
4572	-2.292472
4573	-2.270613
4574	-2.460970
4575	1.655666
4576	1.655750
4577	0.606176
4578	-2.060676
4579	-2.338994
4580	-2.042274
4581	0.576703
4582	-2.050776
4583	-2.190458
4584	0.530789
4585	-2.173475
4586	-2.017733
4587	1.194709
4588	-2.831226
4589	-2.028657
4590	-1.920922
4591	-1.765224
4592	-2.296312
4593	-1.023335
4594	-1.074335
4595	1.200450
4596	0.866225
4597	-2.484092
4598	1.106618
4599	-2.020420
4600	-1.860996
4601	-2.392468
4602	0.955556
4603	0.601465
4604	2.006430
4605	-2.407025
4606	-1.350538
4607	0.752451
4608	-2.484358
4609	-2.109909
4610	1.422465
4611	-1.926893
4612	0.691809
4613	-1.615686
4614	-0.063537
4615	-0.495114
4616	-2.215808
4617	2.974649
4618	-1.817189
4619	-2.550236
4620	0.065479
4621	0.686097
4622	-1.942973
4623	0.570408
4624	-2.255161
4625	1.555685
4626	-2.682273
4627	0.531440
4628	-2.677358
4629	-1.015946
4630	-1.208110
4631	-2.846718
4632	-1.137822
4633	-0.955062
4634	-1.961173
4635	-1.475185
4636	2.413164
4637	-2.376391
4638	-2.550006
4639	-2.465231
4640	0.978869
4641	-2.196098
4642	-1.289448
4643	-2.360115
4644	1.920794
4645	-2.474719
4646	2.416085
4647	-1.623336
4648	0.949364
4649	0.584091
4650	-1.928992
4651	0.144601
4652	-0.104015
4653	-2.175123
4654	-1.114811
4655	-1.587346
4656	-1.898791
4657	-2.607107
4658	-1.225657
4659	-2.485985
4660	-0.379100
4661	-0.157131
4662	0.682330
4663	-3.028649
4664	1.085896
4665	-1.672142
4666	-1.756981
4667	-2.037721
4668	2.684556
4669	-1.632574
4670	-1.880352
4671	0.710668
4672	0.733583
4673	-0.910867
4674	-0.949968
4675	-2.153966
4676	-1.958358
4677	-1.696420
4678	-2.464679
4679	-1.554624
4680	-1.735712
4681	-2.549403
4682	-2.437487
4683	1.115839
4684	1.339483
4685	-1.869980
4686	-0.053545
4687	-1.820327
4688	-2.480347
4689	-1.780477
4690	-1.603936
4691	-2.379388
4692	-0.766080
4693	1.259705
4694	-1.892755
4695	-2.245431
4696	-1.698295
4697	-2.237553
4698	-1.971977
4699	1.017085
4700	-2.335490
4701	-1.182286
4702	1.462310
4703	-2.505374
4704	0.058435
4705	-2.269974
4706	-2.441749
4707	-2.798301
4708	-2.472761
4709	2.306762
4710	-2.250215
4711	-2.605522
4712	0.253980
4713	0.817691
4714	-0.406602
4715	-2.363595
4716	0.877351
4717	0.032906
4718	-2.429631
4719	-1.423034
4720	-2.429727
4721	-1.883896
4722	-2.694797
4723	-2.328174
4724	-2.286687
4725	1.031384
4726	-1.380644
4727	0.812396
4728	-1.798261
4729	1.508897
4730	-1.818943
4731	-2.240304
4732	-2.006781
4733	-2.032584
4734	1.378968
4735	-2.112989
4736	-2.002651
4737	-2.174207
4738	-2.519147
4739	-0.871752
4740	-2.048481
4741	-2.667680
4742	-3.035800
4743	-2.402749
4744	2.077452
4745	-2.024179
4746	-2.567539
4747	-2.401085
4748	-0.556541
4749	-1.827395
4750	-2.428121
4751	-1.857630
4752	2.700406
4753	1.256402
4754	-2.295747
4755	1.534896
4756	-1.594707
4757	-2.788602
4758	1.531679
4759	-1.788962
4760	-1.963462
4761	-1.084936
4762	-0.126218
4763	-1.231863
4764	-1.777395
4765	-2.533350
4766	-2.395875
4767	-2.242045
4768	0.951712
4769	-2.024192
4770	-2.365203
4771	0.667393
4772	3.692618
4773	-0.197289
4774	-2.305347
4775	-1.725450
4776	0.334156
4777	0.365530
4778	-1.922606
4779	-1.875840
4780	-2.542680
4781	-1.826887
4782	-2.201379
4783	-1.694040
4784	-0.201679
4785	-2.423521
4786	-2.014821
4787	1.027450
4788	-0.990865
4789	-1.485604
4790	-2.186404
4791	1.581934
4792	-1.672314
4793	-2.161473
4794	-2.085267
4795	0.051250
4796	-1.448874
4797	1.312194
4798	1.704411
4799	3.275374
4800	-0.160392
4801	-1.435779
4802	-2.229939
4803	1.696733
4804	-2.118470
4805	-1.639690
4806	-0.778859
4807	-2.121537
4808	-1.546018
4809	-2.277295
4810	-1.896397
4811	-1.813683
4812	-0.614411
4813	-1.220997
4814	0.657100
4815	-1.430054
4816	0.725052
4817	1.713893
4818	-1.825402
4819	1.419003
4820	0.828062
4821	-1.567572
4822	0.212830
4823	0.417205
4824	-2.312413
4825	1.860935
4826	-1.862125
4827	-2.382401
4828	1.421676
4829	-1.408553
4830	-1.766424
4831	-2.012101
4832	2.418277
4833	-2.890320
4834	1.104186
4835	1.666921
4836	1.464182
4837	-1.759072
4838	0.970171
4839	-2.017107
4840	-2.372639
4841	-1.659719
4842	-2.272895
4843	2.157910
4844	-1.485793
4845	0.831609
4846	2.274821
4847	1.467911
4848	0.483008
4849	-1.954763
4850	-2.867262
4851	1.486979
4852	3.345175
4853	-1.806486
4854	-1.078414
4855	-2.454657
4856	0.778455
4857	0.230962
4858	-3.411373
4859	0.352803
4860	-2.119935
4861	-2.015874
4862	-1.850994
4863	-0.241628
4864	-2.061625
4865	2.185459
4866	-2.513302
4867	-3.078647
4868	-1.887935
4869	-0.910111
4870	1.555723
4871	0.520409
4872	-1.472195
4873	-2.280065
4874	0.160809
4875	0.343724
4876	-2.580946
4877	-1.615282
4878	-1.539891
4879	-2.003710
4880	-1.943775
4881	-1.538064
4882	-2.230777
4883	-3.422113
4884	1.781473
4885	-1.689347
4886	-2.213542
4887	1.876827
4888	0.211714
4889	-2.065871
4890	1.126577
4891	-1.304708
4892	-2.344314
4893	-1.508163
4894	-2.010498
4895	-2.347480
4896	-2.188555
4897	-2.622327
4898	-0.985763
4899	-1.499287
4900	-2.374843
4901	-1.178563
4902	0.685849
4903	3.537341
4904	-2.406956
4905	-1.712743
4906	-1.984032
4907	-2.993426
4908	0.582778
4909	-1.515123
4910	-2.461535
4911	0.881579
4912	3.349918
4913	-0.426857
4914	-1.452502
4915	0.083487
4916	-1.285945
4917	0.650748
4918	2.166998
4919	1.089026
4920	1.398397
4921	1.175400
4922	-3.204514
4923	-2.354074
4924	-1.679567
4925	2.707710
4926	-0.189444
4927	-0.811387
4928	-2.037437
4929	-2.129994
4930	1.186588
4931	-2.350028
4932	0.418147
4933	2.123442
4934	-1.321491
4935	-1.441331
4936	1.068604
4937	0.996824
4938	0.055780
4939	-2.166012
4940	0.236777
4941	0.864423
4942	-1.748948
4943	2.313610
4944	0.868198
4945	-1.614185
4946	-1.568515
4947	-1.673815
4948	-2.838125
4949	1.747862
4950	1.151679
4951	1.146016
4952	1.593605
4953	-0.975723
4954	0.721069
4955	-1.770017
4956	-2.291620
4957	0.648330
4958	-1.685090
4959	1.315394
4960	1.284116
4961	-1.320844
4962	-1.622137
4963	1.505126
4964	1.958521
4965	-2.490374
4966	-2.143104
4967	-2.126280
4968	1.146294
4969	-1.571279
4970	-1.577654
4971	-2.638911
4972	-2.032496
4973	-2.341338
4974	0.267790
4975	-2.368375
4976	-1.886132
4977	0.148751
4978	-2.218438
4979	-2.334813
4980	-1.070457
4981	-2.275187
4982	-1.852005
4983	-1.836188
4984	-2.285526
4985	1.004549
4986	0.980384
4987	-1.665651
4988	-3.173152
4989	-2.428248
4990	-2.493755
4991	-3.130517
4992	-0.414229
4993	-1.551191
4994	1.096374
4995	-1.436643
4996	-2.617775
4997	-2.496177
4998	1.750731
4999	-1.631379
