0	1.559524
1	-1.569835
2	-1.958427
3	-2.648242
4	-2.180458
5	-3.281959
6	-2.904673
7	-1.399691
8	-0.717543
9	-2.009631
10	-1.523102
11	-2.639570
12	-2.032490
13	0.752727
14	-1.681509
15	0.260424
16	-2.385470
17	-2.295188
18	-1.943042
19	2.183637
20	-2.663347
21	-2.222481
22	-3.476812
23	0.186472
24	-1.764131
25	-1.257721
26	1.887067
27	-1.961334
28	-2.009637
29	0.928099
30	-1.899688
31	-2.822353
32	1.215140
33	1.048839
34	0.238342
35	-2.868793
36	-0.658468
37	-1.625498
38	0.602206
39	-1.043778
40	1.876254
41	-0.530744
42	-1.633217
43	-1.763385
44	0.070242
45	1.751738
46	-2.170578
47	-1.724954
48	1.817044
49	-1.707485
50	1.363491
51	2.888255
52	-1.659695
53	-2.165088
54	-2.278267
55	-2.235624
56	-2.149291
57	1.678463
58	-1.581826
59	-1.918464
60	-2.009299
61	-2.154753
62	-1.916101
63	-2.531472
64	-0.878007
65	1.470796
66	2.013533
67	-1.871167
68	-2.335998
69	-1.275485
70	-0.871111
71	2.273734
72	-2.164876
73	-1.373520
74	-2.269045
75	1.440359
76	-1.414116
77	-1.218194
78	0.313078
79	-2.886619
80	-2.318721
81	-2.411237
82	-1.715464
83	0.352985
84	-2.456274
85	-2.005190
86	-1.537642
87	-1.411698
88	-2.376830
89	3.367997
90	-2.648246
91	0.133146
92	-1.107005
93	1.919033
94	-1.229939
95	1.296164
96	1.405016
97	1.520056
98	0.198153
99	-2.048383
100	-1.298989
101	-2.161889
102	-1.648824
103	-1.939055
104	1.935379
105	0.437897
106	-1.439520
107	0.518713
108	-1.834764
109	2.537361
110	-2.247415
111	-0.048000
112	0.167655
113	-1.820956
114	-2.112424
115	-1.307227
116	-1.127633
117	-1.538436
118	1.337760
119	-1.586939
120	2.285896
121	1.093885
122	0.038757
123	-2.018068
124	-1.197868
125	2.133882
126	-2.247113
127	0.884059
128	-1.182862
129	-0.187138
130	-0.437627
131	-1.565821
132	-2.453863
133	-2.564908
134	-1.696528
135	-2.737831
136	-1.709074
137	-1.611789
138	-1.984268
139	-0.863587
140	-1.440231
141	-2.358414
142	-1.785390
143	-1.777525
144	0.866150
145	-1.426015
146	1.181201
147	-2.434319
148	-1.938338
149	-1.567317
150	-1.481925
151	1.526938
152	-2.090547
153	0.697535
154	-2.063669
155	-2.240537
156	-2.321640
157	-1.617167
158	-1.954241
159	-1.609862
160	-1.536252
161	-2.524168
162	1.898950
163	-2.431033
164	-1.408451
165	-2.097582
166	-3.092613
167	-1.757326
168	-0.121044
169	-1.331430
170	-2.734242
171	-1.980259
172	1.710517
173	2.489860
174	-2.207723
175	2.721159
176	0.211206
177	-2.409427
178	-1.785851
179	2.706481
180	1.804474
181	0.987373
182	0.784498
183	-2.499213
184	0.211695
185	-2.007657
186	-1.786182
187	-1.909735
188	0.968055
189	-2.336950
190	-0.074199
191	-2.380012
192	-1.358756
193	-2.463113
194	-0.224606
195	-2.032077
196	-2.299708
197	-2.427457
198	0.980576
199	-2.415011
200	-2.213167
201	-2.402224
202	0.466549
203	0.538514
204	-1.415107
205	-2.089252
206	-1.584130
207	1.252114
208	0.459109
209	-2.328529
210	-0.174800
211	-2.030720
212	-1.510526
213	-0.939146
214	2.043057
215	-2.264494
216	-2.098306
217	-2.473724
218	-0.811345
219	2.527965
220	1.448709
221	0.731378
222	-2.038551
223	-1.150942
224	-1.987250
225	0.329952
226	1.848508
227	-2.119987
228	-2.828803
229	1.115992
230	0.722318
231	-1.822901
232	-2.344875
233	-2.127379
234	-0.896672
235	-1.701511
236	2.242687
237	-0.524644
238	-0.882238
239	-1.589570
240	-3.189457
241	-2.360847
242	1.062866
243	-1.952581
244	1.806994
245	-2.033672
246	3.297540
247	-2.599922
248	-1.349626
249	-1.119513
250	-2.505131
251	0.296827
252	0.098887
253	-1.480162
254	-2.002386
255	-1.896244
256	1.709406
257	1.375476
258	1.778753
259	0.471406
260	-1.642363
261	0.095099
262	-1.926763
263	-0.498515
264	0.601377
265	1.414165
266	-2.044239
267	-2.440690
268	0.282032
269	0.847443
270	-3.011422
271	-1.846087
272	-2.042680
273	-2.433863
274	2.084834
275	-0.995899
276	1.286951
277	-2.978191
278	3.583451
279	-2.305048
280	-2.071198
281	-3.145766
282	0.531997
283	1.752322
284	-2.100061
285	-2.216753
286	-0.519228
287	1.171446
288	-1.666553
289	-2.744236
290	-2.092706
291	-0.839838
292	-0.815525
293	-1.297402
294	0.388805
295	1.591186
296	-1.407923
297	-1.808545
298	-2.009157
299	1.819047
300	-1.341419
301	-1.653437
302	0.653516
303	-2.400318
304	-2.003565
305	-2.091277
306	-1.105297
307	1.381196
308	2.635333
309	-1.945007
310	-1.461955
311	-1.436133
312	-2.119161
313	-2.037482
314	1.312236
315	-1.431443
316	-1.807835
317	-1.629547
318	0.484429
319	-1.671313
320	-0.256709
321	2.410772
322	-1.431328
323	-1.476044
324	-1.038308
325	2.146337
326	-2.203424
327	-1.644569
328	0.469356
329	-1.898263
330	1.112638
331	-2.651884
332	-0.229017
333	-0.393627
334	1.515604
335	-1.954985
336	0.767942
337	-2.425047
338	-1.157267
339	2.645971
340	-2.073824
341	1.627212
342	1.209956
343	-1.252021
344	1.073021
345	-1.648113
346	2.583666
347	-1.717116
348	-2.373218
349	0.150516
350	1.622301
351	1.754492
352	1.697025
353	-2.327999
354	-2.418773
355	1.800577
356	-2.246071
357	-2.414584
358	-1.852478
359	-2.627008
360	-1.412459
361	0.399258
362	0.910230
363	-1.220056
364	-1.299308
365	-0.304188
366	1.410414
367	1.405935
368	-2.543314
369	-2.069020
370	-0.748189
371	2.158993
372	-1.694378
373	0.882731
374	1.608229
375	0.849217
376	1.798973
377	1.430430
378	1.740378
379	-1.850365
380	0.599545
381	-2.644156
382	-2.832298
383	-1.418567
384	0.997378
385	-0.117202
386	-2.008705
387	-1.271835
388	1.472712
389	1.101446
390	1.486516
391	-2.129443
392	-1.869679
393	-1.396747
394	-1.776209
395	-1.840881
396	1.374024
397	1.026484
398	0.065420
399	-2.489108
400	-1.717231
401	-2.211029
402	-1.406289
403	-0.010259
404	0.521755
405	-1.761857
406	0.468378
407	-0.238368
408	-2.001437
409	-2.422344
410	-2.378014
411	1.359587
412	-2.352142
413	-1.314739
414	1.332771
415	-1.712440
416	0.362764
417	-1.910550
418	-2.227884
419	-1.946539
420	0.378586
421	-2.405774
422	2.464460
423	1.203666
424	-1.775235
425	2.078138
426	0.138301
427	1.003935
428	-2.170691
429	1.489096
430	0.607853
431	-1.846916
432	-2.481763
433	2.033564
434	-2.225659
435	-1.037908
436	1.959251
437	-2.410413
438	-1.778488
439	1.710460
440	-2.618981
441	-0.052741
442	2.065865
443	1.552914
444	-1.751484
445	1.477082
446	1.278257
447	-2.127007
448	0.632571
449	-1.384862
450	0.514005
451	-1.494169
452	-2.727526
453	0.910422
454	-2.791953
455	0.783738
456	-2.217715
457	-0.899407
458	0.529692
459	-2.215313
460	-2.138282
461	0.607915
462	2.108872
463	0.614881
464	0.184992
465	1.671403
466	1.458270
467	-1.960430
468	0.665219
469	-2.839973
470	-2.540587
471	-1.278699
472	0.916873
473	-1.691109
474	-2.281884
475	0.200697
476	-1.975163
477	0.421540
478	-2.881353
479	-2.154151
480	1.572695
481	1.561726
482	-1.899068
483	1.702287
484	-1.698009
485	-1.512991
486	-2.037037
487	0.248342
488	-0.133467
489	-1.366821
490	-2.371214
491	1.142052
492	-2.899132
493	-2.148948
494	0.970118
495	1.882539
496	-2.978015
497	-1.236364
498	-2.162421
499	-1.898826
500	-1.758088
501	-1.596790
502	1.829686
503	1.586210
504	-2.184044
505	-1.677720
506	-2.537356
507	-2.336661
508	-2.378814
509	-2.047251
510	0.537676
511	-2.026727
512	-2.023945
513	1.409382
514	0.220214
515	-1.902678
516	-2.459330
517	-1.164640
518	1.169672
519	1.699263
520	1.622825
521	-2.591550
522	1.486508
523	-2.456678
524	-2.121080
525	-2.050423
526	-2.357160
527	-2.289072
528	-1.148419
529	-1.696760
530	1.857317
531	1.168014
532	1.625079
533	-2.208708
534	-1.641643
535	1.214295
536	0.217244
537	1.600125
538	-1.625619
539	-1.135615
540	0.088695
541	0.950984
542	-1.917478
543	-1.369197
544	-2.081329
545	1.256154
546	-0.435437
547	0.636156
548	-1.708909
549	1.056136
550	0.792327
551	-2.327646
552	0.826910
553	-2.674054
554	-2.460713
555	0.827999
556	0.080547
557	0.815002
558	0.797594
559	-2.109214
560	2.587771
561	-1.461304
562	0.991603
563	0.504176
564	-2.167506
565	-1.510972
566	0.988836
567	-1.278279
568	2.415225
569	-2.198440
570	1.727951
571	-2.958276
572	-1.950033
573	1.748367
574	1.047740
575	-1.881792
576	-1.901042
577	-1.822476
578	-2.264940
579	-0.831786
580	0.835841
581	0.022161
582	-1.924682
583	-2.637595
584	1.741809
585	2.103073
586	1.677670
587	-2.185638
588	-2.364787
589	-1.381407
590	-2.371923
591	-2.276424
592	-1.646679
593	-2.457334
594	0.929984
595	2.240223
596	1.748593
597	-1.615984
598	-1.666563
599	-0.702253
600	0.414900
601	-2.697046
602	-2.049869
603	-2.006339
604	-0.061790
605	-1.477928
606	-2.165336
607	-2.355143
608	1.695531
609	-2.229947
610	-0.766720
611	3.296951
612	-1.914082
613	2.690594
614	1.514625
615	1.060273
616	-1.017899
617	1.923399
618	-2.740597
619	-2.176641
620	1.059612
621	-2.421136
622	1.027984
623	-2.131204
624	1.406610
625	-1.564288
626	-3.184170
627	0.379049
628	-2.353214
629	-1.976048
630	1.216395
631	1.292638
632	-1.675168
633	-2.252788
634	0.786805
635	-3.372343
636	-1.619516
637	-1.795281
638	-2.669909
639	-2.276339
640	-2.108630
641	-1.264526
642	0.681189
643	-2.282328
644	2.004175
645	1.029082
646	0.438650
647	-1.073279
648	1.062231
649	-2.184736
650	-1.298711
651	-1.958677
652	-1.937618
653	-1.354587
654	1.929882
655	0.283296
656	0.034337
657	-1.999913
658	-2.304525
659	-1.666773
660	-1.903186
661	1.546246
662	-2.133749
663	1.402467
664	-1.623377
665	-1.706137
666	1.589656
667	-2.205718
668	-1.662890
669	1.105064
670	-1.628493
671	1.149211
672	2.577557
673	-1.046899
674	-1.525366
675	0.631214
676	-1.923253
677	-1.889839
678	0.896501
679	0.628679
680	1.050357
681	-1.701916
682	-1.541829
683	-2.143432
684	-2.265769
685	-1.825515
686	-1.873148
687	-2.382141
688	-1.809733
689	-1.956544
690	0.993481
691	-1.589562
692	-1.137544
693	-2.947994
694	-2.107282
695	-1.900587
696	-1.592791
697	-1.540604
698	-1.001602
699	-1.306736
700	-1.621098
701	-2.315155
702	-2.189827
703	1.934111
704	-2.741473
705	-1.894322
706	0.578324
707	-1.584430
708	-2.355881
709	-1.508314
710	-0.558840
711	0.606307
712	1.597897
713	2.604403
714	-1.949163
715	-1.831374
716	-2.063930
717	-1.371910
718	-1.600911
719	1.678484
720	-0.659639
721	-1.319652
722	-1.352379
723	-1.979845
724	-1.662099
725	1.165833
726	1.663536
727	-0.068211
728	1.713558
729	-1.530118
730	0.712455
731	-1.983832
732	-1.208415
733	-2.959314
734	-0.983431
735	0.970666
736	-0.783587
737	-1.728978
738	-2.195152
739	-1.408782
740	-2.805922
741	-2.330354
742	1.478461
743	0.760071
744	-1.948409
745	-1.452032
746	-2.444456
747	-2.632386
748	-1.770000
749	0.518834
750	-1.711471
751	0.753710
752	1.114454
753	1.372539
754	-2.465589
755	-0.703082
756	-2.782681
757	-2.569909
758	0.069481
759	-3.303625
760	1.948560
761	-0.795591
762	-1.823586
763	1.083261
764	0.577673
765	1.113610
766	-1.274603
767	-1.878936
768	-1.811824
769	0.706379
770	-1.694604
771	-0.400407
772	1.929719
773	-2.528052
774	2.574112
775	1.049112
776	1.713180
777	-2.709936
778	-1.896774
779	-1.965256
780	1.209953
781	-1.794848
782	-2.409415
783	-0.344632
784	3.161367
785	-1.841953
786	-1.234940
787	1.525250
788	-2.295445
789	-2.369435
790	-1.915034
791	-2.103931
792	1.246955
793	-2.383345
794	2.371003
795	-2.304087
796	-2.535691
797	-1.502805
798	1.561032
799	-1.674564
800	-0.554070
801	0.955019
802	-2.234922
803	-2.223308
804	1.873430
805	0.217442
806	-1.581033
807	-2.721687
808	-2.051453
809	0.798324
810	-1.744594
811	2.791417
812	-0.149921
813	1.706609
814	-2.046989
815	-2.059547
816	-1.828752
817	-1.676796
818	0.867549
819	2.915802
820	-0.598279
821	-1.068122
822	1.957297
823	-1.781100
824	-0.312377
825	-2.235702
826	1.495191
827	-1.993112
828	-0.968420
829	3.062399
830	-0.650406
831	-2.699814
832	2.261926
833	1.433821
834	-3.260972
835	1.731368
836	1.543747
837	-2.210139
838	-2.284524
839	-1.767261
840	-1.827307
841	-1.796894
842	-2.389940
843	-1.633033
844	1.811920
845	-2.025083
846	0.881187
847	-2.770526
848	-2.654132
849	-1.552373
850	0.561224
851	-1.306013
852	-1.508380
853	-1.638828
854	-0.992942
855	-2.432900
856	-1.155908
857	-1.832085
858	-2.846539
859	-2.376348
860	-1.661192
861	-1.883783
862	1.479792
863	1.656689
864	1.624288
865	-2.134153
866	-2.545184
867	-1.394542
868	-1.387086
869	-1.641784
870	0.879447
871	-1.678697
872	0.089728
873	-2.371293
874	-1.168991
875	-1.788101
876	0.493838
877	-2.307703
878	-1.368696
879	0.678303
880	1.600457
881	-2.008393
882	-1.831873
883	-1.547603
884	1.704063
885	-0.929506
886	1.781261
887	0.290399
888	0.386331
889	-2.662422
890	1.393539
891	-2.006408
892	-1.640630
893	-1.689259
894	1.639106
895	-1.576933
896	-1.687567
897	0.910657
898	2.343742
899	-2.382450
900	-1.949188
901	0.177958
902	-1.742874
903	2.424305
904	-0.259453
905	-2.111869
906	-2.253026
907	-1.745994
908	-1.744104
909	-1.279492
910	1.938466
911	2.073324
912	1.940208
913	1.353057
914	0.721201
915	-1.390660
916	-2.599237
917	-1.377837
918	2.012397
919	2.145917
920	-1.970775
921	-1.983635
922	-1.791345
923	2.931005
924	-1.846883
925	3.214389
926	-1.984543
927	1.254757
928	-1.729080
929	-2.495397
930	0.714248
931	-1.733989
932	-0.299384
933	-1.813287
934	-2.085742
935	1.584498
936	-1.920219
937	0.083867
938	-0.018597
939	0.622989
940	-1.784459
941	2.273006
942	-3.107555
943	-1.848756
944	-1.620438
945	-0.823772
946	1.618665
947	2.070787
948	-1.456186
949	-0.053124
950	-1.419692
951	-2.730725
952	-2.850017
953	-0.510263
954	2.537721
955	1.049052
956	-1.924744
957	-2.898528
958	-2.390703
959	1.997960
960	-2.150635
961	1.545967
962	-1.994704
963	-1.787373
964	-1.454139
965	-0.016292
966	0.738161
967	1.029391
968	2.387802
969	-1.421433
970	1.300699
971	-1.691162
972	-1.852160
973	0.731924
974	-2.551203
975	-0.893497
976	-1.817760
977	-0.058708
978	-1.880055
979	-2.546831
980	-1.224960
981	-2.157504
982	-2.449325
983	1.662610
984	-1.946035
985	1.027565
986	-2.169273
987	-2.191496
988	1.776910
989	-1.972573
990	0.176469
991	-1.725157
992	1.328548
993	1.819435
994	-1.857374
995	1.216428
996	-1.785550
997	0.303635
998	-1.909060
999	-2.057342
