0	-0.773821
1	0.039088
2	1.186340
3	-1.550513
4	-0.493534
5	1.600614
6	-2.251368
7	-2.775032
8	-2.586934
9	-1.368619
10	2.744982
11	-1.957166
12	-1.128385
13	-0.227252
14	-1.610594
15	-2.186241
16	-1.994295
17	-0.171036
18	-1.842559
19	-2.374748
20	-2.406147
21	-0.316515
22	0.847818
23	-2.717461
24	0.853619
25	-1.735876
26	-1.780317
27	-1.297681
28	-2.135890
29	-2.402090
30	1.628526
31	0.021830
32	-1.574234
33	-0.753675
34	1.442778
35	0.378045
36	-1.855233
37	-1.875383
38	-0.040056
39	1.910409
40	-0.249032
41	-2.120529
42	0.852999
43	-2.836041
44	-1.909162
45	-0.072375
46	-2.238134
47	-2.689366
48	1.163904
49	-2.627339
50	-1.643679
51	-2.025302
52	-2.370522
53	-1.454286
54	1.063738
55	-2.379484
56	-2.302627
57	-2.461658
58	-3.034397
59	1.462099
60	0.428640
61	0.785358
62	-1.576102
63	3.477959
64	-1.721573
65	2.815157
66	-1.661329
67	2.464927
68	-1.616738
69	-1.567177
70	-2.031442
71	1.399569
72	-1.576138
73	-1.115237
74	-2.200423
75	-2.194366
76	-2.598702
77	0.566434
78	0.788936
79	-2.333046
80	-2.778047
81	-2.057720
82	-2.776872
83	0.853367
84	-2.732603
85	-2.166763
86	-2.348881
87	1.934521
88	-1.857065
89	-1.586243
90	-1.544605
91	-1.768643
92	1.839812
93	1.175762
94	2.547377
95	-2.765848
96	0.528848
97	1.106257
98	-2.393866
99	-3.023787
100	-1.619002
101	1.159270
102	-1.459769
103	2.416141
104	-2.039854
105	-1.851377
106	-2.425641
107	1.956661
108	-1.534653
109	1.361617
110	-2.013808
111	-2.814972
112	-2.644162
113	1.141825
114	-1.571723
115	-2.390294
116	0.594926
117	0.130410
118	-1.774916
119	-1.970686
120	1.733611
121	-2.113347
122	-2.672789
123	2.180544
124	2.538733
125	1.786122
126	-1.226606
127	-2.060982
128	-2.220472
129	-1.458593
130	1.029159
131	-1.943862
132	2.087944
133	-1.173609
134	0.360548
135	3.240758
136	-2.684807
137	-2.312185
138	-1.722015
139	-1.852106
140	0.928969
141	2.141558
142	-0.028025
143	1.392443
144	0.160800
145	1.052666
146	-2.525354
147	1.122415
148	-1.558641
149	0.312385
150	1.028191
151	-2.077979
152	0.750274
153	0.984590
154	-2.077380
155	1.354429
156	-1.830487
157	-2.261872
158	-2.414653
159	0.974994
160	-1.958708
161	-2.048678
162	0.121097
163	-2.323177
164	-2.384580
165	1.354594
166	-2.840966
167	-1.658764
168	0.649597
169	1.218579
170	-1.454515
171	0.922068
172	-2.417654
173	-0.894516
174	1.815761
175	-1.930979
176	-1.213661
177	-1.754276
178	-1.394857
179	-2.873818
180	-0.889266
181	1.687295
182	0.991153
183	-2.313301
184	-0.496296
185	-2.197075
186	0.708114
187	0.508820
188	-0.911297
189	2.210303
190	0.094000
191	-1.795509
192	1.038810
193	-2.437303
194	-1.451591
195	-1.655818
196	-1.937514
197	-2.259657
198	-0.023936
199	-1.866967
200	-1.088360
201	0.824963
202	-2.672159
203	1.911959
204	-1.830309
205	-2.448489
206	-1.918535
207	-2.087517
208	2.178707
209	-1.404626
210	-1.487586
211	-1.744750
212	-2.059581
213	1.310620
214	-1.670366
215	-1.908907
216	-1.596251
217	-2.295142
218	-2.332922
219	0.724946
220	-1.809568
221	1.529051
222	3.054386
223	1.241125
224	1.221215
225	-1.700039
226	-2.158902
227	0.844876
228	-1.929012
229	3.148034
230	-1.270776
231	-2.212656
232	-1.561755
233	2.170085
234	2.043497
235	0.965107
236	-1.623379
237	-1.939502
238	-2.326158
239	0.375356
240	-2.549219
241	-3.022731
242	-1.732342
243	-2.924274
244	-2.347836
245	-2.027619
246	1.466988
247	-1.530399
248	-1.669067
249	-2.192600
250	-2.177695
251	-0.970172
252	-1.356061
253	-2.731446
254	-1.927470
255	-2.282349
256	-0.561502
257	0.535113
258	-1.856777
259	-1.994206
260	-2.118713
261	-1.322267
262	-1.906069
263	2.205481
264	1.273066
265	0.988445
266	1.532735
267	1.589118
268	-1.991226
269	-2.541289
270	-1.947375
271	-2.314837
272	1.418026
273	-1.403176
274	-1.606716
275	0.463870
276	-2.201673
277	-1.597717
278	-2.357348
279	1.781215
280	-0.267330
281	-3.056354
282	-2.222095
283	-1.855266
284	0.284126
285	-0.806509
286	-1.691115
287	0.744577
288	-1.979440
289	-2.739227
290	-1.963089
291	0.575484
292	-1.899725
293	0.246837
294	0.631680
295	1.071057
296	-2.087448
297	0.541515
298	0.272669
299	-1.997679
300	-2.673863
301	-2.237622
302	1.633360
303	-2.356772
304	-1.648080
305	-3.149481
306	-0.004150
307	1.576960
308	-1.785720
309	1.495003
310	1.577973
311	-1.250822
312	-1.951461
313	-2.405744
314	-2.195283
315	-3.148909
316	-1.629643
317	-2.261587
318	-1.620491
319	-2.137369
320	-0.118472
321	-2.665054
322	0.085160
323	-2.045275
324	0.996585
325	0.597754
326	1.812664
327	-2.528464
328	-0.525790
329	0.929937
330	-2.316776
331	-1.469501
332	-2.306280
333	0.321485
334	-1.598784
335	0.667720
336	0.342670
337	1.358992
338	-2.367568
339	0.370655
340	-2.726544
341	-2.896060
342	1.405602
343	-2.180431
344	-2.116101
345	1.244045
346	-1.898265
347	-1.903774
348	-1.952164
349	-2.497202
350	-2.168152
351	-0.248363
352	-2.130790
353	-0.736228
354	-2.741572
355	-0.032511
356	1.481041
357	-2.063621
358	2.898817
359	-1.671878
360	-1.728129
361	-1.608621
362	-1.578682
363	-2.537285
364	-2.341949
365	-1.999468
366	-2.590804
367	-1.796229
368	1.922657
369	1.591346
370	-1.909738
371	-2.412994
372	0.393715
373	-2.204628
374	2.140481
375	-2.472497
376	0.947846
377	-1.772076
378	-2.468425
379	-1.417637
380	-1.740131
381	2.634686
382	-0.790796
383	-1.638181
384	-2.422308
385	1.331007
386	-1.592393
387	0.725845
388	0.705072
389	-2.178893
390	1.109168
391	-1.729846
392	-2.205971
393	-0.105076
394	-1.119839
395	1.221699
396	1.452553
397	-3.038133
398	1.073102
399	-2.216802
400	0.247620
401	-0.012627
402	0.777407
403	-2.004214
404	1.512377
405	-0.777486
406	-3.136983
407	0.515768
408	-1.739985
409	-2.523491
410	0.612751
411	-2.162662
412	-1.358583
413	0.360769
414	-2.388657
415	-1.741405
416	-2.119196
417	-1.842781
418	-2.349274
419	-1.048550
420	-1.995709
421	2.121308
422	-2.355866
423	0.882929
424	-1.536420
425	-2.400785
426	-2.249941
427	-2.059451
428	-1.871843
429	1.478990
430	-2.660022
431	1.191137
432	2.199312
433	2.020852
434	-2.899902
435	-1.789207
436	-2.573974
437	-1.765321
438	3.462925
439	0.787437
440	-0.750655
441	3.123680
442	-2.314920
443	1.712011
444	-1.297360
445	0.588918
446	-1.954290
447	-1.904760
448	-1.039027
449	-2.532714
450	0.965645
451	-1.102757
452	-2.011701
453	2.109464
454	-2.267445
455	1.901529
456	-0.622187
457	-1.573352
458	-1.606549
459	-2.833317
460	2.242978
461	-2.421500
462	1.880488
463	-1.372826
464	-2.619285
465	-1.595042
466	1.148672
467	-2.801843
468	0.788301
469	1.864795
470	1.115562
471	-2.380240
472	-1.432679
473	0.559383
474	-2.252243
475	-1.918973
476	-1.643386
477	-1.178838
478	-2.270378
479	2.030651
480	-2.183448
481	-1.418159
482	-2.176639
483	-1.356841
484	-1.869432
485	1.847017
486	-1.719058
487	-1.345931
488	-1.784441
489	-2.395635
490	-2.221286
491	-2.375514
492	-2.888329
493	-2.327154
494	0.074859
495	-2.230958
496	-0.536959
497	-1.835394
498	0.046698
499	-1.522789
500	-0.924392
501	-2.293834
502	-0.898649
503	-1.772825
504	-2.261793
505	-2.922795
506	1.214816
507	-1.939604
508	-1.615638
509	1.675142
510	0.923452
511	-0.321706
512	-2.148095
513	-2.384441
514	-2.088722
515	-1.071817
516	1.148615
517	-1.447894
518	-1.678391
519	1.755397
520	-2.076259
521	-2.066238
522	-2.340505
523	-2.987085
524	1.785773
525	1.849748
526	1.590046
527	0.334015
528	-1.331431
529	3.251468
530	1.526059
531	-0.967239
532	2.002764
533	1.583272
534	-1.706917
535	-2.557369
536	-1.646346
537	-2.266962
538	-2.423086
539	-2.112446
540	-2.040661
541	2.025569
542	-1.961817
543	2.073774
544	-1.638231
545	-2.127536
546	-2.110566
547	1.682956
548	2.875886
549	-1.490236
550	-1.671543
551	-1.372020
552	-1.383123
553	0.295818
554	1.670962
555	1.179968
556	0.836222
557	-1.894420
558	0.862513
559	-0.273177
560	-2.155715
561	-1.967410
562	-0.163856
563	-2.614314
564	2.343778
565	1.556430
566	1.115978
567	-2.290146
568	0.253020
569	-2.162007
570	-1.868026
571	-1.503962
572	-1.734216
573	-2.305521
574	1.521698
575	-2.083169
576	1.581732
577	1.813533
578	-2.630325
579	2.980272
580	-1.957544
581	1.709757
582	0.238361
583	-1.328266
584	-2.191051
585	-0.627125
586	-2.062269
587	-1.857102
588	0.701978
589	-2.623184
590	-2.318420
591	-3.035360
592	1.069582
593	-1.754576
594	1.653876
595	1.933483
596	2.161231
597	-1.649102
598	0.099787
599	-0.172413
600	0.759017
601	-3.198513
602	0.267367
603	-2.260500
604	0.867020
605	2.324194
606	-1.412407
607	-1.362216
608	-2.062802
609	0.933256
610	2.075008
611	-1.343432
612	-1.561314
613	-1.500449
614	-2.023867
615	-2.413961
616	0.371702
617	-0.089493
618	-1.985986
619	-1.726260
620	-2.561121
621	-3.562598
622	-1.533472
623	3.050799
624	-2.274273
625	-1.989947
626	0.579007
627	0.621467
628	-0.376885
629	0.666526
630	-0.598441
631	2.407745
632	-1.095369
633	1.480854
634	-2.887359
635	-1.397108
636	2.568608
637	0.799715
638	0.858837
639	1.264887
640	-1.743726
641	-2.079850
642	-1.425336
643	-2.441530
644	-2.212141
645	-1.817811
646	-1.663718
647	-2.620424
648	1.856476
649	-2.206797
650	-2.530987
651	-0.447183
652	0.259915
653	-2.233360
654	-2.088341
655	-2.168722
656	0.067058
657	-2.232290
658	1.299216
659	0.371500
660	-1.710477
661	-1.355719
662	-1.788013
663	-2.041574
664	-0.998496
665	-1.974864
666	-0.624831
667	-1.988078
668	-1.863018
669	-2.345571
670	-2.593497
671	0.039084
672	-2.294550
673	0.561928
674	-2.067871
675	1.383011
676	-2.147810
677	-2.160157
678	-2.184582
679	-2.414788
680	-1.664267
681	-2.442241
682	1.034033
683	-2.434757
684	-0.964448
685	-2.107845
686	0.724669
687	-1.924562
688	-2.478983
689	-2.192489
690	-2.294224
691	-1.096724
692	-1.779064
693	-1.890618
694	-1.980083
695	-2.462685
696	1.449748
697	2.112450
698	-1.491440
699	0.871085
700	-1.659035
701	-1.478208
702	0.513459
703	1.544330
704	-1.980966
705	0.560762
706	-2.587832
707	-2.220693
708	-1.686239
709	0.266675
710	1.929484
711	0.837396
712	-1.949749
713	1.440353
714	-1.574903
715	-2.378997
716	0.707183
717	-1.784905
718	-2.005027
719	0.450949
720	-3.245155
721	-1.203850
722	-1.572726
723	-2.197767
724	-1.903433
725	1.518318
726	0.621896
727	-0.781524
728	2.685706
729	-1.670535
730	-1.977385
731	-0.767563
732	-1.160056
733	-3.011550
734	-1.986827
735	-1.859111
736	-1.550980
737	1.040515
738	1.379181
739	2.770748
740	0.984653
741	-1.607268
742	-1.538212
743	1.384593
744	-2.867050
745	-2.009582
746	-1.572240
747	-0.557884
748	0.386242
749	2.323323
750	-1.516363
751	-2.292969
752	-0.113184
753	-2.522685
754	-2.535725
755	1.006195
756	-2.152243
757	1.320100
758	-2.143096
759	-2.072424
760	2.843711
761	-2.066146
762	-1.835078
763	0.795725
764	1.929369
765	-2.933427
766	-2.231849
767	-2.156319
768	-0.045918
769	-2.128211
770	-2.006182
771	0.196247
772	-1.025869
773	-3.048750
774	1.640481
775	-2.241309
776	-1.830772
777	0.971169
778	-1.836086
779	-2.532433
780	-2.042676
781	-1.145948
782	-1.909065
783	1.608789
784	-2.190241
785	-1.755049
786	-1.786192
787	-0.063587
788	-1.917807
789	1.243620
790	1.746899
791	-1.833650
792	0.717526
793	-2.202325
794	-1.597467
795	-1.821276
796	-1.940713
797	0.100183
798	-2.406948
799	1.762556
800	-0.541688
801	1.675345
802	2.667805
803	-1.144476
804	-2.150135
805	-1.985575
806	1.498650
807	1.988721
808	-1.995886
809	-1.869657
810	1.626047
811	-2.965899
812	-2.008597
813	-1.562000
814	0.699463
815	1.349747
816	0.556020
817	-2.274682
818	-2.673209
819	0.477079
820	2.201053
821	0.224935
822	1.644310
823	-2.326200
824	-0.354940
825	0.866278
826	-0.889033
827	1.882100
828	-2.786627
829	-2.794043
830	-0.225595
831	-0.721583
832	-1.915663
833	2.031899
834	-1.566849
835	1.548632
836	0.361788
837	-0.588581
838	-1.545516
839	-0.270296
840	-1.703581
841	1.132522
842	-1.752535
843	-2.179933
844	0.583503
845	-1.572997
846	-2.197678
847	-1.799128
848	-0.365993
849	0.477621
850	1.497168
851	-2.733503
852	2.178731
853	-1.424349
854	-1.782969
855	0.995605
856	-2.622057
857	-1.808361
858	2.026569
859	-1.671123
860	-1.532566
861	-2.183967
862	-2.797319
863	-1.097739
864	1.712662
865	-2.911763
866	1.262659
867	1.961908
868	-1.759830
869	1.589251
870	-2.075138
871	-2.242792
872	-1.727139
873	0.479008
874	-2.505488
875	1.093709
876	0.355185
877	-2.414155
878	-1.532741
879	-2.387934
880	-2.410868
881	-1.582532
882	-1.296077
883	-1.565118
884	-1.827391
885	1.259122
886	-0.975925
887	-2.422697
888	-1.900921
889	-1.074051
890	-1.905693
891	-1.904776
892	-2.151200
893	-2.936575
894	-1.083484
895	-1.999185
896	-1.450725
897	-2.344521
898	-1.811005
899	-2.595979
900	-1.670761
901	0.633117
902	-2.388452
903	-1.311895
904	-1.231145
905	1.333222
906	-2.576438
907	-0.261463
908	-2.106126
909	0.506823
910	-1.282760
911	-2.856125
912	-2.941593
913	0.841747
914	-1.424858
915	-2.400069
916	2.876793
917	-2.281528
918	-2.373366
919	0.993962
920	0.791013
921	1.040281
922	-1.135744
923	-2.240694
924	-1.255554
925	-1.642904
926	-1.725469
927	-2.251705
928	0.995751
929	-2.977486
930	-2.322704
931	-2.030111
932	-1.662735
933	-1.976804
934	0.468565
935	-2.018621
936	-1.834009
937	-1.816903
938	0.461721
939	-2.313508
940	-1.548370
941	0.729385
942	-2.319040
943	-2.058178
944	0.177068
945	-1.589481
946	0.951213
947	-1.652366
948	0.384910
949	1.670974
950	2.422501
951	-1.619078
952	0.224512
953	-1.898169
954	-1.481918
955	-2.270994
956	1.082510
957	-1.533464
958	0.595358
959	0.338450
960	-1.174620
961	1.840695
962	-0.470104
963	-3.428274
964	-1.370882
965	-1.687519
966	2.154828
967	-2.207917
968	2.886649
969	1.327743
970	-2.285959
971	1.801106
972	-1.926381
973	1.444024
974	-2.264343
975	1.510660
976	-1.986057
977	-0.787219
978	-1.564407
979	0.336367
980	-1.861234
981	-1.239032
982	-0.866388
983	-2.203760
984	-1.947225
985	-1.758297
986	0.910045
987	-2.168406
988	-0.174539
989	-2.736980
990	0.654971
991	-2.563689
992	-0.263700
993	-2.815833
994	-2.201009
995	-2.423754
996	0.167061
997	-2.041300
998	0.528806
999	-2.121207
1000	0.125213
1001	-2.387994
1002	1.153371
1003	-0.892209
1004	-1.156115
1005	1.520356
1006	-1.497311
1007	0.619749
1008	1.554737
1009	-1.802458
1010	-1.763277
1011	-2.190275
1012	-2.956537
1013	2.238700
1014	-1.051686
1015	0.480020
1016	1.626541
1017	-0.723685
1018	-2.161562
1019	-2.498706
1020	-2.886988
1021	-2.628414
1022	0.283183
1023	0.127598
1024	-1.593868
1025	-0.963500
1026	2.456199
1027	1.469349
1028	-2.258549
1029	-1.367543
1030	-2.232597
1031	-2.744173
1032	-1.918697
1033	-0.487120
1034	2.423923
1035	-2.020519
1036	-3.255485
1037	-2.038064
1038	-2.125762
1039	-1.856266
1040	-1.244389
1041	0.813152
1042	-1.960431
1043	-1.407717
1044	2.115019
1045	-1.266996
1046	2.328787
1047	0.701105
1048	-1.913961
1049	-0.739194
1050	-1.407619
1051	-2.457476
1052	-2.016249
1053	-1.807828
1054	-2.412186
1055	-1.937944
1056	-2.576767
1057	0.581510
1058	-2.643905
1059	-2.769776
1060	2.162567
1061	-2.285515
1062	-0.093743
1063	-1.100321
1064	-2.673541
1065	0.556015
1066	0.370124
1067	-1.963557
1068	1.602666
1069	1.836696
1070	0.351110
1071	0.691334
1072	1.939400
1073	1.251823
1074	0.709667
1075	0.580204
1076	-2.153088
1077	-2.305819
1078	1.777382
1079	2.103772
1080	1.291283
1081	1.851401
1082	1.181023
1083	-0.859673
1084	-1.137534
1085	-1.808229
1086	1.086060
1087	1.316833
1088	-0.098748
1089	1.935313
1090	1.510753
1091	-0.983745
1092	-2.070252
1093	-1.895101
1094	1.632121
1095	-2.405768
1096	-1.871482
1097	-1.886989
1098	-2.665165
1099	-1.518169
1100	0.701163
1101	-1.720030
1102	-2.216768
1103	-1.614654
1104	1.309612
1105	-1.300033
1106	0.794123
1107	-1.615042
1108	-2.419007
1109	-2.371893
1110	-2.118018
1111	-2.067008
1112	-1.425930
1113	-3.264053
1114	-1.333555
1115	2.252350
1116	0.338365
1117	-3.317211
1118	-1.359429
1119	-1.791613
1120	2.117594
1121	2.546650
1122	0.384673
1123	-0.374128
1124	1.170268
1125	-2.376972
1126	0.751806
1127	-2.942451
1128	-1.955965
1129	-1.702081
1130	-1.152393
1131	-2.255889
1132	-1.505878
1133	0.978300
1134	-1.451466
1135	-1.901417
1136	1.007424
1137	-2.631682
1138	-2.573752
1139	1.384060
1140	-3.127719
1141	-1.952613
1142	1.464791
1143	1.497716
1144	-2.270754
1145	0.652029
1146	0.274579
1147	1.158369
1148	-1.585923
1149	-2.050513
1150	1.543090
1151	1.294350
1152	0.426821
1153	0.171964
1154	-2.150636
1155	0.612731
1156	0.343976
1157	-1.944461
1158	-1.598854
1159	-2.666562
1160	-1.963909
1161	-2.135298
1162	-2.614755
1163	-2.527986
1164	-2.065345
1165	-1.371760
1166	-2.111211
1167	-1.920188
1168	0.825529
1169	-1.814031
1170	-1.343525
1171	2.108386
1172	-1.523403
1173	-2.490750
1174	-2.063008
1175	-0.691304
1176	-2.157186
1177	-2.828860
1178	2.594242
1179	0.771807
1180	-2.505146
1181	-2.559517
1182	-3.073857
1183	-2.115685
1184	1.132593
1185	2.003212
1186	-1.151719
1187	-2.086337
1188	-1.580002
1189	0.437259
1190	2.176320
1191	-0.256103
1192	-1.738154
1193	-1.780132
1194	-1.977244
1195	0.646718
1196	1.505270
1197	0.989342
1198	-2.020596
1199	-0.828279
1200	2.259778
1201	-2.147682
1202	-2.416263
1203	-1.752607
1204	-2.091247
1205	1.687808
1206	0.965075
1207	-2.018756
1208	-1.773792
1209	-2.576873
1210	1.347829
1211	-2.095805
1212	-1.208731
1213	-2.644416
1214	-1.209256
1215	-0.297328
1216	3.498287
1217	1.655645
1218	2.824744
1219	-0.143928
1220	-1.570753
1221	-2.857102
1222	-1.756837
1223	-2.953598
1224	-1.922584
1225	-3.215974
1226	-1.014864
1227	-1.891706
1228	-2.403774
1229	-2.433130
1230	-2.037947
1231	-1.183074
1232	1.564292
1233	-2.184687
1234	1.257392
1235	-0.132787
1236	-2.287994
1237	-1.578800
1238	-2.301260
1239	-2.168580
1240	-1.948101
1241	-1.334584
1242	0.041013
1243	0.724771
1244	1.653178
1245	-1.837146
1246	-2.378543
1247	-2.194827
1248	3.880600
1249	-1.980025
1250	-1.613782
1251	-2.053477
1252	-0.039222
1253	-2.231662
1254	-2.493680
1255	-1.824157
1256	-2.532920
1257	0.026302
1258	-1.048419
1259	-1.734853
1260	2.393542
1261	1.212674
1262	1.114473
1263	1.393223
1264	1.587932
1265	-1.004277
1266	-1.934739
1267	-2.148106
1268	0.136561
1269	0.420453
1270	0.815397
1271	0.611310
1272	-1.434619
1273	-2.097992
1274	-2.244520
1275	0.973723
1276	0.173818
1277	-1.217751
1278	-2.065929
1279	1.667003
1280	0.976751
1281	-1.153226
1282	1.418476
1283	0.933334
1284	-2.101832
1285	-2.469150
1286	-0.100283
1287	-2.296479
1288	1.060500
1289	1.250860
1290	-3.166096
1291	0.876698
1292	-1.803305
1293	-2.315847
1294	-1.521680
1295	-2.364472
1296	1.895001
1297	-1.095265
1298	0.415565
1299	-2.481890
1300	0.706885
1301	1.018112
1302	-2.340251
1303	-2.840809
1304	-2.547532
1305	-1.971460
1306	-1.727858
1307	0.019977
1308	1.519974
1309	-1.667084
1310	-2.179284
1311	0.531253
1312	1.213486
1313	-1.732124
1314	0.339185
1315	-2.125945
1316	-1.733150
1317	-1.999799
1318	-1.919535
1319	-2.772262
1320	-2.559355
1321	-2.028717
1322	0.459820
1323	-1.331161
1324	2.662136
1325	-3.144605
1326	1.001651
1327	0.944782
1328	-1.233942
1329	1.037714
1330	-2.465838
1331	-1.430820
1332	-1.624093
1333	-2.062011
1334	-2.572841
1335	-1.374252
1336	-1.323567
1337	-0.287065
1338	0.753326
1339	-0.553575
1340	1.066900
1341	-1.627605
1342	-1.953246
1343	0.489591
1344	-2.240952
1345	1.126063
1346	3.983214
1347	0.985542
1348	-2.333379
1349	-0.944191
1350	-1.192666
1351	-2.013418
1352	0.580226
1353	-2.081316
1354	-1.926800
1355	-1.972217
1356	-2.442716
1357	-1.687660
1358	2.121647
1359	2.741285
1360	-2.408923
1361	-1.522736
1362	-1.827647
1363	-3.034508
1364	2.065886
1365	3.129079
1366	-1.456089
1367	-1.637664
1368	1.083456
1369	0.528016
1370	-1.573094
1371	-2.504898
1372	1.524621
1373	1.503933
1374	-2.193758
1375	-1.552287
1376	1.467924
1377	-2.777701
1378	-1.493228
1379	1.299437
1380	-2.405462
1381	-0.023790
1382	-2.276930
1383	-1.242883
1384	-2.298228
1385	0.339386
1386	-2.528962
1387	-0.517755
1388	1.367988
1389	-2.455574
1390	-1.800539
1391	0.934148
1392	-1.692369
1393	1.332242
1394	0.613948
1395	-2.244753
1396	2.335276
1397	1.624715
1398	-2.696587
1399	1.153055
1400	-1.669391
1401	-2.314500
1402	-1.160005
1403	-2.786443
1404	-2.288227
1405	-2.972063
1406	-1.869975
1407	-1.993879
1408	-2.809273
1409	-1.314506
1410	-1.558333
1411	1.569046
1412	1.860150
1413	1.135323
1414	-1.646818
1415	-1.500113
1416	-0.013504
1417	2.482568
1418	1.426394
1419	-2.722375
1420	-1.895753
1421	-1.753128
1422	-1.629638
1423	-2.516129
1424	-1.181249
1425	-1.666070
1426	0.243746
1427	1.861222
1428	-2.000938
1429	-1.221807
1430	-2.013319
1431	0.326495
1432	-0.889869
1433	-1.649843
1434	-0.052756
1435	-2.334940
1436	-1.125512
1437	0.296527
1438	-2.928707
1439	-1.942746
1440	-2.225884
1441	-2.004730
1442	-2.019091
1443	0.854181
1444	-3.138647
1445	-1.155528
1446	-1.691083
1447	-1.862417
1448	-1.161900
1449	0.962417
1450	-1.330024
1451	-1.337959
1452	-2.316130
1453	-1.038556
1454	-1.235850
1455	-1.873897
1456	1.644432
1457	2.152370
1458	0.812116
1459	-2.620008
1460	-2.403196
1461	-1.605130
1462	0.670024
1463	-1.491572
1464	-1.206574
1465	-1.625894
1466	-2.018634
1467	-1.668693
1468	1.544295
1469	2.649927
1470	-2.514383
1471	-0.778788
1472	-0.515913
1473	-1.616990
1474	-1.308561
1475	-0.288926
1476	0.240246
1477	-1.669372
1478	0.898310
1479	0.841864
1480	-0.608925
1481	3.437958
1482	1.378115
1483	-1.931029
1484	2.206500
1485	-1.463641
1486	-1.509959
1487	1.511794
1488	1.290686
1489	-1.177955
1490	-2.106913
1491	1.654785
1492	-1.206261
1493	-2.071554
1494	-2.218978
1495	-1.965050
1496	-1.584885
1497	-2.258692
1498	-2.289651
1499	-2.454540
1500	1.733459
1501	-1.781925
1502	-0.960863
1503	1.476883
1504	-2.285000
1505	-1.291403
1506	-1.134594
1507	1.385239
1508	0.926016
1509	-2.379526
1510	-1.479566
1511	0.503275
1512	-1.892880
1513	-1.728216
1514	0.752123
1515	-1.217691
1516	-1.232964
1517	-2.260253
1518	0.519689
1519	-2.488954
1520	-2.469357
1521	-2.772259
1522	-1.784134
1523	0.188885
1524	0.408402
1525	-2.486544
1526	-1.582913
1527	1.892990
1528	-2.785863
1529	-2.196580
1530	-1.768061
1531	-1.884958
1532	2.115387
1533	2.426190
1534	0.554710
1535	-1.033229
1536	0.781121
1537	-2.406074
1538	-2.219414
1539	1.664949
1540	0.098735
1541	-2.158822
1542	1.711105
1543	1.724336
1544	-1.877804
1545	-1.819056
1546	2.854408
1547	-2.118485
1548	1.475383
1549	-1.209398
1550	1.380713
1551	2.366114
1552	-1.897254
1553	-1.752961
1554	-2.494088
1555	-2.123005
1556	-3.163108
1557	2.031775
1558	-1.428148
1559	-2.133453
1560	-1.470109
1561	0.178602
1562	-1.871028
1563	-2.392236
1564	-1.998042
1565	-2.164398
1566	-2.814586
1567	-2.520291
1568	1.485697
1569	0.671569
1570	-2.384725
1571	2.141013
1572	-1.655857
1573	1.807851
1574	-2.794824
1575	-1.381880
1576	-0.581494
1577	-1.868094
1578	1.715316
1579	0.983528
1580	-2.461532
1581	0.297205
1582	0.201097
1583	-1.220988
1584	1.291606
1585	0.407080
1586	-1.030260
1587	-1.892352
1588	1.427503
1589	0.498158
1590	-2.156237
1591	2.242815
1592	0.360188
1593	2.008149
1594	0.874667
1595	-2.139192
1596	0.846713
1597	-1.593558
1598	1.732505
1599	1.404257
1600	-1.794985
1601	-2.224002
1602	-1.931853
1603	-1.923851
1604	-1.183432
1605	-0.259103
1606	-0.339077
1607	-2.642734
1608	-2.784269
1609	-1.841999
1610	0.529421
1611	-1.954087
1612	0.650062
1613	-2.046665
1614	-2.521223
1615	-3.118025
1616	-1.666925
1617	1.586707
1618	-1.567691
1619	1.137743
1620	1.087851
1621	1.171455
1622	-1.937579
1623	1.044095
1624	2.035504
1625	-2.056758
1626	-0.859859
1627	-2.520167
1628	-1.966608
1629	-1.391415
1630	-0.205123
1631	0.640847
1632	-1.239692
1633	-1.465316
1634	0.629984
1635	-2.781645
1636	-1.656844
1637	1.340169
1638	-1.986234
1639	-2.467825
1640	-1.750100
1641	-2.464426
1642	-1.585187
1643	-1.490094
1644	-2.877415
1645	-1.419689
1646	-2.541267
1647	0.695958
1648	1.080631
1649	-1.705508
1650	-2.349530
1651	1.712045
1652	0.312474
1653	-2.889426
1654	-1.806096
1655	2.391869
1656	-1.864209
1657	-1.316937
1658	-1.720545
1659	-2.495977
1660	-0.156408
1661	-1.767347
1662	-0.740076
1663	-1.612681
1664	0.074594
1665	-1.739385
1666	-1.644725
1667	-1.874885
1668	-2.824733
1669	-2.262522
1670	-1.861545
1671	0.646167
1672	-1.717680
1673	-3.249671
1674	-1.804061
1675	1.074470
1676	-1.221646
1677	-2.088995
1678	-2.087605
1679	-1.461873
1680	1.575517
1681	-0.868674
1682	2.008736
1683	1.157464
1684	1.517165
1685	-1.761413
1686	-1.965163
1687	-2.481614
1688	-1.661136
1689	1.533075
1690	0.782419
1691	-2.433084
1692	-1.855314
1693	-2.004160
1694	-3.123607
1695	1.355171
1696	-1.800627
1697	0.916713
1698	-3.416162
1699	-0.871633
1700	-2.017680
1701	-2.983428
1702	-2.474572
1703	-1.877197
1704	-2.403129
1705	-1.377661
1706	-1.848260
1707	-1.186499
1708	-2.498449
1709	-1.770690
1710	-0.654544
1711	-1.272712
1712	-2.445530
1713	1.400919
1714	-1.265819
1715	-1.648381
1716	0.326399
1717	1.452019
1718	1.853621
1719	1.612293
1720	-2.752888
1721	-2.033975
1722	3.770886
1723	0.664262
1724	-0.913087
1725	0.549252
1726	-1.854825
1727	-1.742360
1728	-2.186720
1729	-2.357755
1730	1.815166
1731	0.891258
1732	0.582355
1733	-2.540921
1734	-2.484313
1735	-2.755870
1736	1.285102
1737	-1.471204
1738	-2.173896
1739	-1.973352
1740	-0.007624
1741	-1.605350
1742	1.604637
1743	-2.397088
1744	-1.919991
1745	-0.692247
1746	0.328525
1747	1.287520
1748	2.122813
1749	0.058955
1750	-2.042796
1751	-2.507841
1752	-2.484435
1753	2.072304
1754	1.923028
1755	2.828845
1756	-0.181007
1757	-2.176492
1758	0.261885
1759	-2.251001
1760	-1.430529
1761	-1.854283
1762	-1.749199
1763	-1.918039
1764	1.413268
1765	0.121839
1766	-2.169666
1767	-0.933064
1768	-2.487699
1769	-2.452255
1770	2.286970
1771	-2.679927
1772	-1.849986
1773	1.429917
1774	-2.672057
1775	-2.489783
1776	-0.084162
1777	1.768610
1778	-2.093235
1779	-1.846638
1780	-2.671375
1781	-1.649277
1782	-1.884415
1783	0.861655
1784	-1.948191
1785	-2.126057
1786	-0.608113
1787	-2.536877
1788	-0.597476
1789	-1.489369
1790	1.043256
1791	-2.605654
1792	1.627514
1793	-2.613002
1794	-2.710229
1795	1.890058
1796	-1.797939
1797	2.155396
1798	-1.830904
1799	-0.571347
1800	-2.499337
1801	-1.730429
1802	-1.984504
1803	0.741190
1804	-1.456637
1805	-1.336065
1806	0.471419
1807	1.500264
1808	1.119751
1809	0.375575
1810	-1.807971
1811	-1.572641
1812	-2.182114
1813	-0.059760
1814	-2.067899
1815	2.076551
1816	-1.093334
1817	0.312786
1818	-1.535996
1819	-2.258338
1820	-2.243749
1821	-2.026773
1822	-1.631072
1823	-2.386093
1824	-1.809188
1825	-2.081957
1826	1.740618
1827	-2.165872
1828	-0.877892
1829	0.134881
1830	-2.964780
1831	-2.370599
1832	-2.673293
1833	-1.665287
1834	-2.228621
1835	-0.836626
1836	-0.943672
1837	-1.706013
1838	-2.149372
1839	1.365978
1840	0.940937
1841	-2.126863
1842	-2.393826
1843	-2.417350
1844	-2.746398
1845	-0.959788
1846	-0.146834
1847	-1.843091
1848	-1.792314
1849	-2.224105
1850	-1.889134
1851	0.212584
1852	2.711979
1853	0.868616
1854	1.741460
1855	-0.493025
1856	-1.750915
1857	-1.349512
1858	-1.645541
1859	-1.502357
1860	-2.377969
1861	0.745234
1862	-2.074285
1863	-1.772094
1864	-1.712857
1865	-1.753512
1866	0.540994
1867	-1.771133
1868	-2.677328
1869	-1.916811
1870	-1.441215
1871	-1.927955
1872	1.572101
1873	-2.887316
1874	-1.727198
1875	0.432613
1876	-1.466504
1877	1.120072
1878	-0.539548
1879	-0.346308
1880	-1.883154
1881	0.179111
1882	-1.378936
1883	1.180951
1884	1.438392
1885	-1.716671
1886	0.337019
1887	0.697629
1888	-1.536323
1889	-2.776532
1890	1.760882
1891	-2.165517
1892	-1.679707
1893	1.057189
1894	0.713763
1895	-1.186342
1896	0.631459
1897	-2.271348
1898	-2.420222
1899	0.166479
1900	-1.797566
1901	-2.555444
1902	1.663098
1903	2.566419
1904	0.330497
1905	-2.549214
1906	-2.681196
1907	-1.980630
1908	1.196296
1909	0.944823
1910	-1.158433
1911	0.745826
1912	-1.645165
1913	-2.037148
1914	-2.091094
1915	1.406565
1916	0.869613
1917	-1.836926
1918	-1.967990
1919	-1.221932
1920	0.452673
1921	-1.593600
1922	1.528386
1923	2.491728
1924	-2.306693
1925	-2.712491
1926	-2.284052
1927	0.829745
1928	-2.185771
1929	1.195986
1930	-2.340778
1931	1.211605
1932	-1.838961
1933	-1.041866
1934	-2.548012
1935	-1.695156
1936	-0.654441
1937	-1.931128
1938	0.916850
1939	-1.769196
1940	-3.309463
1941	-2.073402
1942	0.345502
1943	-1.206538
1944	-2.666538
1945	-1.181602
1946	1.641177
1947	0.961381
1948	-1.237126
1949	-2.630884
1950	-1.395561
1951	-0.573003
1952	2.000711
1953	-0.898623
1954	-1.454667
1955	-1.301538
1956	-1.944429
1957	-1.304708
1958	1.316258
1959	-1.581375
1960	-1.712687
1961	-1.574832
1962	-1.712319
1963	1.817429
1964	-1.555060
1965	-1.723309
1966	1.607390
1967	0.543818
1968	-2.403727
1969	-1.221815
1970	-2.138137
1971	-0.025788
1972	-1.169720
1973	-1.657845
1974	1.055893
1975	0.491855
1976	0.333986
1977	-2.305049
1978	-2.311514
1979	0.981892
1980	1.277370
1981	-0.304428
1982	-1.905813
1983	0.405344
1984	1.560159
1985	-2.106635
1986	1.055426
1987	-1.575182
1988	0.453541
1989	2.743705
1990	-2.511803
1991	-0.677418
1992	-2.349589
1993	1.214464
1994	0.284955
1995	-2.633456
1996	-2.326589
1997	0.660009
1998	-2.296064
1999	-1.694341
2000	2.148783
2001	0.718607
2002	0.182915
2003	2.086754
2004	-0.137029
2005	1.115620
2006	-1.809004
2007	2.443720
2008	-2.204447
2009	-0.152574
2010	-1.905630
2011	-1.205150
2012	-2.101413
2013	1.125890
2014	0.540324
2015	1.100161
2016	-2.407049
2017	-2.915680
2018	1.654327
2019	-2.101099
2020	-2.224724
2021	1.086048
2022	3.064547
2023	-2.019911
2024	1.857737
2025	-1.137232
2026	-2.111181
2027	-1.397083
2028	1.682178
2029	-2.094729
2030	0.817441
2031	-1.713441
2032	-2.108842
2033	-2.178397
2034	-2.111247
2035	-1.883382
2036	0.471021
2037	-0.401082
2038	-1.918200
2039	0.068308
2040	-0.485384
2041	-1.784391
2042	1.209254
2043	-1.298078
2044	-0.624463
2045	-1.993502
2046	-1.292109
2047	-3.342542
2048	-2.663070
2049	1.127143
2050	0.965457
2051	-1.825326
2052	-1.834888
2053	-2.749561
2054	-2.447286
2055	-1.722200
2056	-1.757898
2057	-1.498117
2058	1.215860
2059	-1.409330
2060	2.381629
2061	-1.327662
2062	2.303410
2063	-2.005348
2064	0.733793
2065	-1.313274
2066	-2.205809
2067	0.526779
2068	-2.211662
2069	3.479205
2070	-1.177797
2071	1.391949
2072	1.086173
2073	-2.537754
2074	-2.417809
2075	-2.053650
2076	-2.463365
2077	-3.144321
2078	-1.870566
2079	-1.276671
2080	2.499973
2081	-2.057490
2082	-2.274998
2083	-2.283695
2084	-0.711182
2085	-1.876302
2086	-2.182993
2087	1.160675
2088	1.410997
2089	1.308093
2090	-1.242868
2091	-1.609602
2092	-1.315257
2093	-2.176517
2094	0.161750
2095	-1.970203
2096	-1.644704
2097	-2.334609
2098	1.697453
2099	-1.835810
2100	1.887127
2101	-2.765740
2102	1.385560
2103	-2.221711
2104	-2.269809
2105	-2.688008
2106	2.598552
2107	-0.376445
2108	-2.099156
2109	-2.501491
2110	-1.429411
2111	-0.939408
2112	0.018381
2113	0.696607
2114	-2.358206
2115	-0.193978
2116	-1.682530
2117	-0.568100
2118	1.500165
2119	-1.983205
2120	2.559256
2121	-1.902550
2122	1.215291
2123	-2.133897
2124	1.053456
2125	-2.153020
2126	-2.663398
2127	-1.821670
2128	0.892945
2129	-2.754497
2130	-1.722582
2131	-2.515306
2132	0.507228
2133	-2.648247
2134	1.767779
2135	-2.382721
2136	-2.344755
2137	-2.472488
2138	-2.592451
2139	-0.170167
2140	0.011448
2141	-2.379907
2142	-1.799328
2143	-1.956698
2144	-0.067174
2145	-1.973295
2146	2.527918
2147	2.259769
2148	0.253007
2149	-0.671470
2150	1.326138
2151	2.356636
2152	-2.711699
2153	-2.189367
2154	1.918860
2155	0.633998
2156	-1.744265
2157	0.981076
2158	-1.608402
2159	-1.777752
2160	-0.865079
2161	2.420973
2162	-2.701160
2163	0.752462
2164	0.154393
2165	-1.443901
2166	-1.399012
2167	-2.945143
2168	-2.489605
2169	-1.943225
2170	-1.738203
2171	-2.590943
2172	0.320491
2173	1.362359
2174	0.550078
2175	-1.714880
2176	-2.462633
2177	1.737151
2178	-2.419656
2179	0.397412
2180	0.889630
2181	-0.094404
2182	-2.093682
2183	-1.239529
2184	-2.356597
2185	-3.046223
2186	-1.986906
2187	1.719638
2188	1.272300
2189	-2.177562
2190	-1.935248
2191	-1.345291
2192	0.262144
2193	1.435443
2194	-2.295932
2195	0.979228
2196	-2.462802
2197	-2.818802
2198	-2.913739
2199	-2.421556
2200	-2.654454
2201	0.918019
2202	-1.334934
2203	0.200720
2204	-1.453916
2205	0.926802
2206	-1.877053
2207	-1.442620
2208	1.533906
2209	3.700890
2210	1.178400
2211	1.304163
2212	-2.135407
2213	2.863807
2214	1.708449
2215	-0.461250
2216	-0.270100
2217	-2.341757
2218	-2.752838
2219	-2.026905
2220	1.242760
2221	0.284771
2222	-2.426034
2223	-1.411525
2224	-2.212461
2225	-2.332288
2226	-1.412398
2227	-1.954662
2228	1.296323
2229	-0.048516
2230	-1.727153
2231	-2.406077
2232	1.366882
2233	-1.876525
2234	-1.801965
2235	-2.171342
2236	-0.794238
2237	-1.335666
2238	2.183920
2239	-1.744530
2240	1.624461
2241	-1.935501
2242	-1.367362
2243	-2.208077
2244	0.623388
2245	1.522460
2246	0.982069
2247	-2.417291
2248	0.288706
2249	-1.396245
2250	-1.468979
2251	1.236580
2252	0.178817
2253	2.124142
2254	-1.573208
2255	1.354009
2256	-1.614496
2257	-2.574748
2258	-0.463135
2259	0.900910
2260	0.106127
2261	-2.729689
2262	-1.988764
2263	1.683793
2264	-2.267410
2265	-1.498383
2266	-2.915762
2267	-2.433019
2268	1.962395
2269	0.102174
2270	0.038915
2271	-2.265137
2272	-2.108954
2273	0.002145
2274	-2.531704
2275	-1.474258
2276	0.888801
2277	-2.290062
2278	-2.201383
2279	-1.954664
2280	-1.152368
2281	0.935784
2282	1.906703
2283	-1.508160
2284	-2.320904
2285	-2.173292
2286	-1.864047
2287	-1.755398
2288	-1.857125
2289	0.342169
2290	-3.043246
2291	2.565959
2292	-1.566298
2293	0.697866
2294	-2.195709
2295	2.521734
2296	-1.839438
2297	-1.749608
2298	-1.582428
2299	-0.577121
2300	1.647773
2301	1.798932
2302	-2.210089
2303	-1.439881
2304	-2.183423
2305	-1.039612
2306	-2.321272
2307	0.179603
2308	-1.474437
2309	-1.490835
2310	-1.501101
2311	2.229374
2312	-2.077969
2313	2.218413
2314	-3.191354
2315	-3.422131
2316	-1.813651
2317	-1.953098
2318	0.585914
2319	-2.250978
2320	0.713312
2321	-2.150102
2322	-2.538090
2323	1.746231
2324	1.144081
2325	-2.002462
2326	-1.945656
2327	-1.241816
2328	-1.908989
2329	-1.461519
2330	1.036820
2331	-2.511713
2332	1.426771
2333	-2.003838
2334	-2.533841
2335	-2.097364
2336	-1.813057
2337	-2.150852
2338	2.393531
2339	0.683299
2340	1.013288
2341	0.353102
2342	-1.437010
2343	-2.638996
2344	-1.861296
2345	-1.485797
2346	0.999381
2347	-1.638860
2348	1.327476
2349	-1.230823
2350	-2.708321
2351	0.553534
2352	1.057278
2353	2.026218
2354	1.942149
2355	-1.118639
2356	-1.810937
2357	-2.453907
2358	0.510994
2359	1.661275
2360	-2.131666
2361	-2.742071
2362	-2.032575
2363	-1.613574
2364	-1.651158
2365	-2.006773
2366	-1.314776
2367	-1.697493
2368	0.876439
2369	-1.415515
2370	-1.500196
2371	-2.231204
2372	-2.349512
2373	-2.096026
2374	-1.876495
2375	-3.102959
2376	-1.724950
2377	0.266826
2378	-0.635827
2379	2.431614
2380	-1.573301
2381	-1.796710
2382	3.045262
2383	-2.162281
2384	-1.133956
2385	-1.495290
2386	1.214668
2387	1.005638
2388	0.790630
2389	-1.921203
2390	-2.084738
2391	0.037314
2392	2.783295
2393	-2.167488
2394	0.581296
2395	0.258731
2396	1.081752
2397	0.398684
2398	-1.326516
2399	-2.534672
2400	0.834442
2401	-0.094509
2402	-1.182089
2403	-1.298083
2404	-1.328345
2405	0.041136
2406	-1.929078
2407	0.302818
2408	-2.055193
2409	-1.722006
2410	0.398610
2411	-2.306654
2412	-2.320181
2413	-2.599616
2414	-1.816510
2415	-2.357611
2416	-1.638642
2417	0.414684
2418	-1.099375
2419	-2.268086
2420	-0.322440
2421	-1.337680
2422	-2.061889
2423	-1.708762
2424	-2.127164
2425	1.987102
2426	-2.362622
2427	1.111075
2428	0.750104
2429	-1.390313
2430	-1.265726
2431	-1.943755
2432	0.199000
2433	-1.660909
2434	3.598547
2435	-2.246178
2436	-2.169322
2437	-0.487403
2438	2.466157
2439	-0.624304
2440	1.913165
2441	0.658699
2442	-1.811243
2443	1.195805
2444	-2.328545
2445	0.005397
2446	-2.273038
2447	0.935459
2448	1.697040
2449	1.949576
2450	-1.379832
2451	2.490874
2452	-0.963803
2453	0.803514
2454	1.052105
2455	-2.413984
2456	0.366497
2457	-1.639598
2458	-1.790571
2459	-1.029866
2460	-0.063184
2461	-2.033137
2462	0.483947
2463	-1.709300
2464	-1.497477
2465	0.134941
2466	-1.235638
2467	-1.821482
2468	1.529722
2469	0.107677
2470	-2.109324
2471	-2.391801
2472	1.887619
2473	-2.202240
2474	-2.785647
2475	1.117846
2476	2.574586
2477	-1.479651
2478	-2.511421
2479	1.028581
2480	1.561678
2481	2.438607
2482	-1.899906
2483	-1.813143
2484	-2.979297
2485	-2.282620
2486	-2.160735
2487	-1.890844
2488	-0.059474
2489	-2.042539
2490	-1.279671
2491	0.135598
2492	-2.167192
2493	0.150137
2494	0.113982
2495	1.356556
2496	0.533802
2497	0.333962
2498	-1.882790
2499	-1.993614
2500	-2.111735
2501	-1.879576
2502	0.121067
2503	2.550339
2504	-2.238752
2505	1.193895
2506	-2.078839
2507	1.204934
2508	2.424330
2509	1.108126
2510	-1.663909
2511	0.103278
2512	1.529114
2513	1.137042
2514	-1.827351
2515	-2.031117
2516	-1.957129
2517	-1.972584
2518	-2.425267
2519	1.243226
2520	-2.456586
2521	1.491517
2522	-1.996122
2523	-1.957358
2524	-1.691994
2525	-1.843256
2526	-1.638757
2527	-1.835657
2528	3.467353
2529	-1.546946
2530	-2.249791
2531	-2.860928
2532	-1.864931
2533	-1.315912
2534	1.025705
2535	-1.811881
2536	2.180722
2537	1.995204
2538	-1.850785
2539	-0.086917
2540	-2.443275
2541	0.872406
2542	-2.045217
2543	0.742680
2544	-2.435936
2545	0.239167
2546	-1.618501
2547	-2.104934
2548	-1.480228
2549	1.545324
2550	2.488046
2551	1.146608
2552	-1.617055
2553	-2.456991
2554	-2.044621
2555	-1.369006
2556	-0.994220
2557	1.093823
2558	1.891972
2559	2.431999
2560	-2.575407
2561	-2.071682
2562	-2.305785
2563	-1.896395
2564	-2.269700
2565	-2.338820
2566	1.067731
2567	-2.210055
2568	1.449556
2569	-0.158731
2570	-1.547675
2571	-1.756267
2572	-0.549261
2573	-1.720464
2574	2.060065
2575	-2.156989
2576	-2.577612
2577	-1.789503
2578	-2.320401
2579	-1.589586
2580	-1.863000
2581	-2.920521
2582	-1.283639
2583	-1.760469
2584	0.944133
2585	-2.173167
2586	-2.076202
2587	-1.331599
2588	-2.561150
2589	0.752372
2590	-0.404183
2591	-1.561591
2592	-1.685305
2593	1.959621
2594	-1.259792
2595	-2.299424
2596	0.148424
2597	-2.059419
2598	1.325883
2599	-2.535238
2600	-2.036929
2601	1.529439
2602	-1.333006
2603	1.911250
2604	-2.888912
2605	-3.293565
2606	0.569959
2607	-3.119800
2608	1.976660
2609	-1.707192
2610	-1.505462
2611	1.252461
2612	-1.685610
2613	-0.761760
2614	-2.088417
2615	-1.679547
2616	-2.331794
2617	-1.385532
2618	-1.266596
2619	-2.173342
2620	-2.857929
2621	-1.638892
2622	1.377399
2623	-2.084143
2624	-1.822794
2625	-2.117712
2626	-2.111519
2627	-2.474237
2628	-1.459437
2629	-0.048456
2630	-1.929253
2631	-2.615648
2632	-1.634288
2633	-1.643476
2634	-0.976238
2635	-2.507290
2636	-2.375876
2637	1.996001
2638	0.994007
2639	-2.139493
2640	-2.361747
2641	-1.972695
2642	0.350170
2643	0.982050
2644	0.866163
2645	-2.628291
2646	1.040331
2647	0.867780
2648	0.984234
2649	-1.400149
2650	2.549293
2651	-1.708380
2652	1.719531
2653	-2.453992
2654	-2.045839
2655	0.894055
2656	-2.004411
2657	-1.635723
2658	-1.931205
2659	-2.668092
2660	-2.643689
2661	-2.157744
2662	-2.526437
2663	3.863692
2664	-1.914983
2665	-2.488836
2666	-3.033781
2667	-1.504040
2668	0.641167
2669	-1.654733
2670	-2.022574
2671	1.111700
2672	-1.725323
2673	-2.138636
2674	-3.145816
2675	-1.888528
2676	-0.032640
2677	-1.096526
2678	-2.753711
2679	-1.599818
2680	1.341530
2681	-3.018402
2682	-0.797832
2683	-1.671512
2684	0.451919
2685	0.645069
2686	0.989645
2687	-1.914538
2688	-2.085140
2689	-2.110465
2690	-1.776251
2691	-2.284827
2692	0.459470
2693	3.907779
2694	0.170104
2695	0.109872
2696	-1.159224
2697	-1.514951
2698	2.391271
2699	-2.268144
2700	-2.718276
2701	0.539083
2702	-2.122037
2703	-1.113325
2704	1.785635
2705	2.090087
2706	-2.081252
2707	1.282747
2708	-1.880254
2709	-1.455286
2710	-0.116522
2711	0.244034
2712	2.998001
2713	-1.795143
2714	1.476369
2715	-2.486686
2716	0.975850
2717	-1.542321
2718	0.284839
2719	-0.133420
2720	-1.822633
2721	-1.896088
2722	-1.997686
2723	-1.922419
2724	0.464804
2725	-2.527482
2726	-0.853885
2727	-1.348114
2728	-2.124984
2729	3.210796
2730	2.740734
2731	-1.419795
2732	-2.456000
2733	0.472976
2734	-1.872226
2735	-3.146788
2736	-0.401616
2737	-2.103158
2738	-2.010489
2739	-2.235739
2740	2.732738
2741	-2.084656
2742	-2.150623
2743	-0.417223
2744	-1.794438
2745	0.340202
2746	1.975146
2747	-2.413562
2748	-2.360007
2749	-1.729030
2750	1.591288
2751	-2.007404
2752	-2.492054
2753	-1.374261
2754	-1.848582
2755	-1.912876
2756	0.828470
2757	-2.213808
2758	-2.325318
2759	0.249973
2760	0.560657
2761	-1.468988
2762	-2.039520
2763	-2.534465
2764	1.920304
2765	-1.836701
2766	-1.551100
2767	-1.689574
2768	-2.053278
2769	2.079701
2770	-2.361376
2771	-2.065736
2772	-1.630009
2773	-1.868146
2774	-1.226945
2775	0.934519
2776	0.264723
2777	-2.451453
2778	1.314519
2779	0.128242
2780	0.027130
2781	-1.694142
2782	-2.255084
2783	1.289323
2784	-2.625242
2785	0.636411
2786	-1.565573
2787	-2.044429
2788	-1.238377
2789	-2.494598
2790	-1.885381
2791	0.987295
2792	-0.625102
2793	0.030775
2794	-1.196615
2795	-0.365094
2796	1.010598
2797	-2.349884
2798	-1.883559
2799	0.833828
2800	-0.101094
2801	-1.607141
2802	-1.755698
2803	0.991534
2804	-2.035705
2805	3.792650
2806	0.721857
2807	1.350948
2808	-1.853835
2809	-0.091284
2810	-1.639379
2811	-2.634942
2812	0.385481
2813	-2.353374
2814	1.313196
2815	-1.500800
2816	-2.698063
2817	-2.092733
2818	1.025901
2819	-0.201201
2820	-0.470265
2821	-1.638700
2822	1.055628
2823	0.826704
2824	-0.158098
2825	1.636133
2826	0.168642
2827	-1.401597
2828	3.950781
2829	0.995216
2830	-1.974597
2831	0.415707
2832	-2.064741
2833	1.315969
2834	-1.939692
2835	-1.781891
2836	1.120799
2837	1.323121
2838	0.557889
2839	-1.758665
2840	-2.429721
2841	-2.217002
2842	-1.590429
2843	1.261138
2844	1.067514
2845	-1.618418
2846	0.961218
2847	-2.624842
2848	1.956302
2849	-2.217163
2850	-2.221672
2851	-1.975203
2852	0.818241
2853	-2.669332
2854	-1.977818
2855	0.697857
2856	-1.716968
2857	0.673898
2858	2.491005
2859	-1.671445
2860	2.766117
2861	1.222838
2862	1.270871
2863	-2.194367
2864	0.543156
2865	-1.168845
2866	-2.618774
2867	-1.999494
2868	-2.236575
2869	-1.236623
2870	-2.453122
2871	2.764026
2872	1.359344
2873	1.306021
2874	-1.398894
2875	-1.892116
2876	-1.494618
2877	1.499789
2878	-1.359143
2879	2.241361
2880	-1.750186
2881	0.258454
2882	-1.665703
2883	-2.073377
2884	-3.417198
2885	3.830258
2886	-1.346402
2887	-2.827839
2888	-1.681164
2889	-1.277363
2890	-1.489497
2891	0.593209
2892	-0.595309
2893	2.800966
2894	-1.276381
2895	1.819928
2896	1.185620
2897	-1.693135
2898	-1.581035
2899	-1.750100
2900	-1.908933
2901	-2.118535
2902	1.076686
2903	-0.416426
2904	2.843851
2905	-1.928336
2906	-0.234691
2907	-1.852844
2908	2.621069
2909	-2.269690
2910	1.763782
2911	-3.005709
2912	-2.639725
2913	0.917897
2914	-1.704919
2915	1.367964
2916	-2.480215
2917	-2.248008
2918	2.970445
2919	1.482518
2920	-0.182791
2921	1.528472
2922	-1.263218
2923	0.747459
2924	-1.665585
2925	0.456965
2926	-3.327214
2927	-1.593431
2928	-1.868708
2929	-2.072748
2930	-1.710461
2931	-1.153154
2932	-2.872998
2933	1.969582
2934	1.175531
2935	-2.044721
2936	1.694100
2937	-1.378098
2938	2.529703
2939	-3.150873
2940	-0.787311
2941	-2.097206
2942	-1.627725
2943	-0.314970
2944	-2.309748
2945	1.121546
2946	-3.169815
2947	2.127686
2948	-1.709455
2949	-2.012265
2950	2.071537
2951	-1.497498
2952	-2.103081
2953	3.316555
2954	1.146965
2955	-1.774558
2956	0.115217
2957	0.643126
2958	1.202119
2959	-1.757080
2960	-2.406398
2961	-2.951696
2962	-1.685341
2963	-0.062327
2964	1.500354
2965	0.988901
2966	-1.953843
2967	-1.491675
2968	0.319073
2969	2.388360
2970	3.974868
2971	0.419907
2972	-1.979757
2973	3.116471
2974	-1.727164
2975	0.492578
2976	-2.112639
2977	0.155436
2978	-1.191366
2979	0.662984
2980	0.964676
2981	-2.205194
2982	-1.668417
2983	-1.753352
2984	-2.101896
2985	-1.997063
2986	0.919584
2987	-1.307036
2988	-1.467299
2989	-2.586803
2990	-2.083735
2991	0.458229
2992	-2.403736
2993	-1.521519
2994	0.559232
2995	1.734199
2996	1.120006
2997	-1.985398
2998	1.740357
2999	2.499447
3000	-1.644138
3001	-2.158016
3002	-2.501346
3003	2.204663
3004	0.627361
3005	2.087942
3006	-2.121772
3007	-0.480718
3008	1.955882
3009	-1.755331
3010	0.140166
3011	-0.336960
3012	-2.780748
3013	-1.252818
3014	-2.141092
3015	0.549425
3016	-0.221030
3017	-1.715904
3018	-2.432239
3019	1.744843
3020	-0.986207
3021	-2.591584
3022	0.433637
3023	-1.840078
3024	0.729558
3025	0.447408
3026	-1.981660
3027	-2.370643
3028	0.386717
3029	-2.286487
3030	2.063996
3031	-2.148572
3032	-3.013140
3033	-3.484848
3034	-2.333120
3035	1.805798
3036	-2.738235
3037	-0.548937
3038	-0.934650
3039	1.569034
3040	-1.455411
3041	-1.936585
3042	-2.766035
3043	1.823589
3044	1.927745
3045	1.149968
3046	1.461231
3047	-1.856853
3048	-2.977069
3049	-2.507176
3050	-2.087989
3051	-2.201534
3052	-2.052116
3053	-1.328096
3054	-2.078748
3055	1.451162
3056	-2.235635
3057	-1.580143
3058	1.193288
3059	-2.339358
3060	1.772166
3061	0.139150
3062	-1.142587
3063	-2.345861
3064	-2.636794
3065	-2.633757
3066	-2.246510
3067	3.016698
3068	1.655293
3069	1.542896
3070	-2.542787
3071	1.438669
3072	-1.926912
3073	1.654847
3074	-1.688154
3075	-2.084513
3076	-2.383222
3077	-1.688317
3078	-1.876842
3079	-2.174108
3080	0.471265
3081	-1.585581
3082	0.894913
3083	-2.424983
3084	-2.161409
3085	-2.638280
3086	-1.093021
3087	1.440924
3088	-1.975471
3089	-1.459164
3090	-2.153331
3091	-2.118384
3092	-2.092711
3093	-2.630748
3094	-1.896701
3095	-1.582746
3096	0.606800
3097	-2.078011
3098	-0.038064
3099	-2.083430
3100	1.635447
3101	0.387122
3102	1.192696
3103	-2.049519
3104	0.792054
3105	-1.659698
3106	0.882032
3107	2.737918
3108	-1.075731
3109	-2.223568
3110	-1.882775
3111	-1.927085
3112	-1.825844
3113	-1.665375
3114	-2.954861
3115	-2.333610
3116	-2.120107
3117	0.850852
3118	1.105828
3119	-2.159506
3120	2.672899
3121	0.583633
3122	-2.031351
3123	-1.460799
3124	1.358739
3125	4.310623
3126	-1.381607
3127	-1.777327
3128	1.317754
3129	-2.097929
3130	2.127045
3131	-2.940369
3132	-2.025146
3133	2.344517
3134	1.017880
3135	3.059487
3136	1.466385
3137	0.961085
3138	-0.280744
3139	-2.261754
3140	-2.351876
3141	-2.924999
3142	1.203581
3143	1.194582
3144	-1.325679
3145	-1.432330
3146	-1.430481
3147	-1.356698
3148	-2.049228
3149	-2.219181
3150	0.456331
3151	-1.714294
3152	0.711764
3153	-1.976594
3154	-1.917527
3155	0.884496
3156	2.284532
3157	1.239168
3158	-2.109844
3159	0.418183
3160	-2.165001
3161	-2.666956
3162	-2.017290
3163	-2.465678
3164	0.111749
3165	-1.586878
3166	2.913256
3167	-2.194108
3168	0.330148
3169	-1.843242
3170	2.382905
3171	2.056228
3172	-2.288171
3173	-2.159200
3174	2.149447
3175	1.448334
3176	-2.357098
3177	-2.339058
3178	-2.305029
3179	-2.670682
3180	-2.176507
3181	-2.800778
3182	-2.016006
3183	-2.589858
3184	-1.036075
3185	-2.223328
3186	-0.949090
3187	0.781400
3188	0.515099
3189	-2.152818
3190	-1.547534
3191	-2.724477
3192	-2.244731
3193	-1.401427
3194	-1.672260
3195	2.273941
3196	-1.504671
3197	0.068674
3198	1.731139
3199	3.558991
3200	-0.609057
3201	-2.208217
3202	-1.367377
3203	-3.069279
3204	-2.148402
3205	-1.381025
3206	-2.794770
3207	-2.731884
3208	-2.355317
3209	-1.167741
3210	-2.163947
3211	-2.004435
3212	-1.464976
3213	-2.796320
3214	-2.980246
3215	-1.805708
3216	-1.963988
3217	-1.781685
3218	-1.557158
3219	-1.294893
3220	-0.018153
3221	0.075907
3222	-1.928386
3223	-1.096480
3224	1.692280
3225	2.164325
3226	-2.371294
3227	-2.641841
3228	1.888127
3229	-1.863033
3230	-2.002494
3231	-2.937548
3232	-1.815363
3233	-1.946819
3234	1.580261
3235	-0.507024
3236	-1.929208
3237	-1.047374
3238	-2.391856
3239	-1.436416
3240	-2.433120
3241	0.697689
3242	-2.003374
3243	-0.371877
3244	-1.546124
3245	1.301936
3246	2.615043
3247	-2.696512
3248	-2.141608
3249	-0.870082
3250	2.265569
3251	-1.907904
3252	-1.858868
3253	0.290290
3254	-1.093172
3255	-2.046947
3256	0.155850
3257	-2.389872
3258	0.633004
3259	-2.683012
3260	-2.094229
3261	-1.942925
3262	3.147042
3263	-1.725463
3264	-2.000889
3265	-2.699124
3266	0.700032
3267	-1.964781
3268	2.050509
3269	-1.818398
3270	-1.627303
3271	0.863012
3272	1.637867
3273	-1.246216
3274	-2.847311
3275	-2.056684
3276	0.801536
3277	-1.666465
3278	-2.400225
3279	-2.050977
3280	-1.967847
3281	-2.417379
3282	-2.016441
3283	0.666165
3284	0.905221
3285	-2.157880
3286	-2.200645
3287	-1.972565
3288	-2.270598
3289	-1.868536
3290	1.101273
3291	1.707363
3292	0.073859
3293	-0.930689
3294	-1.345310
3295	2.434501
3296	-2.155072
3297	0.054344
3298	-1.928009
3299	-2.171061
3300	-2.563872
3301	0.365946
3302	-1.761959
3303	-1.918427
3304	-2.277803
3305	-2.500892
3306	-1.837072
3307	-1.456928
3308	-1.615144
3309	2.712922
3310	-2.210517
3311	-2.324333
3312	-2.571229
3313	1.225583
3314	-1.901719
3315	-2.103800
3316	-1.567287
3317	2.000810
3318	2.668820
3319	0.753787
3320	1.621119
3321	0.849531
3322	-2.849869
3323	-1.932072
3324	-2.105767
3325	1.901759
3326	1.154532
3327	-2.283042
3328	-0.277391
3329	-0.519545
3330	-1.919202
3331	-1.669225
3332	1.473970
3333	-1.292960
3334	-1.328390
3335	-2.135666
3336	-2.235963
3337	1.297538
3338	-1.523893
3339	0.853437
3340	-2.607120
3341	-1.728001
3342	-1.847678
3343	2.102974
3344	-1.686536
3345	-2.812079
3346	1.892708
3347	0.802143
3348	-2.316649
3349	-1.384962
3350	-1.921102
3351	-1.836061
3352	0.368058
3353	-2.363490
3354	1.740503
3355	1.341099
3356	0.764767
3357	-2.542419
3358	-2.269247
3359	-1.975213
3360	1.338878
3361	-2.096523
3362	-1.774439
3363	0.493850
3364	-1.910062
3365	2.081271
3366	1.461869
3367	-0.588510
3368	-1.492017
3369	-1.565981
3370	0.193710
3371	1.264252
3372	-1.364690
3373	-1.716438
3374	-2.261591
3375	-2.115379
3376	-2.307697
3377	-0.663469
3378	1.486266
3379	-2.125165
3380	0.810364
3381	3.683524
3382	-2.840205
3383	1.244283
3384	-2.337153
3385	0.927204
3386	2.787822
3387	-2.043891
3388	-2.095882
3389	0.498837
3390	-1.949412
3391	-1.534188
3392	1.856506
3393	2.477991
3394	-1.594422
3395	0.897553
3396	-1.583326
3397	1.668602
3398	2.115483
3399	-0.436631
3400	-2.423633
3401	-0.172523
3402	-1.971607
3403	-1.906359
3404	1.765806
3405	0.446869
3406	-2.123804
3407	0.069258
3408	0.046812
3409	-1.481236
3410	-1.504389
3411	-3.037951
3412	1.617878
3413	1.589055
3414	-2.675465
3415	-1.277239
3416	-2.169581
3417	-1.547041
3418	-1.841455
3419	-2.566485
3420	-2.227405
3421	-1.780330
3422	-1.700619
3423	0.511141
3424	-1.717417
3425	1.076460
3426	-1.352255
3427	0.477847
3428	-1.528443
3429	-1.742057
3430	-1.896821
3431	0.679507
3432	-2.438941
3433	-2.379486
3434	-2.144669
3435	-2.209612
3436	2.319589
3437	-2.755415
3438	2.699224
3439	1.199075
3440	-2.416754
3441	-2.081873
3442	-2.761161
3443	-0.829482
3444	-0.187489
3445	-1.400223
3446	2.521062
3447	2.456110
3448	-0.225165
3449	0.915132
3450	1.282036
3451	0.824136
3452	1.105541
3453	-2.235187
3454	-1.587997
3455	-2.389899
3456	-1.881559
3457	0.720210
3458	-1.675814
3459	0.586337
3460	0.656020
3461	-2.776261
3462	-1.975758
3463	0.003462
3464	1.409559
3465	0.503360
3466	0.587115
3467	-1.748034
3468	-0.996054
3469	0.302021
3470	-2.430866
3471	-1.634486
3472	-1.029163
3473	-1.089582
3474	-1.789419
3475	0.331159
3476	-1.882711
3477	-2.041187
3478	0.243413
3479	-1.804399
3480	1.431684
3481	1.315704
3482	1.219367
3483	-1.909901
3484	-1.419391
3485	0.476825
3486	-2.266928
3487	-1.907244
3488	1.089428
3489	1.127363
3490	-1.255845
3491	-0.340710
3492	1.350255
3493	-1.722169
3494	2.813610
3495	-2.031681
3496	-2.925568
3497	-0.018128
3498	-2.088555
3499	-0.806554
3500	-0.940274
3501	-1.381921
3502	1.099266
3503	-1.920264
3504	-2.490548
3505	-2.288214
3506	-2.366059
3507	-1.553476
3508	1.603680
3509	0.131294
3510	1.614166
3511	-2.422753
3512	-2.457208
3513	-2.514344
3514	0.733918
3515	2.447463
3516	-2.707446
3517	-2.048139
3518	2.698129
3519	-2.557758
3520	-2.216579
3521	-2.121376
3522	-2.363538
3523	-2.453950
3524	-2.249305
3525	-1.181383
3526	0.809286
3527	2.101561
3528	-1.310733
3529	1.815710
3530	-0.313928
3531	0.553867
3532	-1.767596
3533	-2.393795
3534	1.159869
3535	-1.647628
3536	1.964267
3537	-2.117188
3538	-2.917818
3539	2.676251
3540	0.357300
3541	-2.483511
3542	-0.912390
3543	0.811944
3544	2.249375
3545	0.466675
3546	-2.619376
3547	-1.460278
3548	-1.665647
3549	-2.318815
3550	0.386019
3551	-2.623283
3552	2.375922
3553	-2.691824
3554	-1.355514
3555	-2.137627
3556	2.158397
3557	0.899454
3558	0.470457
3559	-2.196810
3560	3.321105
3561	-1.477789
3562	1.083407
3563	-1.999213
3564	1.003526
3565	-1.936110
3566	0.938597
3567	0.222647
3568	-0.128850
3569	1.131872
3570	-2.099856
3571	1.373180
3572	-1.671806
3573	-2.202342
3574	3.370804
3575	-2.559858
3576	-1.795313
3577	-2.556267
3578	-3.128618
3579	-2.044160
3580	-1.919372
3581	-2.400820
3582	-1.796113
3583	-0.931198
3584	-0.433395
3585	0.482550
3586	-1.854531
3587	0.356559
3588	-0.365893
3589	-2.212197
3590	-3.048448
3591	2.876674
3592	-0.966234
3593	-1.381896
3594	-0.021707
3595	-0.485556
3596	1.392448
3597	1.115964
3598	-2.730280
3599	-2.080066
3600	-2.484567
3601	-2.221319
3602	-1.547705
3603	-2.215687
3604	0.326754
3605	-1.971474
3606	-2.685268
3607	-1.819374
3608	-1.661517
3609	-1.384854
3610	-2.289224
3611	0.801571
3612	2.150108
3613	-2.980336
3614	0.300355
3615	1.171226
3616	-2.004986
3617	3.734596
3618	-2.552630
3619	1.569994
3620	-2.121803
3621	0.855950
3622	-1.447683
3623	1.775201
3624	-0.888386
3625	-2.897465
3626	1.897510
3627	2.997651
3628	1.081852
3629	1.611183
3630	-1.598002
3631	-1.506137
3632	0.529206
3633	3.061339
3634	1.503815
3635	-0.112724
3636	-2.497318
3637	-1.975833
3638	1.985718
3639	-2.543077
3640	1.787021
3641	0.577047
3642	1.498439
3643	-2.925453
3644	2.524898
3645	-0.752153
3646	-2.340788
3647	0.491813
3648	-2.269465
3649	1.870987
3650	-1.592757
3651	-2.237375
3652	-2.419069
3653	-1.550248
3654	-1.121388
3655	-3.381932
3656	-1.675739
3657	-1.701631
3658	-2.684418
3659	-2.172416
3660	-0.589926
3661	-1.253972
3662	-1.521601
3663	-2.162046
3664	-2.059166
3665	-2.204361
3666	-1.613155
3667	1.188083
3668	-1.611732
3669	1.646712
3670	0.383248
3671	-2.158583
3672	-1.910510
3673	1.569514
3674	-1.903818
3675	-1.747794
3676	3.062818
3677	-1.817691
3678	-2.400708
3679	1.103847
3680	-1.519441
3681	-1.864192
3682	-1.841834
3683	2.990207
3684	-2.046578
3685	2.616531
3686	-0.233503
3687	-0.030646
3688	2.221426
3689	-1.904726
3690	-2.051782
3691	-3.062724
3692	-0.113267
3693	-2.200828
3694	-2.605277
3695	-2.397365
3696	-1.013520
3697	1.709801
3698	-0.397824
3699	0.311662
3700	-2.291001
3701	1.348415
3702	-2.413365
3703	-2.657372
3704	-2.890809
3705	-0.111180
3706	-1.588810
3707	-1.642256
3708	-2.139783
3709	-1.822871
3710	-1.608403
3711	1.172413
3712	-2.148445
3713	-2.300521
3714	3.013045
3715	-2.401791
3716	-2.059202
3717	2.215539
3718	1.462992
3719	-1.983692
3720	1.496943
3721	2.804499
3722	-1.776881
3723	-0.586187
3724	-2.318095
3725	-2.259211
3726	1.008049
3727	-1.418641
3728	1.537221
3729	0.222441
3730	-2.266143
3731	1.984997
3732	-1.584831
3733	1.205816
3734	2.310093
3735	-2.186579
3736	-2.063284
3737	0.364151
3738	-1.735106
3739	2.785179
3740	-1.507629
3741	-1.929513
3742	-1.976515
3743	0.436070
3744	2.908221
3745	1.293551
3746	-1.645793
3747	-2.799074
3748	-2.347709
3749	-2.611805
3750	-1.273767
3751	2.036714
3752	-1.713190
3753	-0.674135
3754	0.818666
3755	0.747973
3756	0.272038
3757	-1.947814
3758	-2.025497
3759	-2.208329
3760	-1.834869
3761	1.723707
3762	-2.095178
3763	-2.536660
3764	-1.918924
3765	-1.744947
3766	1.768468
3767	0.580887
3768	-1.864728
3769	-0.608214
3770	3.796151
3771	2.050345
3772	2.640871
3773	-2.403964
3774	-2.422361
3775	-2.664004
3776	-1.924805
3777	-1.932553
3778	-2.467401
3779	-0.895902
3780	-1.410457
3781	0.413711
3782	-1.685199
3783	-1.821489
3784	-1.454518
3785	-1.995642
3786	-2.271908
3787	0.561727
3788	-1.717723
3789	-1.482858
3790	-2.094948
3791	1.578606
3792	-1.481834
3793	1.160553
3794	-2.258130
3795	-3.323840
3796	0.953896
3797	-1.490008
3798	-2.514055
3799	-1.653213
3800	2.366523
3801	-1.763908
3802	1.861385
3803	2.121120
3804	1.488963
3805	-0.020426
3806	-2.095123
3807	-2.883901
3808	0.100891
3809	-1.765130
3810	2.412209
3811	1.282705
3812	-1.439984
3813	-2.114088
3814	2.299998
3815	-1.643392
3816	-2.273471
3817	1.885429
3818	2.336887
3819	-1.575132
3820	2.200517
3821	0.725587
3822	-1.846980
3823	-1.392221
3824	-2.106706
3825	-1.241121
3826	-1.447448
3827	0.643811
3828	-2.031400
3829	-1.135305
3830	-1.659949
3831	-1.605728
3832	-1.797215
3833	-1.796275
3834	0.644700
3835	-1.433934
3836	-1.686651
3837	-3.551606
3838	0.319008
3839	-2.070324
3840	0.956657
3841	-2.272007
3842	0.543131
3843	-1.551053
3844	3.894064
3845	-2.502099
3846	-1.793684
3847	-2.454941
3848	-1.702642
3849	-2.498686
3850	-2.290219
3851	1.303508
3852	1.651853
3853	2.701523
3854	-1.884235
3855	0.191679
3856	1.763255
3857	-2.991447
3858	-2.012158
3859	0.597804
3860	0.629274
3861	0.028562
3862	-1.242318
3863	-1.437290
3864	1.612757
3865	2.250594
3866	1.499100
3867	0.463563
3868	-2.309025
3869	-2.633089
3870	-2.479074
3871	-1.853961
3872	-2.207513
3873	1.620684
3874	-0.289947
3875	-1.888998
3876	-0.252571
3877	-2.371074
3878	-2.359463
3879	1.961498
3880	1.212117
3881	-1.864020
3882	-3.103133
3883	-2.572286
3884	-2.012786
3885	-1.640492
3886	-1.166275
3887	0.467197
3888	-3.255594
3889	0.300934
3890	-3.022375
3891	-2.022870
3892	1.812494
3893	-2.836097
3894	-0.003404
3895	-2.454114
3896	-2.093124
3897	1.223839
3898	-2.255251
3899	-0.041579
3900	-1.661590
3901	-2.378971
3902	1.897781
3903	-0.915831
3904	0.694863
3905	-0.518645
3906	-2.466148
3907	-1.533084
3908	-2.769461
3909	-2.117785
3910	-1.638721
3911	-1.374059
3912	-1.681200
3913	-2.085730
3914	-2.618142
3915	2.957539
3916	0.684741
3917	1.429617
3918	-2.854596
3919	-2.091418
3920	-1.273805
3921	-0.928329
3922	-0.143103
3923	-1.405649
3924	-1.950803
3925	-1.144404
3926	0.631274
3927	-1.948980
3928	-2.322971
3929	-2.738759
3930	2.103313
3931	-1.846439
3932	-3.103249
3933	-2.099963
3934	1.522128
3935	0.489816
3936	-2.061287
3937	-1.418045
3938	0.554681
3939	0.546215
3940	-2.839532
3941	-2.208139
3942	-2.027956
3943	-1.729037
3944	2.367211
3945	-1.337263
3946	-2.274773
3947	-2.485126
3948	0.827988
3949	1.789780
3950	-2.011501
3951	-1.523416
3952	1.276354
3953	-2.457424
3954	2.089058
3955	-2.096798
3956	-2.007587
3957	-2.606501
3958	-1.769287
3959	1.216960
3960	-2.488767
3961	-1.995213
3962	-2.100459
3963	-1.869640
3964	-2.388270
3965	1.356475
3966	0.510211
3967	2.413778
3968	-1.633466
3969	1.347888
3970	-1.708782
3971	0.873236
3972	1.930022
3973	-1.559929
3974	0.628385
3975	-1.930330
3976	0.412402
3977	-1.929275
3978	-1.752316
3979	-2.577477
3980	-1.988412
3981	2.195078
3982	-1.893616
3983	0.457277
3984	0.268126
3985	-2.247166
3986	0.795503
3987	-1.835852
3988	-1.949260
3989	1.483428
3990	-1.634172
3991	-2.039224
3992	-1.962716
3993	-2.232416
3994	-2.480769
3995	1.483516
3996	-1.860224
3997	-2.273189
3998	-2.550115
3999	-1.209805
4000	-2.516396
4001	-3.122709
4002	-1.798690
4003	2.177566
4004	-1.843179
4005	2.643889
4006	-2.385272
4007	0.096336
4008	1.584406
4009	0.607352
4010	1.044576
4011	1.467979
4012	-0.194150
4013	1.639287
4014	-2.706408
4015	1.328238
4016	0.467085
4017	-1.303949
4018	-2.792447
4019	-1.965365
4020	-1.162457
4021	-2.560134
4022	-2.223623
4023	-2.721865
4024	-2.191029
4025	-1.098038
4026	1.164968
4027	-0.275695
4028	-1.144514
4029	2.363644
4030	-1.918363
4031	-0.394500
4032	-2.911774
4033	-1.863340
4034	0.660237
4035	-0.737230
4036	-2.886706
4037	-1.883501
4038	2.652505
4039	-1.085753
4040	0.467019
4041	-0.661730
4042	0.003241
4043	-1.215244
4044	1.669889
4045	2.525777
4046	-1.603291
4047	-1.792788
4048	-1.161002
4049	-2.176203
4050	-1.101358
4051	0.817866
4052	-2.317380
4053	0.673992
4054	0.866931
4055	-2.458348
4056	2.650773
4057	-1.572830
4058	-3.165149
4059	-2.095859
4060	1.419688
4061	-2.053142
4062	-1.576196
4063	-1.964343
4064	-1.055453
4065	-2.687419
4066	-2.396251
4067	-2.570538
4068	-1.855941
4069	-2.339823
4070	-1.656695
4071	-2.545621
4072	1.795722
4073	1.150555
4074	-2.095057
4075	-2.236924
4076	-2.184424
4077	-2.006184
4078	1.442479
4079	-1.780283
4080	-2.113783
4081	0.942989
4082	-2.088041
4083	-1.954188
4084	-2.165013
4085	1.776899
4086	-1.497941
4087	1.101780
4088	-1.328897
4089	-1.689472
4090	-2.118994
4091	-1.806943
4092	-1.669681
4093	-1.779555
4094	-2.225206
4095	-1.665453
4096	-2.018656
4097	-2.291508
4098	0.857070
4099	-0.897447
4100	-1.622541
4101	1.953594
4102	-2.082189
4103	-0.848422
4104	-1.941026
4105	1.102975
4106	0.046177
4107	-2.574551
4108	0.592096
4109	-1.413355
4110	0.358400
4111	0.937646
4112	-1.840780
4113	-2.149149
4114	0.653845
4115	-3.453653
4116	-1.109615
4117	-0.696925
4118	-1.897473
4119	1.479661
4120	0.015345
4121	0.701616
4122	-2.074460
4123	2.856547
4124	-1.724057
4125	-1.478028
4126	0.329763
4127	-1.682275
4128	-1.189423
4129	0.942152
4130	-0.858180
4131	1.187949
4132	0.867745
4133	-2.267931
4134	0.101351
4135	-1.920019
4136	1.836875
4137	-1.670376
4138	-3.594077
4139	-2.376572
4140	0.674566
4141	-1.435719
4142	1.199695
4143	-2.617853
4144	1.531218
4145	1.520660
4146	-2.652905
4147	-1.772948
4148	-1.555405
4149	0.214959
4150	-2.212698
4151	-2.025156
4152	-1.775602
4153	1.717241
4154	-2.754528
4155	-2.193905
4156	-1.022842
4157	0.203363
4158	0.653551
4159	-2.325462
4160	-2.489846
4161	-1.711422
4162	-2.128411
4163	-1.349887
4164	-1.554690
4165	-2.499026
4166	-0.883080
4167	-2.311680
4168	2.269096
4169	-1.551547
4170	-2.184889
4171	-0.628341
4172	-1.100670
4173	4.233854
4174	-1.624511
4175	-2.410056
4176	1.761770
4177	-1.542518
4178	-2.016860
4179	-2.083397
4180	0.908724
4181	0.502340
4182	1.301471
4183	-1.912323
4184	-2.103327
4185	-2.198215
4186	-2.137952
4187	1.624320
4188	-1.748369
4189	2.480136
4190	-1.074478
4191	0.673211
4192	-2.895629
4193	-2.433309
4194	-2.202743
4195	1.550955
4196	0.737038
4197	0.670368
4198	-2.261811
4199	-2.050793
4200	-1.976747
4201	-2.725352
4202	-1.556274
4203	-1.853544
4204	-1.290843
4205	-2.820416
4206	-0.067974
4207	-1.795533
4208	-2.601596
4209	-1.230482
4210	0.895086
4211	-1.792897
4212	-2.651247
4213	1.099030
4214	-1.283211
4215	1.625239
4216	2.333888
4217	0.741818
4218	-2.152923
4219	1.548978
4220	-2.069309
4221	-0.157333
4222	-2.921665
4223	-1.576658
4224	-1.374897
4225	-1.221712
4226	-1.528013
4227	0.796141
4228	-2.562666
4229	0.650491
4230	-2.416113
4231	-0.130948
4232	-2.170514
4233	-2.184044
4234	-1.559184
4235	1.074327
4236	-2.007021
4237	-1.309243
4238	2.011936
4239	0.399956
4240	-1.393649
4241	-1.624020
4242	-1.941815
4243	-2.146078
4244	-1.867967
4245	-1.286665
4246	-2.484618
4247	-2.892896
4248	-1.603569
4249	1.157737
4250	-1.376578
4251	-2.834661
4252	-1.501170
4253	0.107528
4254	-2.283704
4255	-0.281832
4256	-2.072558
4257	0.165491
4258	0.838703
4259	-2.736577
4260	1.988050
4261	1.949975
4262	-2.065421
4263	-0.691474
4264	-2.778514
4265	-1.016497
4266	-1.691583
4267	2.773042
4268	-2.549092
4269	-2.575027
4270	0.864067
4271	1.322874
4272	0.825619
4273	-1.849824
4274	-2.208893
4275	-2.491940
4276	-1.881983
4277	-1.638471
4278	0.878701
4279	1.590282
4280	-1.815680
4281	1.453346
4282	-1.359666
4283	-0.682250
4284	-1.337606
4285	-1.849880
4286	-2.450808
4287	1.177563
4288	-2.982666
4289	-2.915092
4290	-2.524380
4291	-2.056691
4292	1.227110
4293	-1.066037
4294	1.637891
4295	2.381487
4296	-2.002242
4297	3.407145
4298	-2.422863
4299	-1.630356
4300	1.722697
4301	2.951912
4302	2.238106
4303	0.022760
4304	1.133953
4305	-1.424868
4306	0.378223
4307	-1.813206
4308	-1.952614
4309	-0.393140
4310	1.759420
4311	-0.104861
4312	-1.457526
4313	-1.953379
4314	0.645003
4315	0.991962
4316	-1.505165
4317	0.244319
4318	-1.396160
4319	-1.460140
4320	2.338995
4321	-1.610257
4322	-2.637544
4323	-2.476724
4324	-0.010468
4325	-1.930274
4326	-1.454241
4327	2.135974
4328	1.371918
4329	-2.260077
4330	-2.160014
4331	-2.188768
4332	-2.946259
4333	0.006203
4334	-2.661021
4335	1.834262
4336	-2.272161
4337	0.374753
4338	-1.258027
4339	-1.653309
4340	1.713792
4341	-1.427302
4342	-1.098005
4343	2.120305
4344	1.561439
4345	-2.336093
4346	-1.806106
4347	-1.582281
4348	1.535111
4349	1.444813
4350	0.977831
4351	-1.729901
4352	-1.394846
4353	1.995029
4354	-1.732749
4355	-1.334222
4356	1.242604
4357	-1.683683
4358	-1.889734
4359	2.093170
4360	0.846861
4361	-2.316689
4362	-2.711708
4363	-1.640111
4364	2.282808
4365	1.349278
4366	-2.626578
4367	-1.178160
4368	0.950923
4369	1.821753
4370	-2.751122
4371	-2.619761
4372	0.792911
4373	1.396955
4374	0.097446
4375	-2.464710
4376	0.612259
4377	0.445548
4378	-0.558951
4379	1.110446
4380	-1.394648
4381	-2.513328
4382	-1.742667
4383	-1.266490
4384	1.380939
4385	2.234446
4386	1.184667
4387	-1.553633
4388	-1.581153
4389	-2.683106
4390	-1.617378
4391	-1.972644
4392	-2.332145
4393	-2.018261
4394	-2.447364
4395	-1.793336
4396	-2.302350
4397	-2.423994
4398	-1.972124
4399	1.448250
4400	-1.781629
4401	0.941705
4402	-1.862271
4403	-1.986831
4404	0.830574
4405	-1.723603
4406	-2.881954
4407	-2.788783
4408	-1.461340
4409	1.681494
4410	2.346548
4411	1.090953
4412	-1.587811
4413	-2.472628
4414	2.665205
4415	-0.705785
4416	-2.205852
4417	-2.253879
4418	1.513384
4419	-1.688293
4420	-2.974669
4421	-2.611075
4422	-1.863820
4423	-2.624089
4424	-2.334105
4425	-1.557940
4426	0.871678
4427	-1.890248
4428	1.198235
4429	-2.511346
4430	-1.483507
4431	-1.116222
4432	-1.742931
4433	-2.285877
4434	-2.243010
4435	0.509810
4436	-1.055535
4437	-1.619038
4438	-2.825996
4439	-1.956115
4440	-3.162406
4441	1.655181
4442	0.165270
4443	-1.007557
4444	1.036537
4445	-2.196138
4446	-2.089930
4447	-2.498640
4448	1.009581
4449	-3.249719
4450	-2.482134
4451	-2.204081
4452	1.700717
4453	-1.703675
4454	0.870156
4455	0.051037
4456	-1.279779
4457	-1.408111
4458	-1.566123
4459	-0.857191
4460	1.482970
4461	1.217202
4462	-2.008200
4463	-1.799428
4464	-1.652549
4465	-2.614595
4466	-2.788918
4467	0.879706
4468	-2.318646
4469	-1.674597
4470	-1.197752
4471	-1.628434
4472	-2.480440
4473	-2.295137
4474	-1.688544
4475	2.492710
4476	1.085418
4477	-1.502597
4478	-1.424531
4479	-1.973563
4480	0.448791
4481	1.447709
4482	0.512510
4483	-1.630601
4484	1.168410
4485	-1.213314
4486	-2.557286
4487	2.098687
4488	0.439771
4489	0.347422
4490	-2.700852
4491	3.154535
4492	0.807977
4493	-2.972392
4494	2.181306
4495	-1.883627
4496	-2.367042
4497	1.206904
4498	-1.624852
4499	-2.074783
4500	1.392986
4501	-1.178471
4502	-2.491173
4503	-1.034502
4504	-2.572208
4505	1.885070
4506	-2.647418
4507	1.684580
4508	-2.620247
4509	-2.344692
4510	-1.092779
4511	-2.837439
4512	-2.079672
4513	0.308158
4514	-1.978306
4515	-2.100450
4516	-1.669974
4517	-2.031107
4518	-1.135156
4519	0.431589
4520	-1.530212
4521	-1.473211
4522	-1.481030
4523	-2.262891
4524	2.122436
4525	-2.958995
4526	0.353578
4527	-2.250455
4528	0.297597
4529	-1.896944
4530	-2.689137
4531	-1.797802
4532	0.030257
4533	-1.918689
4534	0.448440
4535	-1.065301
4536	-2.427616
4537	-1.218695
4538	-1.457827
4539	-0.308907
4540	0.395757
4541	-1.663447
4542	-2.172622
4543	0.190374
4544	2.233171
4545	2.238327
4546	-0.395022
4547	-2.109341
4548	-1.909986
4549	0.979742
4550	1.038071
4551	-1.896092
4552	-2.526714
4553	-1.785378
4554	-2.562679
4555	1.378692
4556	2.638532
4557	-2.846746
4558	0.211260
4559	-2.840513
4560	-0.717925
4561	1.718985
4562	-1.723556
4563	-1.902375
4564	1.694110
4565	-1.047704
4566	-2.022994
4567	-1.310900
4568	-2.063878
4569	-1.327781
4570	1.772592
4571	1.146293
4572	0.046828
4573	-2.128371
4574	-2.720810
4575	-1.928702
4576	-2.266396
4577	0.919018
4578	-2.384665
4579	-2.865222
4580	0.302374
4581	-2.260547
4582	2.012155
4583	1.856019
4584	0.278312
4585	1.606353
4586	0.536376
4587	0.286871
4588	-1.469735
4589	1.825068
4590	-2.298172
4591	-1.718930
4592	-2.279802
4593	1.265030
4594	-2.287401
4595	1.307428
4596	0.804119
4597	-2.696963
4598	1.361538
4599	-1.666569
4600	0.275820
4601	3.059736
4602	-2.178468
4603	-2.458201
4604	-1.025898
4605	-2.363384
4606	-1.956585
4607	0.821044
4608	-2.307859
4609	-2.322521
4610	-2.406554
4611	-2.182235
4612	-1.724563
4613	1.700945
4614	-1.957678
4615	-0.259854
4616	1.484223
4617	-2.230476
4618	2.070941
4619	-2.025407
4620	-0.713234
4621	-2.408303
4622	2.230469
4623	-2.553066
4624	-2.384364
4625	-2.633729
4626	2.373827
4627	0.024479
4628	-2.430544
4629	1.849696
4630	-1.490689
4631	-2.109149
4632	1.193612
4633	-0.805446
4634	1.068812
4635	-2.357302
4636	2.267612
4637	-3.054429
4638	-0.024957
4639	-2.918066
4640	-1.529101
4641	-2.623915
4642	-0.040994
4643	-2.431596
4644	-2.362471
4645	-1.997648
4646	-2.055012
4647	-2.103071
4648	-1.759729
4649	1.033575
4650	-2.383425
4651	-1.527129
4652	-2.053605
4653	-1.712848
4654	-1.407119
4655	1.852816
4656	-1.434916
4657	-2.134756
4658	1.847286
4659	-1.636813
4660	-2.141395
4661	-2.284068
4662	0.592967
4663	-1.388606
4664	-2.337215
4665	1.141334
4666	-2.090442
4667	-2.154707
4668	-1.369649
4669	-2.762298
4670	-1.986569
4671	-2.120197
4672	-1.381724
4673	-1.238663
4674	-1.922212
4675	-0.539813
4676	-2.109482
4677	0.198815
4678	-2.421708
4679	1.844727
4680	1.093056
4681	0.332207
4682	1.127907
4683	1.597224
4684	-2.340916
4685	-0.551124
4686	2.106602
4687	-1.850539
4688	-2.189210
4689	-2.957761
4690	-1.746590
4691	-1.093236
4692	2.315828
4693	-1.797265
4694	0.744643
4695	1.915731
4696	1.899217
4697	-2.604043
4698	-2.417286
4699	0.840791
4700	-2.479065
4701	-2.058907
4702	0.800419
4703	-2.591651
4704	0.379780
4705	-2.157503
4706	1.166826
4707	0.186170
4708	-0.820897
4709	-0.474668
4710	-1.670810
4711	-3.075772
4712	1.693097
4713	-0.507814
4714	-1.596961
4715	-2.788194
4716	-2.046578
4717	-2.391382
4718	-1.309956
4719	0.454408
4720	-1.386852
4721	-2.001635
4722	0.544412
4723	0.275119
4724	1.338066
4725	0.907692
4726	0.409790
4727	1.202220
4728	-2.378722
4729	0.876785
4730	-2.075537
4731	-2.796202
4732	-1.266938
4733	-3.029421
4734	2.264742
4735	1.086450
4736	0.717529
4737	-0.972727
4738	-1.471892
4739	1.685094
4740	-1.817707
4741	0.415565
4742	1.605960
4743	0.745080
4744	-2.137018
4745	-1.757043
4746	1.645349
4747	0.452099
4748	1.840796
4749	1.125482
4750	2.961605
4751	-3.033357
4752	1.581314
4753	-1.267023
4754	1.436061
4755	0.259546
4756	-1.586898
4757	1.536000
4758	-1.896004
4759	-1.435267
4760	0.859447
4761	2.718064
4762	-2.185182
4763	2.457121
4764	-0.458675
4765	-1.798390
4766	2.456550
4767	0.600137
4768	-1.931357
4769	-2.228812
4770	-2.628928
4771	-1.027683
4772	-2.298365
4773	-1.521859
4774	-1.922213
4775	-2.324131
4776	0.581195
4777	1.097078
4778	2.769048
4779	-1.864647
4780	-2.002278
4781	-1.821613
4782	1.327952
4783	1.576901
4784	2.694958
4785	2.201912
4786	1.803524
4787	0.340326
4788	-2.062622
4789	-2.665977
4790	1.444465
4791	-1.149064
4792	-1.661945
4793	-1.621123
4794	0.569792
4795	-2.183633
4796	-2.457174
4797	0.577319
4798	-1.267648
4799	1.198799
4800	3.280111
4801	2.974300
4802	-2.135439
4803	-1.359857
4804	0.844277
4805	0.008209
4806	2.341183
4807	-1.088740
4808	-2.295126
4809	-2.421717
4810	-1.652172
4811	-2.384888
4812	-2.153477
4813	0.696506
4814	-1.619198
4815	-2.251439
4816	-1.694363
4817	-1.751193
4818	-2.019404
4819	-3.127530
4820	1.167438
4821	-2.211252
4822	-1.412791
4823	-1.830162
4824	-2.415012
4825	-2.292078
4826	-1.737648
4827	-1.575903
4828	-0.744077
4829	-1.159436
4830	0.781897
4831	-2.386973
4832	1.009459
4833	-1.599919
4834	3.076155
4835	-1.876705
4836	-0.770855
4837	-2.374731
4838	-1.871222
4839	-0.492604
4840	-2.923094
4841	1.139481
4842	-0.044049
4843	-1.932781
4844	-2.425760
4845	1.573172
4846	-2.127302
4847	-1.211208
4848	0.486965
4849	-2.702601
4850	1.467727
4851	-2.767904
4852	-2.180690
4853	-2.190815
4854	-2.283464
4855	-2.550033
4856	-1.677889
4857	1.875401
4858	0.586311
4859	-1.376848
4860	-3.028336
4861	0.589991
4862	-1.676491
4863	-1.755210
4864	1.953834
4865	-2.148329
4866	-2.293091
4867	-2.726807
4868	-1.920111
4869	1.350204
4870	-1.906825
4871	-2.426959
4872	0.104644
4873	-2.336367
4874	-2.147782
4875	-2.272628
4876	-0.306832
4877	-1.084886
4878	-1.740846
4879	-1.276730
4880	-1.605280
4881	2.945648
4882	-2.362806
4883	-2.116813
4884	2.119492
4885	2.356801
4886	-2.671183
4887	1.442310
4888	2.264402
4889	-2.191714
4890	-2.522090
4891	-1.683580
4892	-1.986221
4893	-2.019825
4894	-2.806241
4895	0.680513
4896	0.430446
4897	-1.847828
4898	-2.013781
4899	0.374603
4900	-0.226458
4901	-2.196853
4902	-0.558091
4903	2.701416
4904	-1.545335
4905	1.571355
4906	-2.095116
4907	1.576622
4908	-2.140461
4909	2.081806
4910	2.194626
4911	0.356741
4912	0.192521
4913	1.640707
4914	-2.349490
4915	-2.310576
4916	-2.105492
4917	-2.243442
4918	-1.747089
4919	-1.936756
4920	2.264045
4921	-1.257325
4922	-1.975301
4923	-1.394102
4924	-1.552340
4925	-1.473588
4926	0.835069
4927	1.521630
4928	1.498117
4929	-1.593930
4930	-1.718078
4931	-2.403267
4932	-1.550367
4933	-3.021327
4934	-1.670347
4935	-1.107268
4936	-0.744701
4937	-2.478870
4938	0.646051
4939	-1.503558
4940	0.355814
4941	1.705134
4942	-1.866945
4943	-2.681448
4944	-2.627043
4945	-2.149895
4946	-1.416603
4947	-2.552048
4948	0.319755
4949	0.843518
4950	-1.841780
4951	0.955367
4952	-2.474537
4953	-1.708942
4954	0.914486
4955	-1.677021
4956	-1.915128
4957	-2.169011
4958	0.391433
4959	-1.072369
4960	1.576105
4961	0.332288
4962	-1.342204
4963	-2.447478
4964	-1.777940
4965	-1.884465
4966	-2.051625
4967	-3.188717
4968	1.236594
4969	1.651406
4970	-0.096934
4971	1.234403
4972	-0.049261
4973	-2.069965
4974	0.986043
4975	-1.234429
4976	1.371612
4977	1.260294
4978	-0.889915
4979	-2.166135
4980	0.517704
4981	1.595889
4982	0.944277
4983	-0.925635
4984	-1.915568
4985	2.731973
4986	0.214893
4987	-2.657865
4988	1.657365
4989	-1.232485
4990	-1.954734
4991	-1.384099
4992	-1.784477
4993	-2.393002
4994	2.280407
4995	2.968760
4996	-2.054787
4997	1.771332
4998	0.191017
4999	-1.758772
