0	0.547668
1	2.243277
2	0.938256
3	1.599042
4	-2.351916
5	1.602326
6	-2.714310
7	-0.189718
8	-1.483644
9	-1.584156
10	1.693237
11	-2.800646
12	-1.724469
13	-1.224870
14	-1.902040
15	0.146024
16	1.899604
17	-2.587062
18	1.421954
19	0.957839
20	-2.090107
21	-1.301207
22	-1.970103
23	-2.543244
24	0.631015
25	2.003711
26	-2.077875
27	-2.199050
28	-2.129211
29	-2.326085
30	-1.434974
31	-2.763898
32	-1.299596
33	-1.284328
34	-2.506652
35	-0.156847
36	0.373496
37	1.749970
38	-1.321481
39	-1.641989
40	-2.062320
41	-1.697406
42	-2.054036
43	-1.577209
44	-1.935905
45	3.267604
46	0.812711
47	-0.938900
48	-1.188026
49	1.727704
50	0.789750
51	-2.745333
52	1.267315
53	-2.453179
54	-1.745856
55	1.097670
56	-2.000783
57	-1.973901
58	-1.806836
59	-1.272732
60	-2.552709
61	1.404617
62	-1.834746
63	-1.922447
64	-1.965718
65	-1.707483
66	-1.512316
67	-1.249307
68	-1.743946
69	-1.918893
70	1.391335
71	3.113522
72	-0.091323
73	0.780289
74	-2.029434
75	0.867862
76	0.939552
77	-0.853550
78	-2.701098
79	-1.698325
80	1.389901
81	-0.343086
82	1.050878
83	-2.518358
84	0.862685
85	-1.718252
86	-1.469140
87	0.898097
88	-0.070816
89	-2.294568
90	-1.804584
91	0.447385
92	-1.580239
93	-2.366898
94	1.228477
95	1.864858
96	2.164756
97	-2.388173
98	-2.181944
99	-2.838801
100	-1.471166
101	0.604565
102	-2.464661
103	-2.070221
104	0.232007
105	-2.658957
106	-1.618946
107	0.123951
108	0.064399
109	0.400494
110	-1.686440
111	-2.476875
112	2.297625
113	1.305869
114	0.506292
115	-1.755456
116	-1.956548
117	-1.890524
118	-2.292653
119	-1.773596
120	-2.147418
121	2.410627
122	-1.477610
123	-2.049334
124	-2.559248
125	-3.431655
126	-1.277624
127	-1.598753
128	0.474818
129	0.297241
130	-0.509487
131	-1.118494
132	-2.083260
133	2.296468
134	-2.333350
135	-0.233567
136	-2.446411
137	1.595421
138	-1.721790
139	-0.587271
140	-2.012944
141	-2.168885
142	1.716066
143	0.718978
144	0.110492
145	-1.976986
146	-2.035179
147	2.969902
148	-2.174120
149	0.608256
150	0.842140
151	-0.521820
152	-3.535638
153	1.073958
154	-1.663563
155	-1.796695
156	-0.363787
157	1.923766
158	-1.789956
159	0.358509
160	-2.393576
161	-1.711560
162	1.958778
163	-1.766225
164	0.953123
165	1.095998
166	-1.246844
167	1.420119
168	1.746272
169	-1.062595
170	0.711156
171	-0.941818
172	-1.513976
173	-2.331001
174	-2.621525
175	2.761380
176	-2.731251
177	-2.318443
178	-2.070254
179	0.280869
180	0.641921
181	0.511613
182	3.103824
183	-1.235574
184	-2.515290
185	-2.139743
186	-1.601026
187	-1.515210
188	0.423319
189	-1.675751
190	-1.817087
191	-2.670112
192	0.452690
193	-2.001471
194	0.493971
195	1.698099
196	-1.556353
197	-1.550308
198	-1.820582
199	-2.892442
200	1.951108
201	1.011512
202	-2.075234
203	-2.450923
204	-1.974796
205	0.714260
206	-1.032038
207	3.046109
208	-2.571632
209	-0.364056
210	1.275287
211	-2.178285
212	-0.020921
213	-1.483088
214	-2.812068
215	1.238548
216	-2.152717
217	-2.189362
218	-2.482668
219	-2.200641
220	-1.883466
221	-2.674532
222	-1.671740
223	-2.343670
224	-2.168879
225	-2.544340
226	-2.265529
227	-1.647817
228	-1.894070
229	-1.546396
230	-2.460378
231	-2.438106
232	1.702730
233	-2.347603
234	-1.360230
235	-2.069250
236	-2.428482
237	1.786446
238	-0.132485
239	-2.097680
240	-2.113221
241	-3.327406
242	1.363917
243	-1.585518
244	-1.422071
245	-2.151743
246	0.195021
247	-2.267026
248	1.152453
249	-1.836029
250	-1.500226
251	-2.191933
252	-1.902639
253	-0.383360
254	2.263449
255	0.442675
256	1.984560
257	-2.231696
258	-1.804168
259	-1.395615
260	1.192695
261	-2.678698
262	0.387404
263	-1.695971
264	1.460554
265	1.078319
266	-1.655562
267	-1.986384
268	-1.607054
269	-1.605084
270	-2.253342
271	-2.117812
272	1.035190
273	0.423508
274	1.935832
275	-2.672946
276	-1.640810
277	2.076692
278	-1.369909
279	-1.947878
280	-2.337458
281	0.703465
282	-0.205234
283	1.696549
284	2.950856
285	1.341788
286	-0.258580
287	1.643252
288	-2.543251
289	-2.393731
290	-0.865277
291	-1.701199
292	2.033843
293	-1.304277
294	-2.583069
295	1.825594
296	0.259783
297	-0.068991
298	-1.521197
299	-1.973458
300	1.497054
301	-2.072076
302	-2.506763
303	-2.890522
304	-2.216759
305	0.038572
306	-2.207839
307	-1.708460
308	3.417965
309	-1.807084
310	-1.274427
311	2.468819
312	1.527197
313	-0.349606
314	-2.678860
315	-1.960114
316	-2.434366
317	-1.627347
318	-1.947787
319	-2.711388
320	-1.057323
321	-2.079199
322	-2.187734
323	-1.714096
324	-2.581794
325	-3.065548
326	-2.169313
327	-1.494134
328	0.784569
329	-2.640634
330	-2.052181
331	1.157112
332	-1.234221
333	0.084387
334	1.035787
335	-1.814664
336	-2.562573
337	-1.911232
338	-0.059337
339	1.220221
340	1.025145
341	1.047675
342	0.067080
343	-1.864577
344	1.993803
345	-1.280680
346	2.251677
347	-1.550693
348	0.556932
349	2.595144
350	-2.682800
351	0.618878
352	-2.188602
353	-1.559981
354	0.160469
355	1.358775
356	0.001029
357	1.877354
358	-1.908479
359	2.001067
360	-2.741204
361	-0.565383
362	-1.715756
363	-1.219422
364	-2.102193
365	-1.725094
366	-2.020351
367	-1.921859
368	-1.954090
369	-1.730153
370	-2.814708
371	-1.687914
372	-2.068606
373	-1.707780
374	-1.098374
375	-1.769056
376	0.524464
377	0.323613
378	-1.961912
379	0.370835
380	2.232629
381	-2.813293
382	-2.233965
383	-0.000303
384	-2.124464
385	1.497077
386	-2.477979
387	-2.484688
388	-2.371723
389	-2.080622
390	-1.561904
391	-1.213326
392	0.501610
393	0.444763
394	-2.171594
395	1.229784
396	-1.230957
397	-2.106906
398	-2.916943
399	1.450332
400	-1.934030
401	-2.184725
402	-1.367743
403	-1.741907
404	0.368508
405	-1.428417
406	-0.961834
407	2.697101
408	-2.525665
409	-0.382781
410	-2.431503
411	-1.888345
412	0.264197
413	2.145705
414	-1.686872
415	-2.007827
416	-3.324240
417	-1.921644
418	-2.072518
419	-1.994253
420	-2.771117
421	-2.951762
422	-1.044650
423	0.298613
424	-2.515130
425	-1.015079
426	-1.518041
427	-0.437592
428	0.827392
429	1.714403
430	-1.979193
431	-1.658145
432	0.163914
433	1.439571
434	-2.813251
435	-2.572145
436	-2.665807
437	1.103872
438	2.349650
439	-2.427345
440	-1.560122
441	-1.632967
442	0.787177
443	-1.781641
444	-1.285468
445	-0.464702
446	-2.057967
447	0.715394
448	-1.482266
449	-0.780208
450	2.232735
451	-0.388744
452	1.830672
453	0.044253
454	0.982541
455	-1.687411
456	0.739755
457	-2.232618
458	0.718941
459	0.804768
460	-2.923277
461	-1.402217
462	-1.934335
463	-0.063395
464	-2.162598
465	-0.214208
466	1.921138
467	-2.004835
468	2.457017
469	1.907729
470	-2.482031
471	-1.879359
472	2.265315
473	-2.100615
474	-2.235790
475	-2.332497
476	-2.483321
477	-0.572603
478	-0.007156
479	-1.702048
480	-2.584347
481	-2.241985
482	0.913773
483	0.655886
484	-0.480359
485	-0.297415
486	0.111062
487	-2.812068
488	-2.824879
489	-0.208276
490	-2.569254
491	-2.197888
492	-1.854600
493	-1.783583
494	1.308736
495	-1.869019
496	2.675572
497	-2.745853
498	-2.282696
499	1.980002
500	-2.396833
501	-2.193754
502	-0.250770
503	0.843373
504	-2.798846
505	-1.926482
506	-2.831902
507	-2.309589
508	3.070601
509	1.874768
510	-2.230878
511	-1.874683
512	1.127415
513	-1.401198
514	2.369372
515	-1.738497
516	2.083912
517	-1.298783
518	-1.832867
519	-1.648516
520	-1.703668
521	-1.534437
522	-2.133304
523	1.595715
524	1.795206
525	1.684608
526	-1.896001
527	-2.238695
528	2.559151
529	-1.856078
530	-1.706850
531	-2.516267
532	-1.650149
533	0.711427
534	-2.191831
535	-2.628097
536	-3.092385
537	-1.925923
538	-1.615458
539	-1.621013
540	0.123212
541	2.176065
542	-1.610755
543	-1.883966
544	1.003496
545	-1.746797
546	0.356414
547	-1.384344
548	-2.391339
549	2.150298
550	-1.545836
551	0.439848
552	-2.178355
553	-2.657694
554	-0.845493
555	0.695336
556	1.521992
557	-2.362049
558	-2.262061
559	-1.977857
560	-2.367939
561	-1.634361
562	0.414381
563	-2.525902
564	1.563302
565	-0.990884
566	-1.645964
567	-2.120326
568	2.516591
569	-2.196783
570	-1.861371
571	1.656148
572	-0.370826
573	-3.201228
574	-2.620559
575	1.454326
576	0.363425
577	-2.505438
578	1.281507
579	-2.238662
580	-1.647497
581	-2.436196
582	-0.107439
583	-2.792826
584	-0.917246
585	-0.001127
586	2.074212
587	1.200922
588	-1.448933
589	-0.252559
590	-2.019171
591	1.204696
592	1.253804
593	1.934892
594	-1.448422
595	-1.431574
596	-1.506894
597	-2.233978
598	1.669519
599	2.930503
600	-0.196339
601	-0.186926
602	-2.361173
603	-0.915480
604	0.669797
605	-1.820133
606	1.258774
607	-2.175163
608	0.091129
609	-0.442157
610	-2.394363
611	1.393648
612	1.496652
613	-1.894822
614	1.880856
615	1.019619
616	-2.417027
617	-2.154134
618	-1.604415
619	1.809647
620	-2.483529
621	-0.086611
622	-0.184162
623	-1.642902
624	-2.255307
625	-0.882128
626	0.197416
627	0.959809
628	2.494646
629	0.029119
630	1.159812
631	1.059645
632	-2.478838
633	-1.648756
634	0.891902
635	1.523396
636	0.784914
637	0.426245
638	-1.428115
639	-1.749110
640	-1.970362
641	-2.462677
642	-1.794990
643	-1.464631
644	2.261339
645	-1.916055
646	1.343983
647	-2.463644
648	-2.321493
649	-1.542602
650	1.022244
651	-0.073826
652	1.572036
653	-2.387389
654	-2.084618
655	-1.385981
656	-2.341745
657	1.142831
658	-1.095345
659	-2.793840
660	1.505311
661	-1.352655
662	-2.203924
663	-1.413423
664	0.768539
665	-0.714773
666	1.497060
667	-2.161737
668	-1.901343
669	1.966979
670	-1.521539
671	-2.663586
672	-1.683378
673	-2.226477
674	-0.948721
675	-1.563700
676	0.188788
677	-1.953020
678	-2.688090
679	1.600967
680	-2.214153
681	-2.240938
682	0.530426
683	-1.549785
684	-1.836824
685	-2.051095
686	-2.071045
687	-2.222110
688	-2.172348
689	-2.029645
690	-2.068077
691	-0.966108
692	-1.057325
693	0.196361
694	-2.149660
695	-0.337391
696	-1.803423
697	-2.597548
698	-2.284606
699	0.175719
700	-2.261971
701	-2.576758
702	-2.156026
703	-1.946317
704	-2.359518
705	1.204372
706	-2.854541
707	1.593082
708	-2.074034
709	0.077714
710	0.065848
711	-2.215124
712	0.163546
713	-1.746946
714	-1.237033
715	1.993622
716	-1.841524
717	-1.954261
718	-1.743173
719	-1.508425
720	0.968709
721	-2.366487
722	-2.191856
723	0.612519
724	-2.465160
725	-2.138814
726	1.290441
727	-1.630204
728	-2.178792
729	1.111239
730	-1.671091
731	1.768350
732	-1.740473
733	1.446268
734	-2.426468
735	2.007033
736	-1.427654
737	-1.908780
738	-1.956818
739	0.900114
740	-1.973617
741	-0.369627
742	-2.082007
743	0.301764
744	-2.934849
745	-1.509408
746	-1.886998
747	-1.863677
748	-1.977943
749	2.460215
750	0.457614
751	-2.458106
752	0.413476
753	0.581361
754	-1.538617
755	0.505610
756	-1.522379
757	-0.363048
758	0.461470
759	-2.494859
760	-2.436566
761	-2.104588
762	2.019481
763	-2.804184
764	-2.355483
765	-2.386792
766	-1.415248
767	-1.675280
768	-1.846155
769	-1.556600
770	-1.890963
771	0.880142
772	-2.078775
773	-1.078574
774	-1.080062
775	-1.730473
776	0.665012
777	-2.015378
778	-1.783968
779	0.192804
780	-1.360784
781	2.114508
782	-2.067371
783	-2.389843
784	-1.610781
785	-1.774690
786	-1.976634
787	1.062296
788	-2.343359
789	-1.308681
790	1.028140
791	0.822189
792	-0.359532
793	-2.574311
794	-1.698580
795	-1.917046
796	2.277268
797	-1.709609
798	-2.563607
799	1.384580
800	1.462139
801	-1.854970
802	-2.027651
803	-1.655235
804	1.364105
805	1.016765
806	-2.939421
807	-1.784227
808	1.019035
809	0.522162
810	-2.043623
811	-1.301639
812	2.458803
813	-2.362044
814	0.540390
815	-1.975664
816	2.643017
817	1.314744
818	-1.059316
819	-2.171788
820	-3.021350
821	0.782189
822	0.403864
823	0.666562
824	0.763079
825	-1.397190
826	-1.500741
827	1.043939
828	0.765201
829	3.182749
830	-2.517992
831	-2.252256
832	-2.558707
833	-2.851361
834	-1.801778
835	-2.253717
836	-0.146031
837	-3.406894
838	0.694396
839	-1.923943
840	2.307267
841	-1.578147
842	-1.958746
843	-0.443702
844	-1.800862
845	-1.732917
846	-2.503577
847	-2.154605
848	1.802878
849	0.920091
850	-2.832274
851	1.048149
852	1.277597
853	-2.518814
854	1.970430
855	-1.474924
856	0.074541
857	-2.304314
858	0.943460
859	0.014297
860	-1.759972
861	1.526170
862	-2.312030
863	-1.925945
864	1.494216
865	-2.205569
866	2.674632
867	0.432641
868	-2.061925
869	-2.104432
870	-1.792148
871	-1.879828
872	-2.236465
873	0.481180
874	0.740881
875	-1.856194
876	-1.933973
877	-0.984884
878	0.827083
879	1.585951
880	0.910790
881	-1.494167
882	1.515199
883	-0.099973
884	1.099483
885	-2.317651
886	-2.471973
887	-0.279320
888	2.409769
889	-2.198304
890	0.889208
891	0.714324
892	1.994444
893	-1.271499
894	-1.835577
895	-2.104832
896	-2.475601
897	-1.572687
898	-1.840089
899	0.601421
900	-1.794367
901	-1.401747
902	-2.010351
903	-2.119333
904	-0.108964
905	0.167467
906	-1.619314
907	-0.604733
908	0.749171
909	2.518611
910	2.546419
911	-2.081192
912	-2.403451
913	0.466271
914	-1.471154
915	-1.692404
916	-0.048036
917	2.328088
918	-2.779168
919	1.188012
920	-2.606308
921	0.528168
922	-0.537261
923	-1.803764
924	-1.583976
925	-1.205434
926	2.433611
927	-0.878615
928	-1.668871
929	-2.239516
930	-1.267706
931	-1.223416
932	-1.994011
933	1.315844
934	-1.342747
935	-1.980451
936	1.853960
937	-2.037391
938	-2.639021
939	-1.852553
940	-1.722408
941	-1.867023
942	-1.592805
943	0.651718
944	0.178422
945	-1.626450
946	-2.219205
947	-0.069919
948	-1.542201
949	-1.504018
950	-2.169048
951	-2.382383
952	1.294635
953	-1.677576
954	1.614191
955	0.405164
956	-1.539674
957	-1.844743
958	1.940429
959	-2.096834
960	-3.146851
961	0.290865
962	-2.638004
963	-1.456789
964	-2.457606
965	-2.241309
966	-0.000614
967	-2.330675
968	0.455742
969	2.634394
970	-2.247156
971	2.558801
972	-1.851942
973	-1.454279
974	-2.728055
975	0.436940
976	1.528500
977	0.889638
978	-2.250637
979	1.548401
980	1.479109
981	1.253661
982	-2.272539
983	-1.024217
984	0.068304
985	-1.779341
986	1.028557
987	-0.975831
988	1.840280
989	-0.257048
990	-2.378151
991	-1.120780
992	-2.462607
993	-2.325319
994	-1.989105
995	0.862416
996	1.083460
997	-2.606210
998	-2.717130
999	-1.910398
1000	-2.093512
1001	-2.167141
1002	1.277725
1003	-2.862660
1004	0.426792
1005	-1.890010
1006	-0.710156
1007	-2.464542
1008	0.964700
1009	-1.686605
1010	0.326057
1011	-2.044930
1012	-1.666197
1013	-3.175801
1014	-1.165494
1015	-2.762020
1016	-1.673842
1017	-1.579484
1018	1.370577
1019	2.132218
1020	1.714552
1021	-0.976642
1022	0.478636
1023	-2.211964
1024	-2.057569
1025	-0.501781
1026	0.311812
1027	1.148384
1028	-1.390234
1029	-2.830752
1030	-2.030945
1031	2.834422
1032	-2.251069
1033	1.778809
1034	-1.516107
1035	1.256441
1036	3.603508
1037	-1.074702
1038	-2.273435
1039	1.341456
1040	0.353819
1041	1.640238
1042	-2.138069
1043	-2.094907
1044	0.540748
1045	-1.438005
1046	-2.013343
1047	1.343822
1048	-0.200550
1049	-2.141507
1050	-2.429992
1051	1.553443
1052	-2.070097
1053	-1.678166
1054	-2.030689
1055	-2.535089
1056	-2.688467
1057	-2.272433
1058	-1.894034
1059	-2.232573
1060	-0.694207
1061	-1.375267
1062	-2.687275
1063	-1.297089
1064	-2.033508
1065	-1.333972
1066	1.639624
1067	-0.721626
1068	-1.662513
1069	0.451138
1070	-1.934321
1071	-1.960472
1072	-1.218788
1073	-2.383742
1074	1.190508
1075	1.541384
1076	-1.492049
1077	-2.623070
1078	1.723376
1079	-0.700817
1080	1.314942
1081	-2.790490
1082	-2.833866
1083	-2.661990
1084	1.976993
1085	-1.829539
1086	-0.232110
1087	-2.135405
1088	-2.203535
1089	-1.306209
1090	0.061720
1091	-2.884628
1092	-1.299062
1093	-1.990579
1094	1.229012
1095	-1.743779
1096	-2.541674
1097	2.662656
1098	-2.137876
1099	-1.882353
1100	1.123230
1101	-2.280229
1102	-2.330639
1103	-1.670733
1104	1.838085
1105	-2.800189
1106	-1.991940
1107	-0.610895
1108	3.026625
1109	-1.866814
1110	1.179330
1111	1.703523
1112	0.836989
1113	-2.077930
1114	-1.908395
1115	2.779044
1116	-2.202878
1117	-2.612125
1118	0.560426
1119	-1.593198
1120	-2.651305
1121	-1.464900
1122	-1.546194
1123	0.582287
1124	1.676677
1125	-1.806530
1126	-2.544398
1127	1.208797
1128	0.205434
1129	-2.508188
1130	1.408551
1131	-1.418328
1132	-1.427334
1133	-1.653350
1134	0.258860
1135	-1.575256
1136	1.179726
1137	-1.957692
1138	-2.837619
1139	-2.267301
1140	2.283022
1141	-2.240002
1142	-2.151150
1143	-1.743246
1144	-1.831719
1145	-2.550521
1146	-0.431164
1147	0.909609
1148	0.754116
1149	-2.163468
1150	-1.637140
1151	0.648196
1152	-2.002510
1153	-2.417261
1154	-1.846507
1155	1.462914
1156	-1.211537
1157	-2.652690
1158	2.043897
1159	1.505824
1160	-2.185502
1161	-2.234551
1162	0.272461
1163	-1.711755
1164	-1.960048
1165	0.835270
1166	-1.426365
1167	0.628678
1168	-1.480622
1169	-2.441909
1170	1.108388
1171	0.829385
1172	1.264825
1173	-2.122802
1174	-2.613050
1175	-1.366106
1176	1.705320
1177	-1.467577
1178	0.980004
1179	-2.194232
1180	-2.643422
1181	-2.921412
1182	0.034225
1183	-2.585486
1184	1.648827
1185	0.697017
1186	-1.919492
1187	0.746215
1188	-0.070479
1189	-1.956676
1190	-2.493670
1191	-2.232694
1192	0.589976
1193	-1.198956
1194	-2.000413
1195	-0.865394
1196	-1.677510
1197	0.657556
1198	1.507557
1199	-2.033236
1200	0.538114
1201	-3.195630
1202	-2.094429
1203	-1.671799
1204	-1.608152
1205	-1.990406
1206	1.196994
1207	-0.117510
1208	2.087795
1209	-2.237936
1210	-1.246287
1211	-2.726319
1212	-0.708890
1213	-1.007836
1214	-2.466750
1215	-2.748399
1216	-2.362302
1217	-2.207612
1218	-1.796891
1219	-1.983308
1220	0.286511
1221	0.301184
1222	-1.460382
1223	2.881191
1224	-1.693539
1225	-1.198248
1226	0.056254
1227	-2.204065
1228	-0.168831
1229	-1.168151
1230	3.547539
1231	0.651061
1232	-0.194512
1233	-1.815851
1234	-1.588667
1235	-2.345882
1236	-1.944111
1237	-2.998759
1238	-0.225533
1239	-1.893710
1240	-1.619751
1241	0.093941
1242	-2.271240
1243	-2.526012
1244	-2.487038
1245	-2.049806
1246	1.516146
1247	2.207296
1248	-1.844925
1249	1.573215
1250	1.791965
1251	-1.484899
1252	-2.867021
1253	0.303542
1254	-1.997036
1255	-0.076023
1256	-2.186526
1257	-2.815738
1258	-2.086891
1259	1.430484
1260	-1.568963
1261	1.306167
1262	-2.207715
1263	-1.440681
1264	-2.133448
1265	0.756786
1266	-1.992490
1267	-1.294111
1268	-2.306309
1269	-1.694154
1270	-2.251886
1271	-2.741273
1272	-2.228949
1273	-1.272951
1274	0.550830
1275	3.002536
1276	-1.807262
1277	1.326469
1278	2.508553
1279	0.257771
1280	1.475517
1281	1.052452
1282	-1.837396
1283	-2.100014
1284	-1.817873
1285	-1.063020
1286	0.276222
1287	-1.512864
1288	1.023109
1289	-1.772328
1290	0.761103
1291	2.118556
1292	0.391145
1293	-1.984045
1294	-1.376821
1295	-2.117907
1296	-1.849945
1297	-1.315537
1298	0.607458
1299	0.874963
1300	0.112645
1301	2.208507
1302	-1.507610
1303	-2.890154
1304	1.180847
1305	0.394794
1306	-2.843089
1307	-1.959911
1308	-0.736627
1309	-0.811114
1310	-2.320567
1311	-2.472985
1312	-0.489920
1313	-2.161765
1314	0.874783
1315	1.413225
1316	-1.540218
1317	-1.642561
1318	-1.926163
1319	-1.590191
1320	2.501486
1321	1.076312
1322	-1.627838
1323	0.103601
1324	-1.332167
1325	1.362850
1326	-1.760020
1327	0.916392
1328	0.433591
1329	2.877993
1330	-1.524894
1331	-2.104330
1332	-2.462783
1333	-1.595396
1334	-1.355047
1335	-1.448550
1336	-2.739365
1337	0.921651
1338	-1.974108
1339	1.147548
1340	0.848280
1341	-0.748660
1342	0.355672
1343	-2.253260
1344	-2.367918
1345	-1.637542
1346	-1.805777
1347	-2.427776
1348	-1.911649
1349	-1.075974
1350	1.279744
1351	-3.088388
1352	-2.884098
1353	-2.366780
1354	-1.859374
1355	-1.407505
1356	-1.483582
1357	1.697183
1358	-2.079774
1359	-2.069626
1360	-2.164341
1361	-2.013316
1362	-3.146442
1363	1.700326
1364	-1.292720
1365	-2.367139
1366	-2.543898
1367	0.943821
1368	-2.201103
1369	0.234321
1370	-2.048272
1371	-1.845638
1372	0.771997
1373	2.839837
1374	-1.908623
1375	3.117867
1376	1.141833
1377	-1.355613
1378	-2.228803
1379	1.185832
1380	1.460129
1381	1.648376
1382	-1.962484
1383	-1.645515
1384	0.633049
1385	-1.947358
1386	2.043883
1387	-2.474947
1388	-1.481794
1389	0.715728
1390	-1.204862
1391	1.211501
1392	1.216551
1393	-1.919453
1394	2.319705
1395	1.934983
1396	0.616381
1397	-2.443340
1398	-2.237107
1399	-0.305555
1400	-1.060745
1401	-1.451899
1402	-1.675456
1403	-3.009473
1404	0.886425
1405	1.255143
1406	2.134885
1407	-1.786850
1408	2.043147
1409	-2.405948
1410	-2.412915
1411	-0.581728
1412	-1.887678
1413	0.613934
1414	-1.661745
1415	-2.965805
1416	-1.508351
1417	-0.117110
1418	-2.001163
1419	0.984020
1420	2.337301
1421	-2.050941
1422	2.272856
1423	-1.004664
1424	-1.212862
1425	-1.992562
1426	1.851488
1427	-0.033476
1428	-2.019863
1429	-1.355734
1430	-0.248153
1431	-2.030786
1432	2.340781
1433	-2.447248
1434	-1.630755
1435	-2.219281
1436	1.893209
1437	-2.101832
1438	-1.875418
1439	-2.818628
1440	2.232076
1441	0.276403
1442	-1.879496
1443	-0.950046
1444	1.412995
1445	-0.330579
1446	-1.416264
1447	-1.402281
1448	-1.543838
1449	1.111774
1450	-1.425184
1451	-2.361373
1452	-2.687724
1453	-2.146079
1454	-1.406683
1455	0.907243
1456	2.989500
1457	-2.029334
1458	-1.134344
1459	0.449500
1460	-1.885925
1461	1.426549
1462	-1.472037
1463	-1.299864
1464	-1.801509
1465	-2.556564
1466	0.852538
1467	0.761623
1468	2.236447
1469	-2.256044
1470	1.485868
1471	-2.038050
1472	-1.772674
1473	-0.309599
1474	0.779683
1475	-1.793203
1476	-0.249870
1477	-1.470127
1478	2.302751
1479	-2.937920
1480	2.226614
1481	0.711044
1482	-1.990193
1483	0.135725
1484	2.883424
1485	-2.029379
1486	-1.078208
1487	-2.727725
1488	0.017339
1489	-1.958319
1490	-1.606179
1491	1.037494
1492	-1.706259
1493	-1.580384
1494	2.107850
1495	-2.853650
1496	2.114899
1497	2.145036
1498	1.008110
1499	1.617227
1500	-0.716824
1501	-0.215542
1502	-2.085852
1503	-1.499435
1504	-1.651186
1505	-2.429858
1506	-1.950416
1507	3.156261
1508	-2.547468
1509	-1.623670
1510	-2.210447
1511	-2.874633
1512	-2.088384
1513	-2.639392
1514	0.063450
1515	-2.359202
1516	-1.657289
1517	0.083113
1518	0.784032
1519	-1.737114
1520	1.972268
1521	-2.432219
1522	2.190780
1523	-2.757506
1524	-1.920537
1525	2.881558
1526	-2.630169
1527	-2.599618
1528	0.600464
1529	-2.236299
1530	-1.815426
1531	-2.097996
1532	-2.420995
1533	-0.070326
1534	-2.023848
1535	1.082719
1536	-0.529563
1537	-1.756553
1538	0.648839
1539	-2.168845
1540	-0.094144
1541	-2.029722
1542	0.693869
1543	0.574443
1544	2.027062
1545	2.529196
1546	-1.046447
1547	-2.527015
1548	4.535829
1549	-2.077674
1550	-2.778910
1551	0.649004
1552	-1.576360
1553	0.347485
1554	0.009575
1555	-1.930883
1556	0.976166
1557	-1.455183
1558	-2.637041
1559	-1.644312
1560	2.110444
1561	-2.182488
1562	-1.747141
1563	0.960723
1564	0.157257
1565	-0.899942
1566	-1.288711
1567	-1.995490
1568	1.783967
1569	-0.659290
1570	2.008973
1571	-1.656302
1572	-2.405804
1573	-1.817255
1574	1.953130
1575	0.770806
1576	0.765640
1577	-1.926185
1578	1.657664
1579	-1.476557
1580	-1.453996
1581	2.172128
1582	0.241387
1583	-1.529616
1584	-2.079836
1585	-2.705245
1586	-2.310336
1587	-1.612699
1588	1.066186
1589	-1.943831
1590	1.845335
1591	-1.391147
1592	-2.201467
1593	2.832820
1594	-2.230109
1595	-2.385693
1596	0.826651
1597	-1.386663
1598	-1.806254
1599	-2.681637
1600	1.589975
1601	-1.907917
1602	-2.778638
1603	-1.914007
1604	-1.577929
1605	0.432205
1606	-2.298418
1607	2.039730
1608	0.529825
1609	-2.385533
1610	-1.528651
1611	1.992096
1612	-0.464945
1613	-2.488933
1614	-1.447209
1615	-2.300978
1616	-2.402629
1617	0.180485
1618	-1.259091
1619	-2.152514
1620	1.473761
1621	1.285435
1622	-2.293294
1623	-1.706405
1624	-0.442503
1625	0.642098
1626	-1.474415
1627	2.175831
1628	1.194077
1629	-2.937382
1630	1.407043
1631	-1.933754
1632	-1.504248
1633	-2.223786
1634	0.937225
1635	-2.602274
1636	-1.673010
1637	-0.071390
1638	-1.788180
1639	0.716705
1640	-2.003093
1641	0.131892
1642	1.178493
1643	-2.087411
1644	-1.759080
1645	-2.444249
1646	1.034793
1647	-1.082042
1648	-2.277309
1649	-1.928271
1650	-1.310679
1651	0.388625
1652	0.681431
1653	1.427747
1654	-1.529998
1655	-1.241697
1656	-2.062298
1657	2.466561
1658	1.468060
1659	-2.497082
1660	-1.836601
1661	1.774147
1662	-1.320915
1663	1.159999
1664	1.181027
1665	-0.918340
1666	-2.269376
1667	-1.717599
1668	-0.100198
1669	-1.849169
1670	-0.211885
1671	-1.440636
1672	-1.769667
1673	1.190702
1674	-2.277901
1675	-1.525551
1676	-1.721591
1677	1.565865
1678	-2.357258
1679	-2.035127
1680	-1.218644
1681	2.272856
1682	0.747782
1683	-2.706247
1684	-1.808960
1685	-1.669163
1686	0.394328
1687	-3.218714
1688	-1.353698
1689	-2.222667
1690	0.028891
1691	-2.294083
1692	-1.165223
1693	-1.768356
1694	-2.616413
1695	-2.333379
1696	-3.211357
1697	-1.407563
1698	-1.571209
1699	1.188682
1700	-1.954585
1701	0.488776
1702	-1.165736
1703	-2.110535
1704	0.102426
1705	1.009025
1706	0.821304
1707	-2.127267
1708	-2.328482
1709	-2.071718
1710	1.128974
1711	1.225226
1712	-2.314975
1713	1.547948
1714	0.869568
1715	1.645078
1716	0.227408
1717	-0.033306
1718	0.497556
1719	-2.073830
1720	-1.997854
1721	0.531433
1722	-1.517413
1723	-2.116480
1724	-2.463166
1725	0.458793
1726	-0.383799
1727	0.574145
1728	1.079501
1729	0.610485
1730	1.437310
1731	-1.930326
1732	-1.724401
1733	-2.893300
1734	-2.003716
1735	-1.397058
1736	-1.637738
1737	-1.820124
1738	-1.673330
1739	-2.019193
1740	-0.418451
1741	-1.789018
1742	0.842044
1743	0.285868
1744	2.023140
1745	0.515092
1746	1.489378
1747	-2.553527
1748	2.590957
1749	-2.616648
1750	-0.860232
1751	-2.061139
1752	-1.456107
1753	1.193916
1754	1.996896
1755	-1.266660
1756	1.300008
1757	2.038853
1758	0.253762
1759	-2.381037
1760	2.261351
1761	-1.919846
1762	-1.996391
1763	-0.469513
1764	-2.685941
1765	-2.870269
1766	-2.982524
1767	-2.094777
1768	-2.405833
1769	2.202436
1770	-0.209795
1771	1.268615
1772	2.136750
1773	-1.653971
1774	-2.089989
1775	-1.968029
1776	-1.619344
1777	1.367481
1778	1.459277
1779	-2.370910
1780	1.333720
1781	-1.755323
1782	0.572704
1783	-2.040399
1784	-2.642861
1785	1.123329
1786	-2.886952
1787	-2.234215
1788	-1.759274
1789	-1.661106
1790	-1.426738
1791	0.594899
1792	0.646111
1793	-2.815440
1794	-1.856434
1795	-1.543579
1796	-3.128436
1797	-2.062178
1798	-1.994180
1799	-1.625256
1800	0.138385
1801	-2.166234
1802	-2.666598
1803	1.818810
1804	0.183996
1805	-2.249573
1806	-1.134081
1807	-2.319415
1808	1.346394
1809	-1.397774
1810	-2.545611
1811	-2.605198
1812	1.479414
1813	2.354078
1814	-1.887789
1815	-2.600445
1816	-1.982358
1817	-2.228889
1818	-0.622488
1819	-2.772857
1820	3.921815
1821	-2.207309
1822	-0.650975
1823	-1.095715
1824	-1.395618
1825	-2.270048
1826	-2.000703
1827	-1.517627
1828	-2.217125
1829	-2.472549
1830	2.675052
1831	0.492203
1832	1.990260
1833	-1.384431
1834	1.604520
1835	-1.704683
1836	-2.584998
1837	-1.809840
1838	-2.418910
1839	-0.956631
1840	-1.659420
1841	-1.771341
1842	0.105807
1843	-2.563489
1844	-1.622387
1845	-1.915032
1846	-0.574552
1847	-2.879237
1848	-1.380422
1849	1.755758
1850	-0.034198
1851	0.356989
1852	4.105959
1853	-0.819346
1854	2.018296
1855	0.183571
1856	-1.934634
1857	0.831495
1858	1.709702
1859	-2.753384
1860	0.856158
1861	0.717712
1862	-2.427808
1863	-2.181101
1864	-2.809532
1865	-2.072309
1866	-2.009843
1867	-0.612592
1868	-1.945809
1869	1.699412
1870	0.357700
1871	-1.773974
1872	-2.098296
1873	-1.622203
1874	1.150879
1875	1.307734
1876	-1.638333
1877	1.116226
1878	1.399520
1879	-1.681488
1880	-2.611897
1881	-1.964077
1882	-2.236842
1883	-2.005833
1884	-0.951962
1885	1.453143
1886	-1.960697
1887	-1.893498
1888	-2.162276
1889	0.363387
1890	-2.466031
1891	-2.125245
1892	-2.110183
1893	0.653771
1894	-2.222457
1895	1.493571
1896	-1.751078
1897	0.853525
1898	-1.716565
1899	-2.126404
1900	2.011588
1901	2.114034
1902	-0.008489
1903	0.496214
1904	0.068834
1905	1.027593
1906	-2.157481
1907	0.173803
1908	-2.409613
1909	-2.402167
1910	0.854056
1911	1.839326
1912	1.756541
1913	-2.298902
1914	0.991063
1915	-2.580183
1916	0.849369
1917	-1.825957
1918	-2.340803
1919	1.161848
1920	-2.195657
1921	-2.048945
1922	-2.036827
1923	-1.451187
1924	-1.457231
1925	2.400236
1926	1.156917
1927	2.898628
1928	1.994554
1929	-1.770273
1930	2.318061
1931	-2.554163
1932	2.022339
1933	-2.281357
1934	1.846002
1935	-1.290453
1936	2.254959
1937	0.031876
1938	3.508168
1939	-1.420052
1940	1.775337
1941	-1.869393
1942	-1.365810
1943	-1.886837
1944	2.163352
1945	-0.160944
1946	0.743545
1947	-2.747224
1948	0.814606
1949	-0.716157
1950	1.063043
1951	-1.301902
1952	-2.175173
1953	-1.798621
1954	-1.421906
1955	2.023921
1956	1.516136
1957	-0.198422
1958	0.877528
1959	-1.413039
1960	1.075557
1961	-1.046090
1962	-1.891145
1963	-2.628709
1964	-2.231729
1965	-2.552360
1966	1.217532
1967	-1.017269
1968	-1.945963
1969	0.859432
1970	-1.573204
1971	-0.780241
1972	-2.353454
1973	-2.297860
1974	-1.323610
1975	-1.576614
1976	-1.948102
1977	0.661342
1978	-2.664358
1979	-1.855547
1980	-1.939295
1981	-0.078396
1982	0.469752
1983	2.089418
1984	0.741022
1985	-2.682858
1986	0.147674
1987	-1.279051
1988	-2.271749
1989	-2.139308
1990	-2.087697
1991	-2.799328
1992	-2.302334
1993	3.665472
1994	-1.295998
1995	0.885672
1996	-1.645235
1997	-0.130818
1998	0.742444
1999	-3.497503
2000	1.089109
2001	-1.525266
2002	-0.470808
2003	1.705393
2004	1.264944
2005	0.794388
2006	-2.764819
2007	-1.548674
2008	-2.462107
2009	-1.971164
2010	-1.453077
2011	1.867397
2012	-2.038334
2013	1.701376
2014	-2.256324
2015	-2.053847
2016	1.439061
2017	-0.404236
2018	0.731424
2019	-0.214555
2020	-1.642440
2021	-1.519883
2022	0.439294
2023	0.257800
2024	-3.064901
2025	-1.703039
2026	0.588990
2027	1.097324
2028	-1.602555
2029	-1.865968
2030	2.260778
2031	-2.014004
2032	-0.265434
2033	-2.647512
2034	-2.089042
2035	-3.034670
2036	-1.699530
2037	0.944567
2038	2.237992
2039	-1.790008
2040	1.681515
2041	-0.255966
2042	1.939067
2043	0.726988
2044	-2.341706
2045	-1.582096
2046	-2.015358
2047	3.042422
2048	-0.931298
2049	-1.694114
2050	1.486520
2051	-1.882617
2052	0.755188
2053	-0.638486
2054	-2.633509
2055	-2.610727
2056	-0.219328
2057	-0.306253
2058	1.321373
2059	-1.730526
2060	-0.960553
2061	-1.576055
2062	-2.311055
2063	-2.325089
2064	1.694535
2065	-1.669093
2066	-1.296506
2067	-1.681358
2068	1.258922
2069	-2.064553
2070	-1.741483
2071	1.292324
2072	-1.085258
2073	-2.105212
2074	-1.992478
2075	-1.832237
2076	1.643229
2077	-1.962493
2078	2.698378
2079	-2.270834
2080	2.126869
2081	0.309005
2082	-1.452142
2083	0.349921
2084	-2.460280
2085	-0.739649
2086	1.172065
2087	0.502408
2088	-2.097677
2089	-1.388501
2090	1.688996
2091	1.333699
2092	0.788087
2093	1.379115
2094	-1.453423
2095	3.673041
2096	-1.129922
2097	-1.471549
2098	-2.408318
2099	1.815288
2100	-1.755447
2101	-2.817366
2102	0.711740
2103	-0.477710
2104	0.914348
2105	-1.541434
2106	0.047533
2107	-2.125737
2108	-2.158655
2109	1.171328
2110	0.487704
2111	1.470913
2112	-1.405789
2113	-2.153714
2114	-2.492405
2115	-0.469440
2116	1.041766
2117	-2.476125
2118	-2.998844
2119	-2.759064
2120	-2.183610
2121	2.212585
2122	-1.715238
2123	-1.520124
2124	-0.174521
2125	-2.121270
2126	0.509630
2127	-2.400509
2128	-2.147514
2129	0.875313
2130	0.633378
2131	2.205369
2132	-1.587338
2133	-2.420488
2134	-1.470975
2135	1.147952
2136	2.765756
2137	-2.230856
2138	-2.385585
2139	1.800446
2140	-2.092689
2141	-1.719721
2142	-2.217161
2143	-2.604065
2144	-2.566342
2145	-1.899033
2146	-2.100038
2147	-0.293708
2148	0.763674
2149	1.042862
2150	1.955577
2151	-2.037110
2152	-2.019042
2153	0.679601
2154	-2.088632
2155	-2.069170
2156	0.620367
2157	0.051412
2158	-1.870684
2159	-1.794412
2160	-2.386471
2161	-2.213200
2162	-1.722344
2163	-2.211037
2164	1.140949
2165	1.621882
2166	-2.311647
2167	-0.204963
2168	3.639513
2169	-0.862942
2170	-1.071720
2171	2.674250
2172	1.406240
2173	-1.877008
2174	1.928552
2175	-2.039476
2176	1.445268
2177	-1.645842
2178	-1.317654
2179	-0.945675
2180	2.007934
2181	-2.063073
2182	-1.748997
2183	-1.974139
2184	-1.898583
2185	-2.756617
2186	-1.827606
2187	-1.245544
2188	-1.965772
2189	-0.572365
2190	-1.064920
2191	-0.495381
2192	-2.798936
2193	-2.165863
2194	-2.142129
2195	-0.221282
2196	-1.693312
2197	1.739779
2198	-2.084803
2199	2.068374
2200	1.549984
2201	-2.579315
2202	-1.524404
2203	3.964508
2204	1.367091
2205	-2.470937
2206	0.910521
2207	1.609382
2208	-1.941958
2209	-1.017879
2210	-2.715146
2211	1.178747
2212	-2.603173
2213	-2.434223
2214	-0.421599
2215	-1.753514
2216	2.566247
2217	-1.615146
2218	-1.895078
2219	-1.255174
2220	-1.352966
2221	-2.912489
2222	-1.858870
2223	-0.067420
2224	-2.903893
2225	-2.212822
2226	0.988182
2227	-3.509217
2228	-1.072389
2229	-0.821207
2230	-2.068955
2231	-2.181820
2232	-1.852413
2233	-2.587185
2234	-1.992824
2235	-2.630241
2236	-1.498201
2237	-1.442143
2238	-1.854484
2239	-1.639627
2240	-1.607866
2241	2.539398
2242	0.271909
2243	-1.764655
2244	0.814172
2245	1.006095
2246	-1.774315
2247	0.553583
2248	3.320589
2249	0.431005
2250	1.374229
2251	-1.025816
2252	1.283828
2253	-1.849673
2254	0.037604
2255	-1.519595
2256	-2.345359
2257	1.278284
2258	-2.104468
2259	-0.563798
2260	0.525112
2261	-1.481746
2262	-1.878883
2263	-2.108637
2264	1.243874
2265	1.095703
2266	-2.529986
2267	-1.963564
2268	-1.817277
2269	-1.761119
2270	-2.198660
2271	-2.450070
2272	-1.827531
2273	-1.787853
2274	-1.702311
2275	-1.469383
2276	-2.561898
2277	2.809510
2278	0.387205
2279	-2.352633
2280	-1.510799
2281	-1.997517
2282	-2.192990
2283	-0.400302
2284	1.105057
2285	-3.370074
2286	-2.024079
2287	1.939181
2288	-1.536018
2289	0.615732
2290	-2.074617
2291	1.460852
2292	-2.612814
2293	0.251518
2294	-1.135270
2295	1.054338
2296	-2.483498
2297	-2.485221
2298	1.310220
2299	-2.165357
2300	0.215701
2301	0.887848
2302	-2.497921
2303	2.367439
2304	-2.037479
2305	3.731736
2306	-1.836649
2307	0.997065
2308	2.279449
2309	1.589371
2310	-2.179887
2311	-1.892589
2312	-1.675288
2313	0.262668
2314	-1.781904
2315	0.996746
2316	-0.171851
2317	-1.308586
2318	2.575398
2319	2.059014
2320	-1.266484
2321	0.291899
2322	0.498919
2323	-0.395828
2324	-2.123417
2325	-2.500893
2326	1.747863
2327	-2.130867
2328	-1.168811
2329	-2.785504
2330	2.048073
2331	-0.372788
2332	-2.031903
2333	-0.580982
2334	-1.355641
2335	-1.477830
2336	1.407904
2337	1.015731
2338	2.654208
2339	2.437077
2340	-2.182266
2341	1.097377
2342	-2.733435
2343	-1.939911
2344	1.924146
2345	0.203787
2346	-2.821381
2347	0.205921
2348	-2.233730
2349	1.549111
2350	-1.787907
2351	-1.897016
2352	-2.439422
2353	1.406692
2354	-1.947336
2355	-1.301595
2356	-0.293987
2357	-1.799534
2358	1.079142
2359	-1.818195
2360	1.683491
2361	0.028203
2362	-1.631280
2363	2.271354
2364	1.658887
2365	1.483131
2366	-1.630841
2367	-0.797630
2368	-1.759665
2369	-2.160359
2370	-1.931904
2371	0.537287
2372	2.166289
2373	-2.859144
2374	-2.253880
2375	0.044233
2376	0.790968
2377	-2.116586
2378	0.376619
2379	-1.621525
2380	1.202513
2381	-2.412075
2382	0.951232
2383	-1.731528
2384	0.980207
2385	-1.956351
2386	-1.883701
2387	-1.488780
2388	2.667856
2389	-2.096089
2390	2.464642
2391	0.458184
2392	-1.470872
2393	-1.608469
2394	0.546071
2395	-2.368545
2396	-2.156473
2397	0.123731
2398	1.018373
2399	-1.894570
2400	-3.071546
2401	0.969345
2402	1.710239
2403	-2.692143
2404	-2.217333
2405	-0.189361
2406	1.450763
2407	-0.224958
2408	-0.804695
2409	-1.944531
2410	-2.063107
2411	-1.755818
2412	-2.812857
2413	-2.883638
2414	-1.565869
2415	1.013584
2416	0.710043
2417	-1.826162
2418	-3.171001
2419	0.972803
2420	-1.727199
2421	-1.463247
2422	-1.978340
2423	0.241509
2424	-2.308499
2425	0.866332
2426	-2.285851
2427	2.025975
2428	-2.298038
2429	-0.325215
2430	1.670758
2431	-1.373439
2432	-1.603932
2433	-1.764769
2434	0.219883
2435	-1.458429
2436	-2.310010
2437	-2.483870
2438	-2.102060
2439	2.609164
2440	-2.001778
2441	0.313582
2442	-1.571658
2443	0.491570
2444	0.680603
2445	-1.164556
2446	-1.745272
2447	0.617763
2448	-1.986305
2449	-1.282677
2450	0.840819
2451	0.933621
2452	-2.088519
2453	-1.706995
2454	-1.983354
2455	-1.487185
2456	1.841153
2457	-2.542949
2458	-1.407874
2459	0.723455
2460	-2.477200
2461	-1.258657
2462	-0.357657
2463	2.473684
2464	3.245459
2465	-1.772789
2466	0.780083
2467	-1.912113
2468	-3.896595
2469	-1.739948
2470	-2.092382
2471	0.160812
2472	-1.894308
2473	1.240836
2474	3.870456
2475	-2.093851
2476	2.543483
2477	-1.731029
2478	1.906416
2479	1.468713
2480	0.452582
2481	1.097931
2482	-1.979112
2483	-2.192873
2484	1.898381
2485	-2.281614
2486	-1.875586
2487	-2.183952
2488	-1.372945
2489	0.337735
2490	-0.283386
2491	2.114360
2492	-2.136372
2493	-2.543469
2494	-1.620485
2495	-1.462412
2496	2.373790
2497	-1.852173
2498	-0.207669
2499	2.682238
2500	-1.555921
2501	1.270981
2502	-1.915765
2503	0.061549
2504	1.399119
2505	-1.753358
2506	-2.241636
2507	-1.860160
2508	-0.480164
2509	0.918982
2510	-1.611800
2511	-2.477526
2512	-2.102731
2513	-1.892183
2514	-1.716589
2515	-2.089150
2516	-1.783692
2517	-0.707574
2518	0.994053
2519	0.808116
2520	-1.104514
2521	-1.663215
2522	-0.767245
2523	-0.142251
2524	-2.073992
2525	-1.576907
2526	-1.434904
2527	-1.520815
2528	2.015747
2529	-2.480204
2530	0.055869
2531	-1.529251
2532	-2.667367
2533	0.667715
2534	-0.113223
2535	-2.096026
2536	1.938387
2537	0.263433
2538	0.784149
2539	0.225137
2540	-2.036186
2541	1.800622
2542	0.922467
2543	2.451808
2544	2.561030
2545	-2.003792
2546	-1.895224
2547	-1.892209
2548	-1.481457
2549	1.960162
2550	1.558600
2551	-2.967021
2552	-1.244226
2553	0.181047
2554	-1.359055
2555	1.200777
2556	-1.959569
2557	-1.212769
2558	-1.275758
2559	-2.648251
2560	-2.896055
2561	-0.963128
2562	-0.165884
2563	-2.013497
2564	-1.414399
2565	0.595461
2566	-2.382121
2567	1.765042
2568	-2.645590
2569	1.134749
2570	-2.023705
2571	1.301176
2572	-1.716229
2573	-1.633317
2574	-1.911675
2575	-1.386916
2576	0.500602
2577	-1.963522
2578	-0.721659
2579	-2.996360
2580	2.343030
2581	-1.249428
2582	-1.390344
2583	-2.579587
2584	0.376147
2585	0.988092
2586	-2.098340
2587	3.089908
2588	1.274268
2589	1.333439
2590	-2.605116
2591	-2.173348
2592	-1.205341
2593	-2.278182
2594	2.086294
2595	-2.828502
2596	-2.049981
2597	-2.422570
2598	-3.083719
2599	2.569787
2600	1.885070
2601	-1.628355
2602	-1.423924
2603	-3.016315
2604	0.773569
2605	-2.906051
2606	-2.766736
2607	0.546051
2608	-1.743947
2609	-2.753402
2610	-1.590060
2611	1.460320
2612	-2.367079
2613	-2.078956
2614	0.801170
2615	-1.329324
2616	-0.847815
2617	0.540581
2618	-1.132963
2619	2.957276
2620	-0.747244
2621	0.357735
2622	-3.187226
2623	-1.994216
2624	-1.596109
2625	-2.679899
2626	0.672170
2627	-1.242854
2628	-0.133767
2629	-2.666914
2630	1.686669
2631	-1.843698
2632	-2.347431
2633	-2.551095
2634	1.449176
2635	-0.964463
2636	0.666583
2637	-1.620926
2638	-1.804601
2639	-1.938677
2640	-2.413254
2641	-1.768638
2642	-2.318654
2643	-0.089731
2644	-0.262945
2645	-2.072675
2646	-2.140264
2647	1.495803
2648	2.053434
2649	2.763652
2650	1.476189
2651	1.887533
2652	-2.129896
2653	1.396862
2654	-2.021927
2655	2.300618
2656	0.557987
2657	-1.370441
2658	1.109053
2659	-1.457259
2660	-2.294259
2661	-2.495474
2662	-2.391569
2663	0.360120
2664	0.872625
2665	-2.923215
2666	-1.855781
2667	-1.754315
2668	1.819186
2669	-1.198052
2670	0.831731
2671	-0.190741
2672	1.514506
2673	1.629056
2674	-2.387376
2675	1.090995
2676	-0.009679
2677	-2.661906
2678	-2.308699
2679	1.423215
2680	1.058024
2681	-1.027562
2682	-2.471268
2683	0.672384
2684	1.315462
2685	0.296365
2686	2.058130
2687	-2.108951
2688	1.812334
2689	-2.006102
2690	1.070355
2691	0.424880
2692	0.120551
2693	-0.885804
2694	0.005376
2695	-2.863991
2696	-1.861409
2697	1.665996
2698	1.373071
2699	-0.193995
2700	-1.797211
2701	-1.791374
2702	-2.691428
2703	-2.203118
2704	-1.376442
2705	2.385289
2706	-1.795158
2707	-1.808590
2708	-1.831775
2709	-2.226176
2710	1.574898
2711	-2.454105
2712	-1.449229
2713	0.711916
2714	-1.105756
2715	0.682789
2716	-1.215829
2717	2.519112
2718	1.422460
2719	-1.700828
2720	-2.070225
2721	-2.024732
2722	-0.056744
2723	-1.699604
2724	-1.877875
2725	-1.186437
2726	0.020336
2727	2.054233
2728	0.506946
2729	-2.054095
2730	-1.078151
2731	0.390711
2732	0.748476
2733	-0.270783
2734	-2.330308
2735	1.489859
2736	-2.063681
2737	1.466596
2738	0.995000
2739	-1.876579
2740	-1.671979
2741	1.885401
2742	1.425190
2743	0.340944
2744	-1.706750
2745	0.640917
2746	-1.642531
2747	-1.720468
2748	-1.976158
2749	-1.386283
2750	1.896190
2751	-1.737041
2752	-2.363241
2753	1.196850
2754	-0.536171
2755	-3.619962
2756	2.265561
2757	1.742546
2758	-2.630940
2759	-1.989894
2760	1.026195
2761	-2.730320
2762	-1.431054
2763	-1.325255
2764	-1.613606
2765	0.652755
2766	0.266617
2767	2.284932
2768	0.973482
2769	1.711875
2770	-2.028346
2771	-2.338305
2772	1.080181
2773	-1.382634
2774	2.616889
2775	-0.929779
2776	-2.200168
2777	-2.591200
2778	-1.554835
2779	1.008930
2780	2.661193
2781	-1.683485
2782	0.987197
2783	-2.173596
2784	-2.174534
2785	-2.820528
2786	-2.478918
2787	-2.774147
2788	0.162890
2789	-3.030078
2790	0.800780
2791	0.184775
2792	-1.917779
2793	-1.656676
2794	-1.411576
2795	-1.743135
2796	-1.923400
2797	-2.334728
2798	-1.498440
2799	0.772248
2800	-1.675049
2801	-2.284504
2802	0.793336
2803	-2.185284
2804	0.646508
2805	1.860155
2806	2.128375
2807	1.738093
2808	1.437295
2809	-1.891913
2810	-2.876241
2811	-2.220361
2812	0.570934
2813	1.007733
2814	-2.081804
2815	0.855753
2816	-1.688297
2817	-2.303508
2818	1.615676
2819	-1.223410
2820	-1.964529
2821	1.269449
2822	-2.953866
2823	1.453896
2824	-2.106156
2825	-1.618063
2826	-1.870745
2827	1.626922
2828	-1.880227
2829	-2.681403
2830	1.664293
2831	-2.602242
2832	-1.919319
2833	0.640284
2834	2.035586
2835	0.104505
2836	-0.142255
2837	-2.386044
2838	-1.707909
2839	-0.848339
2840	1.945350
2841	-1.879874
2842	0.257987
2843	1.153874
2844	0.883597
2845	-2.558282
2846	-2.102229
2847	-1.136352
2848	0.963415
2849	-1.886851
2850	2.281506
2851	0.560535
2852	-1.122093
2853	-1.906142
2854	2.009865
2855	-2.806621
2856	0.940391
2857	-2.851075
2858	-2.251536
2859	-2.016463
2860	-2.012001
2861	-2.187672
2862	2.069727
2863	-1.770346
2864	-1.546286
2865	0.191487
2866	-1.557043
2867	-3.145848
2868	3.629858
2869	-2.106107
2870	0.570044
2871	0.132331
2872	1.365082
2873	-2.831106
2874	-2.501725
2875	-2.175890
2876	0.903075
2877	1.688633
2878	-1.178101
2879	-2.266092
2880	-2.053245
2881	2.168493
2882	3.071566
2883	-1.647590
2884	-0.120638
2885	-1.769058
2886	-1.543032
2887	2.515297
2888	0.739727
2889	1.539276
2890	0.383170
2891	-1.741426
2892	-1.198247
2893	1.929665
2894	-2.118906
2895	0.852790
2896	-1.078719
2897	2.505531
2898	-0.790367
2899	-2.437738
2900	-1.264466
2901	-2.165179
2902	-2.355850
2903	1.144356
2904	0.980231
2905	-1.180774
2906	-2.400085
2907	0.270980
2908	-0.088456
2909	0.752170
2910	0.607333
2911	0.827967
2912	-1.623714
2913	-2.111187
2914	-2.028187
2915	-2.221886
2916	1.321126
2917	1.032940
2918	-2.645753
2919	0.281021
2920	-2.039338
2921	-2.235419
2922	-0.238441
2923	-1.434517
2924	1.548278
2925	2.109454
2926	0.980270
2927	-1.608015
2928	-1.627372
2929	1.478829
2930	-2.429015
2931	-3.313235
2932	3.196993
2933	2.767269
2934	0.828173
2935	-2.768320
2936	-1.304284
2937	-2.068502
2938	-2.539787
2939	-2.193689
2940	-1.471805
2941	2.017559
2942	1.655864
2943	-1.943609
2944	-2.390386
2945	-1.129480
2946	1.219425
2947	1.076117
2948	-0.425986
2949	-1.294037
2950	-1.481408
2951	-2.466277
2952	-0.832669
2953	-1.379669
2954	-0.418360
2955	-2.183674
2956	1.119793
2957	1.186054
2958	0.621322
2959	-2.222001
2960	-1.488792
2961	0.617311
2962	-2.281467
2963	1.541007
2964	-1.681344
2965	-1.178794
2966	0.816903
2967	-0.388110
2968	-3.061602
2969	-3.025501
2970	-2.503710
2971	-2.507526
2972	-2.174740
2973	-2.308962
2974	-1.847829
2975	-3.651538
2976	-1.920601
2977	-1.976557
2978	-1.270259
2979	-2.165553
2980	-1.894700
2981	3.014240
2982	0.973836
2983	-2.417871
2984	-1.337185
2985	0.835507
2986	-2.074598
2987	0.842218
2988	-2.128380
2989	-1.989503
2990	-1.864205
2991	-1.374362
2992	0.765571
2993	-2.500127
2994	-2.187429
2995	1.849842
2996	2.635435
2997	-1.196910
2998	-2.067973
2999	-2.575458
3000	-1.492308
3001	-1.165571
3002	-1.473392
3003	-1.802667
3004	1.567674
3005	-2.372247
3006	-0.391662
3007	-1.447365
3008	-1.732707
3009	-1.513657
3010	-1.487479
3011	-0.672426
3012	1.125237
3013	-0.835862
3014	-0.327217
3015	-1.907908
3016	-1.722263
3017	-1.434928
3018	-3.151800
3019	-1.851078
3020	-2.224133
3021	0.671275
3022	1.647076
3023	-1.843279
3024	-2.126212
3025	-3.565735
3026	3.023876
3027	-1.268547
3028	2.249108
3029	-2.023621
3030	-1.703151
3031	0.714791
3032	-2.404969
3033	-1.162912
3034	-1.135312
3035	0.485134
3036	1.315394
3037	0.310803
3038	-1.704457
3039	-1.703327
3040	-2.371144
3041	0.616501
3042	-2.184882
3043	-2.224966
3044	0.509305
3045	-0.266286
3046	0.716534
3047	-0.870755
3048	0.309130
3049	-2.392887
3050	0.390546
3051	-2.151828
3052	-1.734971
3053	-2.020238
3054	-1.493039
3055	0.943448
3056	-1.994969
3057	-0.543664
3058	-3.140273
3059	-2.159209
3060	-1.661087
3061	0.836414
3062	0.297283
3063	-2.064039
3064	-1.524362
3065	-1.084573
3066	0.738436
3067	-1.879343
3068	-1.876367
3069	-1.825244
3070	-2.418169
3071	-1.403653
3072	-1.725989
3073	0.031884
3074	-1.676583
3075	0.704247
3076	1.653988
3077	-0.005456
3078	-1.956620
3079	-1.809536
3080	-2.002747
3081	-2.483354
3082	-2.004895
3083	-2.523559
3084	-1.811289
3085	0.289341
3086	1.285625
3087	-2.672264
3088	0.217150
3089	-0.024125
3090	2.589606
3091	-1.162588
3092	1.760314
3093	-1.712400
3094	0.706428
3095	2.004192
3096	-2.310679
3097	-1.505506
3098	-2.188254
3099	-1.923530
3100	-2.442923
3101	2.965359
3102	-1.808091
3103	-1.560708
3104	0.594581
3105	0.795442
3106	-1.436513
3107	1.373871
3108	-2.432992
3109	-1.269642
3110	-2.038325
3111	-1.806986
3112	1.326454
3113	-1.797056
3114	0.512517
3115	-1.213176
3116	-2.085509
3117	-2.490132
3118	-3.052616
3119	1.524909
3120	-0.085229
3121	-1.598729
3122	3.818934
3123	1.568991
3124	-2.280948
3125	1.983936
3126	1.706669
3127	1.805591
3128	-1.344358
3129	-1.542633
3130	-1.409889
3131	-0.918488
3132	-2.511058
3133	-1.716218
3134	1.288790
3135	-1.393755
3136	-1.815881
3137	-1.359234
3138	0.632089
3139	-0.886470
3140	1.568151
3141	0.939462
3142	-2.012411
3143	-2.257899
3144	1.026282
3145	-2.031803
3146	-1.398291
3147	-2.216288
3148	-2.354182
3149	0.905931
3150	-2.125557
3151	-2.582701
3152	-2.655880
3153	-1.924462
3154	0.153533
3155	-1.719923
3156	-1.579939
3157	2.698323
3158	0.436936
3159	-2.159371
3160	-2.763580
3161	-2.304040
3162	-2.374050
3163	-2.982374
3164	0.177819
3165	1.430944
3166	1.429315
3167	1.230212
3168	-2.052851
3169	-2.304832
3170	0.466857
3171	-1.608094
3172	-2.695293
3173	-1.607453
3174	3.038523
3175	1.727807
3176	-1.830447
3177	-0.778301
3178	-1.721753
3179	2.169388
3180	-1.720282
3181	-0.047206
3182	0.510801
3183	-1.343044
3184	-1.940081
3185	-2.370284
3186	-1.717086
3187	-0.028147
3188	0.902625
3189	-1.977998
3190	-2.532664
3191	-2.077048
3192	1.152340
3193	-1.962552
3194	0.393930
3195	2.770305
3196	-1.646650
3197	1.502900
3198	-1.536131
3199	1.235201
3200	-1.989490
3201	-1.944543
3202	-1.667679
3203	-1.502035
3204	-0.152180
3205	-1.815372
3206	-1.959403
3207	-1.104561
3208	-1.924096
3209	2.028150
3210	0.939041
3211	-1.920815
3212	-2.522696
3213	-2.357582
3214	-1.760866
3215	-2.247284
3216	-1.958214
3217	0.188810
3218	-3.000796
3219	-1.558404
3220	0.935312
3221	-0.354667
3222	-2.315239
3223	2.330975
3224	2.028713
3225	-0.066573
3226	3.003953
3227	0.899928
3228	-0.824217
3229	-1.489705
3230	-2.199534
3231	-2.448327
3232	0.008286
3233	0.576938
3234	-2.125877
3235	0.510270
3236	0.331917
3237	-1.702727
3238	-2.158049
3239	2.844237
3240	2.647160
3241	-2.240440
3242	-2.493737
3243	-2.051924
3244	1.637952
3245	2.544186
3246	1.788351
3247	0.587463
3248	-3.012671
3249	-2.294210
3250	-1.506807
3251	-1.476509
3252	1.775126
3253	-2.089742
3254	1.026448
3255	-2.127713
3256	0.704363
3257	-2.363897
3258	1.384683
3259	-2.223744
3260	1.677459
3261	0.683980
3262	0.832928
3263	-2.188949
3264	1.924669
3265	-0.372881
3266	-1.914790
3267	1.944527
3268	-0.953190
3269	-1.492650
3270	1.926808
3271	-1.230111
3272	0.913430
3273	-2.531401
3274	1.193424
3275	-2.793122
3276	-1.793989
3277	-2.053813
3278	-2.009253
3279	-2.353467
3280	0.823694
3281	-1.976314
3282	2.057762
3283	-2.313391
3284	-2.847092
3285	-2.326303
3286	-2.158318
3287	-2.404547
3288	-0.679114
3289	-1.633693
3290	-1.319708
3291	2.052395
3292	1.857198
3293	-1.282919
3294	-1.761327
3295	-2.071394
3296	0.523297
3297	1.490528
3298	-2.665766
3299	-0.168070
3300	-0.010152
3301	1.524812
3302	-2.498864
3303	-2.521318
3304	0.588445
3305	-0.949613
3306	-0.343617
3307	0.037227
3308	-1.968684
3309	-2.017895
3310	1.611488
3311	0.354807
3312	-1.744595
3313	-1.476887
3314	1.245395
3315	-2.645195
3316	-1.836115
3317	-2.042312
3318	-2.161879
3319	0.802007
3320	-1.190015
3321	-2.774032
3322	0.121189
3323	-2.333605
3324	-2.695865
3325	0.164988
3326	0.461577
3327	-1.456649
3328	-1.672821
3329	0.799802
3330	-0.222646
3331	-1.262934
3332	-0.947814
3333	-2.085789
3334	-1.236271
3335	-2.484210
3336	-1.600671
3337	1.489071
3338	-2.264306
3339	-0.853138
3340	-2.512837
3341	2.090266
3342	-1.532618
3343	-2.194854
3344	-1.984050
3345	2.929516
3346	1.702437
3347	0.794655
3348	-2.372509
3349	1.858790
3350	-1.870113
3351	-2.024987
3352	-1.810497
3353	-2.198223
3354	2.395165
3355	0.331326
3356	-2.836450
3357	-1.560867
3358	-1.089817
3359	-0.839223
3360	-2.115191
3361	-2.815873
3362	-1.650990
3363	-2.451137
3364	-2.155374
3365	-2.006513
3366	-2.141630
3367	-1.434557
3368	2.112270
3369	0.232058
3370	1.354794
3371	0.154887
3372	-1.684720
3373	-2.098298
3374	2.059052
3375	-1.960016
3376	-1.485706
3377	-2.449508
3378	-2.256413
3379	1.718209
3380	0.026543
3381	-2.240122
3382	-2.000936
3383	1.135393
3384	-2.187781
3385	0.358260
3386	1.214247
3387	0.350320
3388	-1.780394
3389	-2.002145
3390	0.822083
3391	-2.294247
3392	1.384019
3393	-2.775732
3394	-2.109002
3395	0.844342
3396	0.379734
3397	1.372279
3398	0.298276
3399	-2.142703
3400	-1.798270
3401	-1.255445
3402	0.027286
3403	-2.644532
3404	-1.231571
3405	0.617161
3406	-0.309575
3407	-1.956069
3408	0.422454
3409	1.939977
3410	-2.363039
3411	-2.102186
3412	-1.928368
3413	-0.391789
3414	-1.611564
3415	-2.159452
3416	-1.711788
3417	0.913416
3418	-0.052927
3419	-0.010314
3420	-2.887954
3421	0.605371
3422	-2.065898
3423	-2.019019
3424	2.284495
3425	-2.427382
3426	1.096893
3427	1.485200
3428	-2.115528
3429	2.952741
3430	1.923321
3431	0.724262
3432	-2.301283
3433	-1.274801
3434	1.538294
3435	-1.854975
3436	1.642087
3437	0.290782
3438	-0.345790
3439	-0.896684
3440	-2.486042
3441	0.836411
3442	-2.807273
3443	1.705700
3444	-2.367691
3445	-1.477928
3446	2.091166
3447	-1.861621
3448	-2.754661
3449	-1.211830
3450	0.268201
3451	1.131105
3452	-3.318737
3453	-0.510711
3454	0.122159
3455	0.404317
3456	-2.731433
3457	-1.304829
3458	-2.652816
3459	-1.641286
3460	-2.225236
3461	-1.330811
3462	3.321905
3463	0.706809
3464	-1.306414
3465	-1.436458
3466	-1.843898
3467	0.559629
3468	-1.495565
3469	-1.106516
3470	-2.209299
3471	2.182286
3472	-2.410198
3473	-1.432760
3474	-1.891649
3475	0.129180
3476	0.611952
3477	1.678489
3478	1.338888
3479	-2.460791
3480	-1.996933
3481	3.176298
3482	1.355664
3483	-2.000021
3484	1.320092
3485	0.262187
3486	2.809553
3487	-1.867638
3488	-0.946615
3489	-2.123922
3490	-0.953653
3491	-1.636114
3492	1.824324
3493	1.678043
3494	-1.977762
3495	-1.252875
3496	-1.964494
3497	-1.840117
3498	1.593939
3499	-1.139972
3500	-2.176959
3501	-2.399269
3502	-2.607181
3503	1.130983
3504	0.235848
3505	-1.895371
3506	-1.671743
3507	-1.800624
3508	-0.069278
3509	-1.665611
3510	-2.069048
3511	-2.490648
3512	-2.075971
3513	-1.356168
3514	0.110490
3515	1.516022
3516	1.547024
3517	0.453695
3518	-1.269316
3519	-1.462144
3520	-2.296847
3521	-1.767555
3522	-2.646323
3523	0.950018
3524	0.896690
3525	1.946542
3526	-2.675081
3527	-0.532538
3528	2.279289
3529	-2.480708
3530	1.079700
3531	0.624468
3532	2.086522
3533	-1.346138
3534	2.347205
3535	0.569045
3536	-1.512527
3537	2.605464
3538	2.249345
3539	2.477880
3540	-1.396250
3541	0.406548
3542	-0.023135
3543	-1.281797
3544	-1.984599
3545	-0.548225
3546	2.009732
3547	-1.958036
3548	-1.824222
3549	1.099876
3550	-1.869695
3551	-1.947323
3552	-1.559094
3553	-2.217617
3554	-2.682918
3555	2.380065
3556	0.760902
3557	1.644360
3558	1.317106
3559	-1.764463
3560	0.199159
3561	-1.971262
3562	-2.389841
3563	0.430542
3564	0.410690
3565	-1.393360
3566	-0.178091
3567	-2.563418
3568	-2.019405
3569	1.706082
3570	-0.920932
3571	1.454187
3572	2.196790
3573	-0.305804
3574	-1.805714
3575	-1.609346
3576	-2.062411
3577	-1.445905
3578	0.685903
3579	-1.581635
3580	-1.925060
3581	-2.009776
3582	-2.401111
3583	-2.637961
3584	1.668054
3585	-1.643370
3586	0.408547
3587	0.535164
3588	1.900503
3589	1.176727
3590	-2.029146
3591	-0.476117
3592	-1.804926
3593	3.131248
3594	-1.721136
3595	0.615974
3596	1.951036
3597	-2.636339
3598	-2.142681
3599	-1.897085
3600	2.323478
3601	1.055323
3602	1.572314
3603	-2.253961
3604	1.640462
3605	-2.742025
3606	-1.040430
3607	0.936915
3608	-2.970416
3609	-2.718142
3610	-1.694710
3611	1.649443
3612	-1.831881
3613	-0.457250
3614	-1.362675
3615	-1.095022
3616	-2.434293
3617	-2.148867
3618	-2.927895
3619	-2.394945
3620	0.949570
3621	-1.631891
3622	0.885448
3623	2.217362
3624	0.847872
3625	-1.911157
3626	-2.348201
3627	-2.402489
3628	-2.032446
3629	2.067211
3630	-1.748002
3631	-2.350904
3632	1.079815
3633	-1.850103
3634	-0.269074
3635	-1.806367
3636	1.160409
3637	-2.338560
3638	-2.845317
3639	-1.979705
3640	-1.261698
3641	-1.105436
3642	1.336966
3643	1.682155
3644	-1.974263
3645	-2.173086
3646	-1.981718
3647	-1.958186
3648	1.379751
3649	-2.790857
3650	-1.891483
3651	-1.621219
3652	1.551629
3653	2.180917
3654	-0.319346
3655	-2.519961
3656	1.412143
3657	1.837838
3658	0.294429
3659	0.712127
3660	2.402527
3661	-1.538203
3662	2.475525
3663	-2.159902
3664	-2.058626
3665	0.937635
3666	-0.541273
3667	-1.746587
3668	-1.676876
3669	-0.495802
3670	-0.611262
3671	-2.049365
3672	2.617493
3673	-2.234138
3674	1.892657
3675	-2.110703
3676	-1.449085
3677	0.006178
3678	0.943757
3679	1.839721
3680	1.239580
3681	-2.035105
3682	-0.574065
3683	1.136559
3684	-2.390062
3685	-1.864701
3686	-2.309405
3687	-2.204177
3688	-1.417478
3689	-0.194526
3690	-0.898202
3691	-0.040756
3692	-2.859281
3693	-1.651082
3694	-1.440573
3695	-2.463540
3696	1.433373
3697	0.658803
3698	1.206565
3699	-1.506267
3700	-2.469595
3701	-1.512556
3702	-0.715835
3703	-0.923653
3704	0.237907
3705	-2.572015
3706	-0.822828
3707	2.283336
3708	3.156468
3709	-1.451439
3710	-2.097763
3711	1.069917
3712	0.475362
3713	0.648610
3714	-1.993566
3715	-2.096562
3716	-2.560546
3717	-1.763547
3718	0.812873
3719	1.130764
3720	-2.436798
3721	0.129679
3722	-1.977126
3723	-1.381177
3724	-2.415296
3725	0.712547
3726	-2.225647
3727	-2.494657
3728	0.189135
3729	-2.101809
3730	-2.080480
3731	0.007542
3732	-1.998083
3733	-2.072039
3734	-1.399959
3735	2.075635
3736	-1.311828
3737	-3.026159
3738	0.998154
3739	1.324944
3740	-0.013560
3741	-2.474330
3742	1.012412
3743	-2.122453
3744	-2.158638
3745	-2.200650
3746	-2.229546
3747	-2.678850
3748	-0.376555
3749	0.740572
3750	-1.886093
3751	-1.944631
3752	1.306553
3753	-2.002141
3754	-2.013721
3755	1.438595
3756	0.337137
3757	-2.942263
3758	-2.684596
3759	0.774074
3760	-2.093370
3761	-2.184755
3762	1.822053
3763	1.891981
3764	-1.867629
3765	-0.336383
3766	-2.106357
3767	-0.606342
3768	-2.276005
3769	-2.061887
3770	-2.219912
3771	0.195401
3772	-1.761558
3773	3.528949
3774	-1.291817
3775	-2.245498
3776	-0.989517
3777	0.932361
3778	1.103136
3779	-1.769221
3780	-1.103664
3781	-2.543625
3782	-1.515912
3783	-2.811977
3784	-1.294200
3785	-1.253366
3786	-1.953691
3787	1.016707
3788	-1.549739
3789	-2.307914
3790	0.188115
3791	-2.667741
3792	0.434889
3793	-0.783546
3794	-2.291703
3795	1.392225
3796	0.622988
3797	-1.874954
3798	-2.807735
3799	-0.463811
3800	-2.373809
3801	-1.832232
3802	-0.797736
3803	1.210792
3804	-2.565598
3805	-1.285823
3806	2.636372
3807	0.672408
3808	3.027882
3809	-0.062921
3810	-2.189406
3811	0.385128
3812	1.679954
3813	1.625782
3814	-2.401275
3815	-1.752287
3816	1.325201
3817	1.369251
3818	-1.364452
3819	-2.143268
3820	-1.867697
3821	-1.682007
3822	-2.080120
3823	1.170564
3824	-1.700146
3825	-0.666064
3826	-1.569875
3827	2.667139
3828	-0.255740
3829	1.903243
3830	-0.380145
3831	-1.589268
3832	-2.042826
3833	1.340693
3834	-2.675659
3835	0.954437
3836	-2.885752
3837	-0.046754
3838	-1.739420
3839	-1.744351
3840	0.770840
3841	-2.866054
3842	-2.761164
3843	0.494246
3844	-0.309379
3845	1.155448
3846	0.928513
3847	-1.007138
3848	-2.693692
3849	0.257680
3850	-1.957412
3851	0.003425
3852	-1.781769
3853	-2.192070
3854	-2.425352
3855	-2.046853
3856	-2.194107
3857	-2.286964
3858	0.918914
3859	-0.535033
3860	1.236593
3861	1.804167
3862	1.084480
3863	0.090149
3864	1.815378
3865	0.734168
3866	-2.336412
3867	-1.007486
3868	-1.776083
3869	-1.544373
3870	1.244079
3871	2.445801
3872	1.873375
3873	-2.436260
3874	1.253012
3875	3.414918
3876	-2.187222
3877	1.716132
3878	-1.482626
3879	0.444823
3880	-2.398296
3881	-1.785811
3882	-1.607126
3883	-2.448330
3884	-2.151713
3885	-2.572096
3886	-1.460093
3887	2.379853
3888	1.009868
3889	-1.894054
3890	-2.177619
3891	-1.902173
3892	0.033794
3893	-2.969681
3894	-3.231935
3895	-2.101214
3896	0.356773
3897	-1.906539
3898	-2.070356
3899	-2.021886
3900	0.348906
3901	-2.654328
3902	-0.346966
3903	-2.706839
3904	1.489332
3905	-2.141620
3906	0.090554
3907	-2.550663
3908	-1.559507
3909	-2.201340
3910	-1.422020
3911	0.137242
3912	0.963390
3913	-2.731159
3914	-2.766113
3915	-2.311563
3916	-2.406363
3917	-1.149823
3918	1.449042
3919	0.673601
3920	-0.227845
3921	2.754483
3922	0.003116
3923	-2.148045
3924	1.601228
3925	-0.045930
3926	-1.518952
3927	-2.474504
3928	0.753985
3929	-0.001113
3930	-1.271127
3931	-1.667839
3932	1.186940
3933	0.030207
3934	-2.071713
3935	-2.035396
3936	-2.061824
3937	-0.034547
3938	-1.742461
3939	0.949896
3940	1.015980
3941	-2.176444
3942	-1.306026
3943	-2.855670
3944	-1.755527
3945	-1.565717
3946	-2.211039
3947	-2.023647
3948	0.664883
3949	-1.966476
3950	-1.958782
3951	-2.503905
3952	-2.283233
3953	-2.352151
3954	-1.194791
3955	1.117226
3956	-3.589544
3957	-1.326209
3958	-1.572176
3959	-1.401806
3960	-2.916061
3961	0.220932
3962	-1.640065
3963	-1.968217
3964	0.477587
3965	1.958420
3966	0.848789
3967	-2.208132
3968	-2.989279
3969	1.772167
3970	-1.268027
3971	0.538578
3972	-1.262491
3973	0.303440
3974	0.623834
3975	-2.230322
3976	-1.615148
3977	1.336968
3978	0.973134
3979	-2.021085
3980	-2.349160
3981	1.789003
3982	-0.115606
3983	-2.162317
3984	-2.212493
3985	2.066963
3986	-2.562312
3987	0.752896
3988	-2.277805
3989	-2.477609
3990	0.341772
3991	-2.721692
3992	-2.965117
3993	-2.705203
3994	-0.592425
3995	0.823071
3996	2.685420
3997	-2.466296
3998	-1.981760
3999	0.886140
4000	-1.755479
4001	-1.809901
4002	-1.765705
4003	-1.544987
4004	-1.952418
4005	-1.790306
4006	-1.688442
4007	-1.418315
4008	-2.656397
4009	-1.926268
4010	1.243240
4011	-2.777074
4012	-1.860735
4013	1.080156
4014	-2.320942
4015	-1.514089
4016	-2.253267
4017	-3.067641
4018	-3.085823
4019	-2.209252
4020	-1.784914
4021	1.221358
4022	-1.480382
4023	-0.332564
4024	0.387852
4025	-1.205759
4026	-2.495009
4027	1.793119
4028	-2.366815
4029	-2.398551
4030	1.423411
4031	-1.890234
4032	-2.952834
4033	0.754043
4034	-0.688278
4035	0.180169
4036	1.990651
4037	-2.227323
4038	-1.537724
4039	1.355678
4040	-2.112386
4041	-1.204529
4042	-1.826661
4043	-2.312312
4044	-2.288324
4045	-2.673328
4046	-1.786417
4047	-2.373123
4048	-2.263523
4049	-1.531256
4050	-1.868264
4051	-2.227839
4052	-1.742936
4053	0.760778
4054	0.830636
4055	-1.837271
4056	0.806612
4057	-1.528812
4058	-2.185510
4059	-1.669939
4060	0.990053
4061	-2.203179
4062	2.179291
4063	1.348805
4064	-2.494323
4065	-2.677900
4066	-1.976861
4067	-2.471189
4068	-2.006848
4069	2.220103
4070	0.965560
4071	0.701661
4072	-2.505975
4073	1.154038
4074	1.215053
4075	-2.029412
4076	0.159336
4077	-0.926841
4078	-2.643183
4079	-2.564645
4080	1.109118
4081	0.572503
4082	0.462009
4083	-1.824817
4084	-1.328723
4085	-1.861707
4086	1.980879
4087	-1.908623
4088	-1.861281
4089	-2.508947
4090	-1.709618
4091	-0.723095
4092	0.912921
4093	2.094710
4094	2.817581
4095	0.474620
4096	-2.296093
4097	0.728064
4098	-1.049846
4099	0.732197
4100	-1.563932
4101	0.669277
4102	-1.726922
4103	-1.887727
4104	-2.363819
4105	1.222335
4106	-2.632333
4107	1.082181
4108	2.028921
4109	1.930908
4110	-1.514340
4111	-2.028762
4112	0.602514
4113	-2.076793
4114	1.923443
4115	-2.052674
4116	0.421823
4117	1.301696
4118	-2.453992
4119	-1.721546
4120	-2.102347
4121	-2.567086
4122	1.010250
4123	-1.665370
4124	-1.733852
4125	0.152318
4126	-1.222185
4127	-1.858869
4128	0.211478
4129	-0.919376
4130	-1.948528
4131	-2.141944
4132	-1.310643
4133	0.358657
4134	1.037844
4135	-1.617056
4136	-2.089750
4137	-1.531000
4138	-2.673192
4139	-1.442135
4140	-2.301821
4141	-1.661735
4142	0.323109
4143	1.395571
4144	-0.742550
4145	-2.164287
4146	-1.724896
4147	1.742293
4148	-2.862991
4149	-2.231740
4150	-1.900814
4151	-2.192883
4152	-1.786762
4153	-1.882466
4154	-1.886967
4155	0.887735
4156	3.069356
4157	1.386985
4158	-2.688699
4159	-2.290829
4160	1.610675
4161	-1.613882
4162	-2.274641
4163	2.075978
4164	-2.021624
4165	-0.524064
4166	-1.818523
4167	-1.817527
4168	-2.201028
4169	-1.716739
4170	1.328184
4171	-2.100616
4172	-1.610290
4173	0.886763
4174	-2.473232
4175	-2.662765
4176	1.379696
4177	-1.021145
4178	0.314873
4179	0.555068
4180	-1.965942
4181	-0.547113
4182	-1.800695
4183	-3.106612
4184	-2.298029
4185	0.800273
4186	-2.755180
4187	0.359016
4188	-1.857823
4189	-2.200520
4190	0.033354
4191	2.283695
4192	-2.138147
4193	-1.898947
4194	-1.301082
4195	1.226434
4196	0.739231
4197	-0.479793
4198	-2.420789
4199	-1.470927
4200	-2.050370
4201	1.287688
4202	-1.846407
4203	-2.112342
4204	-2.179495
4205	1.594062
4206	1.493121
4207	2.819630
4208	-2.344163
4209	-1.692051
4210	-0.272337
4211	-3.037139
4212	-2.437103
4213	-2.441845
4214	1.097596
4215	-2.172330
4216	-1.773475
4217	1.055913
4218	-2.310483
4219	-2.427283
4220	-1.447160
4221	-1.989774
4222	2.366284
4223	-2.015562
4224	-1.660038
4225	1.617469
4226	-1.863794
4227	0.221759
4228	-1.843145
4229	-2.211251
4230	2.713617
4231	1.302986
4232	0.818982
4233	-1.592283
4234	-1.408924
4235	-1.311226
4236	-1.735906
4237	2.058422
4238	-1.828970
4239	-0.413387
4240	-2.208926
4241	-2.238024
4242	2.513708
4243	-1.582068
4244	-1.551958
4245	-2.526758
4246	1.174471
4247	-1.156949
4248	-2.276092
4249	-2.602983
4250	-1.033659
4251	-1.811083
4252	-1.859084
4253	-2.548623
4254	-0.873572
4255	-1.116591
4256	1.118003
4257	-0.969762
4258	1.969464
4259	1.526765
4260	-1.984413
4261	-1.757260
4262	-1.315621
4263	1.822451
4264	-0.874986
4265	-1.289328
4266	1.146777
4267	2.204356
4268	1.087364
4269	1.268470
4270	-2.064357
4271	-2.281111
4272	0.709027
4273	-0.868470
4274	1.387134
4275	2.548132
4276	3.107157
4277	-2.836560
4278	-3.124132
4279	-1.726789
4280	-2.609797
4281	-1.947814
4282	1.409511
4283	-2.251323
4284	-0.621089
4285	-2.634551
4286	-2.047611
4287	-1.655414
4288	-2.187114
4289	1.279487
4290	-2.733950
4291	2.287114
4292	-2.969374
4293	-2.701983
4294	1.287952
4295	-2.012439
4296	-3.037345
4297	-2.366942
4298	1.699564
4299	-1.725216
4300	3.175895
4301	-1.763260
4302	0.456835
4303	-1.437584
4304	1.734554
4305	-1.899170
4306	-1.564112
4307	0.946063
4308	0.839342
4309	0.352937
4310	0.746698
4311	0.406848
4312	1.399606
4313	-2.301025
4314	-0.975370
4315	-0.438094
4316	-1.832851
4317	0.292231
4318	-2.475586
4319	-0.223791
4320	0.942492
4321	2.314073
4322	-2.186460
4323	-1.745362
4324	-2.154166
4325	-1.880757
4326	-1.688360
4327	1.308729
4328	-2.140435
4329	-1.979596
4330	-1.862806
4331	-2.515606
4332	-1.465062
4333	1.340803
4334	-0.126192
4335	-1.816441
4336	0.207845
4337	-2.769588
4338	0.742609
4339	-0.736291
4340	-1.184054
4341	1.044525
4342	-0.751813
4343	1.776095
4344	-1.284269
4345	-2.168666
4346	-0.773993
4347	-1.632717
4348	1.403275
4349	1.084138
4350	-2.247610
4351	-2.049277
4352	-2.141504
4353	0.181032
4354	0.728498
4355	2.305738
4356	-2.340345
4357	-2.990026
4358	-1.620698
4359	1.686342
4360	-2.648415
4361	0.499735
4362	-0.536427
4363	-1.655799
4364	-0.743316
4365	-2.354113
4366	2.385555
4367	-1.297020
4368	2.150220
4369	0.751622
4370	-2.122865
4371	-2.416062
4372	-1.677566
4373	-1.473311
4374	1.305097
4375	-1.288125
4376	1.405810
4377	0.057478
4378	0.741559
4379	-2.543061
4380	0.681168
4381	1.267338
4382	-1.864290
4383	-1.751456
4384	-2.253217
4385	1.239963
4386	-0.745788
4387	1.442189
4388	-2.376502
4389	-1.244956
4390	-1.657073
4391	0.572307
4392	-1.656689
4393	1.123292
4394	0.944115
4395	-2.395364
4396	1.971460
4397	2.047753
4398	0.687148
4399	-2.011620
4400	1.633832
4401	1.248913
4402	2.699161
4403	0.107041
4404	1.804986
4405	-3.046686
4406	-1.293333
4407	1.503119
4408	3.545874
4409	1.248094
4410	0.151709
4411	1.461230
4412	-2.002628
4413	0.875710
4414	-0.257189
4415	-2.137276
4416	-0.770629
4417	-2.856877
4418	-1.940502
4419	-2.456045
4420	-1.998572
4421	-2.583341
4422	-0.163105
4423	-2.061016
4424	-1.602258
4425	0.236615
4426	-1.785800
4427	-1.293728
4428	-2.069580
4429	-1.830653
4430	-2.007815
4431	2.050064
4432	-1.998833
4433	0.587162
4434	-2.394323
4435	-1.750238
4436	-1.952825
4437	-1.748531
4438	-1.541011
4439	-1.860698
4440	1.130636
4441	0.500074
4442	-2.109772
4443	-1.530514
4444	1.294747
4445	0.655759
4446	1.296887
4447	-1.477461
4448	-2.368387
4449	-1.605189
4450	-2.300345
4451	1.065842
4452	-2.999508
4453	-1.839988
4454	1.447715
4455	-3.065469
4456	0.672833
4457	1.694244
4458	-1.922027
4459	0.883971
4460	0.827473
4461	1.077173
4462	-1.739987
4463	1.724927
4464	1.625740
4465	-1.854702
4466	-1.645346
4467	2.922665
4468	-2.196202
4469	-2.612450
4470	-2.611622
4471	-2.670654
4472	-1.493002
4473	0.461352
4474	1.033961
4475	2.519228
4476	-0.457341
4477	-1.504148
4478	-2.620564
4479	-2.496268
4480	-2.047126
4481	2.058579
4482	-2.201047
4483	-1.844319
4484	1.907082
4485	-1.698905
4486	1.404984
4487	-0.480634
4488	-1.418270
4489	-2.353536
4490	0.137266
4491	-1.422510
4492	-0.171529
4493	-1.515654
4494	-2.195100
4495	-2.776885
4496	-0.930432
4497	-2.016848
4498	-0.142213
4499	-1.112333
4500	-2.230474
4501	0.132801
4502	0.882186
4503	-1.360616
4504	1.136962
4505	-1.586802
4506	-1.956154
4507	1.998749
4508	0.931271
4509	0.422222
4510	-1.053784
4511	1.826496
4512	-2.479959
4513	-2.318709
4514	0.959395
4515	-2.970816
4516	0.640595
4517	-2.354531
4518	-3.929799
4519	-2.568119
4520	-1.427500
4521	0.812377
4522	-1.724321
4523	-2.380297
4524	1.503579
4525	-0.734141
4526	1.014170
4527	1.043502
4528	-0.039782
4529	-1.912517
4530	-2.381509
4531	-2.623230
4532	0.245440
4533	-3.118109
4534	1.559900
4535	-2.275532
4536	0.396449
4537	-2.277843
4538	2.096011
4539	0.734269
4540	-1.387670
4541	1.996431
4542	-2.056697
4543	-2.843860
4544	-2.752771
4545	-1.405005
4546	2.499616
4547	-1.645438
4548	-1.595344
4549	-2.896566
4550	-1.907300
4551	-2.070825
4552	-2.254816
4553	-1.689829
4554	1.849255
4555	-1.599210
4556	-3.502597
4557	-2.621241
4558	0.653245
4559	0.527677
4560	-1.461023
4561	0.516016
4562	0.381700
4563	-2.198272
4564	-1.855650
4565	-1.742572
4566	1.889019
4567	-2.107363
4568	1.349084
4569	0.833157
4570	-1.448261
4571	-1.997382
4572	-2.239828
4573	1.490127
4574	-1.497110
4575	-2.536958
4576	-2.406000
4577	2.001823
4578	-1.739632
4579	-1.698645
4580	2.186428
4581	-0.526598
4582	1.199953
4583	0.845903
4584	-2.712850
4585	-1.928470
4586	-0.671274
4587	-1.377804
4588	0.795526
4589	-2.450983
4590	-2.426987
4591	-2.282131
4592	-1.810880
4593	-2.778724
4594	0.730081
4595	1.277816
4596	-2.811833
4597	1.213787
4598	1.581892
4599	-2.478135
4600	-2.483670
4601	-0.879526
4602	-2.310833
4603	-1.741667
4604	-2.593400
4605	1.198567
4606	-1.883629
4607	-1.262903
4608	-2.670189
4609	-1.096655
4610	-2.190399
4611	-2.469221
4612	-0.992376
4613	-1.443483
4614	0.117834
4615	-0.952014
4616	-2.650593
4617	-1.278976
4618	1.259815
4619	-2.239528
4620	-1.538917
4621	-2.329891
4622	1.195766
4623	-1.378546
4624	0.121917
4625	-2.701956
4626	1.526197
4627	-1.243394
4628	-2.089700
4629	-2.248680
4630	-2.107744
4631	0.904822
4632	-0.434348
4633	-1.773139
4634	0.064612
4635	-1.661137
4636	1.836874
4637	-2.257480
4638	-1.894541
4639	-2.144905
4640	-2.571861
4641	-2.150105
4642	1.233506
4643	0.114852
4644	0.560763
4645	1.903609
4646	-2.090515
4647	1.814956
4648	-2.679145
4649	-2.149251
4650	1.116290
4651	-1.690755
4652	-0.209385
4653	-1.280376
4654	-1.981684
4655	0.103437
4656	-3.364839
4657	0.820717
4658	-2.433068
4659	2.786457
4660	-2.809600
4661	1.707911
4662	-2.336116
4663	-0.015408
4664	-2.072245
4665	2.063949
4666	-2.935632
4667	-0.668487
4668	-1.732523
4669	1.061628
4670	-1.817167
4671	-2.337760
4672	1.449802
4673	-2.292198
4674	-1.608125
4675	-1.510357
4676	0.674618
4677	-1.570973
4678	1.331891
4679	0.605042
4680	-2.099344
4681	1.707551
4682	-1.829550
4683	-1.952033
4684	1.144082
4685	0.554882
4686	1.795052
4687	-1.883923
4688	-1.678480
4689	-0.510072
4690	1.622351
4691	-2.875484
4692	-1.628365
4693	0.844301
4694	-1.717776
4695	2.109430
4696	-1.162458
4697	-2.084794
4698	-1.560754
4699	2.300569
4700	1.804114
4701	-2.100791
4702	-1.671482
4703	0.620356
4704	-1.721215
4705	-2.634326
4706	0.465905
4707	1.968838
4708	-2.193534
4709	-1.240196
4710	-1.827931
4711	-1.156742
4712	-2.286832
4713	-2.614086
4714	-0.019182
4715	2.232975
4716	0.657384
4717	1.813170
4718	-2.208510
4719	-1.689246
4720	-1.470653
4721	-0.782965
4722	-2.947811
4723	-2.414022
4724	0.417449
4725	0.281229
4726	-1.171409
4727	-2.608906
4728	1.349306
4729	0.599874
4730	1.111112
4731	-2.282124
4732	1.595832
4733	-1.228278
4734	-1.483418
4735	0.900466
4736	-2.247342
4737	1.692901
4738	-1.821389
4739	1.526227
4740	1.917727
4741	-1.949367
4742	1.543648
4743	-1.601919
4744	-1.389672
4745	-2.465178
4746	1.143355
4747	1.603845
4748	-0.287056
4749	0.316121
4750	-1.536761
4751	1.424103
4752	-0.165520
4753	-1.070973
4754	-2.262448
4755	-0.138941
4756	-1.767743
4757	-0.954348
4758	0.819658
4759	-2.176243
4760	0.681068
4761	-0.469623
4762	-2.095053
4763	0.814869
4764	-1.847582
4765	4.326856
4766	-1.958496
4767	-1.633049
4768	-1.322531
4769	-0.286568
4770	-2.180996
4771	-1.842859
4772	0.430063
4773	-1.850564
4774	0.347590
4775	-2.428168
4776	0.598099
4777	1.535739
4778	-1.906886
4779	-2.079797
4780	0.000655
4781	0.838195
4782	-0.375393
4783	1.696008
4784	-1.449509
4785	-2.382252
4786	-2.008571
4787	-1.613653
4788	-2.168424
4789	-2.172047
4790	0.924011
4791	-2.445865
4792	0.885578
4793	-3.262168
4794	-1.882332
4795	-0.062033
4796	0.137590
4797	0.058317
4798	1.470302
4799	-2.014909
4800	-2.465456
4801	-2.554012
4802	0.445975
4803	0.614454
4804	-2.687689
4805	-0.888449
4806	-2.329166
4807	-2.776623
4808	1.894877
4809	0.171174
4810	0.994272
4811	-1.834124
4812	1.649826
4813	2.054737
4814	-0.249564
4815	0.635011
4816	-0.087690
4817	-2.608422
4818	0.015084
4819	-1.666798
4820	0.677579
4821	-0.551927
4822	-2.938601
4823	-1.799296
4824	-1.533676
4825	1.092989
4826	-1.813619
4827	0.362196
4828	1.074156
4829	-2.033513
4830	-1.383099
4831	1.964656
4832	1.938864
4833	1.772885
4834	-1.101539
4835	-1.831736
4836	1.374748
4837	1.025109
4838	-0.080553
4839	-1.723079
4840	-2.127357
4841	-0.845172
4842	-2.296151
4843	-1.447013
4844	-1.247493
4845	2.679340
4846	1.564105
4847	-3.150257
4848	3.055410
4849	1.469987
4850	-3.213285
4851	-1.479083
4852	-2.010665
4853	1.167571
4854	-2.142711
4855	1.325418
4856	-1.975098
4857	-2.950679
4858	-2.435450
4859	1.486730
4860	-1.729673
4861	1.236076
4862	-0.200680
4863	-1.368409
4864	2.222517
4865	0.472265
4866	0.248176
4867	-1.874093
4868	-2.117082
4869	-2.229762
4870	-1.680919
4871	1.018395
4872	0.259134
4873	1.174936
4874	-1.793338
4875	1.307759
4876	1.311999
4877	-1.307220
4878	-2.426112
4879	-2.087162
4880	-1.921205
4881	-0.598088
4882	-1.121555
4883	0.461856
4884	-1.690924
4885	-2.300009
4886	-2.026827
4887	2.292486
4888	0.895286
4889	1.287482
4890	-0.686240
4891	-1.728336
4892	-0.093860
4893	-2.112493
4894	-2.242122
4895	0.798390
4896	-1.384792
4897	0.831443
4898	-2.128432
4899	-2.228894
4900	1.047271
4901	-1.243327
4902	0.960258
4903	-1.864623
4904	2.189950
4905	1.397916
4906	1.780087
4907	-2.067557
4908	-1.586982
4909	-1.859506
4910	2.773577
4911	1.551178
4912	3.359909
4913	-0.622245
4914	-1.858844
4915	-2.004894
4916	-1.111742
4917	1.344018
4918	1.301337
4919	-2.220221
4920	-2.275100
4921	-0.162188
4922	-1.848863
4923	-1.883431
4924	-2.432715
4925	-1.928314
4926	-2.182096
4927	-1.749807
4928	-1.898560
4929	-3.199761
4930	-1.895323
4931	-1.132529
4932	-2.397056
4933	1.730415
4934	-2.195252
4935	2.022957
4936	-1.336626
4937	0.390996
4938	0.230998
4939	-3.022819
4940	-1.958416
4941	-3.033925
4942	2.063382
4943	-1.683411
4944	-1.999670
4945	-1.239592
4946	-1.575872
4947	1.185635
4948	-2.310603
4949	-1.785048
4950	-2.032299
4951	-2.011271
4952	-1.697471
4953	-1.621353
4954	-1.619716
4955	1.268564
4956	-2.007610
4957	-1.982087
4958	-1.463097
4959	-2.596992
4960	1.702265
4961	-2.688225
4962	-1.466578
4963	-2.907458
4964	-1.407858
4965	2.308685
4966	0.542848
4967	-2.261537
4968	0.427966
4969	-1.708827
4970	-0.649354
4971	0.989853
4972	-2.276935
4973	-1.611855
4974	-2.236545
4975	1.113387
4976	-2.074026
4977	2.606918
4978	-1.600387
4979	-1.481511
4980	1.531869
4981	-2.298472
4982	2.695308
4983	1.919362
4984	-1.245138
4985	-2.056954
4986	2.263769
4987	-2.556537
4988	-2.485804
4989	1.991100
4990	-2.563758
4991	-1.836406
4992	3.366192
4993	3.150755
4994	-1.795890
4995	-2.059947
4996	-1.725751
4997	-1.111217
4998	-1.715345
4999	-1.955155
