0	2.020832
1	1.448909
2	0.801956
3	-0.316685
4	0.017900
5	-1.752186
6	2.190949
7	1.693473
8	2.005080
9	-2.457871
10	-1.383393
11	-2.355333
12	1.246084
13	1.833818
14	-1.990520
15	-2.141145
16	-0.900377
17	-1.789070
18	-2.128501
19	-1.919001
20	-1.886948
21	-1.612987
22	1.408767
23	2.395257
24	3.564397
25	-1.817424
26	-2.287067
27	-0.018143
28	-2.064407
29	-1.986015
30	-1.229952
31	2.495536
32	-2.362371
33	0.653003
34	-2.368443
35	1.403877
36	1.443186
37	-0.082222
38	1.043032
39	-1.920922
40	0.760958
41	0.378313
42	-2.147171
43	1.023593
44	0.515518
45	-1.820863
46	-1.594151
47	-2.833141
48	1.386301
49	1.148283
50	1.097845
51	-1.389301
52	-2.752613
53	0.625486
54	1.589936
55	0.527291
56	-2.423377
57	0.945783
58	-1.666236
59	0.910216
60	-2.419416
61	-2.108092
62	-2.750414
63	-2.152363
64	-1.559783
65	0.368134
66	-1.261041
67	2.341237
68	-1.993496
69	-2.080826
70	-0.080096
71	-2.205483
72	-2.859983
73	-2.099994
74	0.644788
75	-2.394141
76	-0.338599
77	-2.217588
78	0.634754
79	-2.040543
80	-2.265597
81	1.384486
82	1.507379
83	-2.375601
84	-1.960342
85	-1.575206
86	-2.169605
87	0.653478
88	1.404283
89	3.672782
90	1.670592
91	-2.043603
92	-2.720186
93	1.150523
94	0.329575
95	1.869236
96	0.723329
97	0.185786
98	0.730469
99	-0.309845
100	0.039863
101	2.467746
102	-2.471862
103	1.054365
104	-1.884011
105	-1.737176
106	2.011863
107	-1.471293
108	-0.695534
109	2.021075
110	1.812524
111	-1.848398
112	-1.971585
113	-0.991841
114	-2.584367
115	-2.244718
116	-2.274618
117	-1.113484
118	2.551961
119	-2.681982
120	0.801216
121	-0.622324
122	-1.811578
123	1.898774
124	-2.085071
125	-1.970153
126	-1.408798
127	1.629615
128	-1.621077
129	-1.380507
130	-1.925237
131	-0.481845
132	-1.937885
133	1.720288
134	-2.462248
135	0.975357
136	-2.207451
137	2.590498
138	2.662335
139	-2.101871
140	3.746018
141	-1.523112
142	3.132721
143	-2.630788
144	1.542391
145	0.223597
146	-2.443630
147	1.896995
148	-1.659370
149	1.185285
150	-2.533975
151	-2.187475
152	0.571164
153	-2.339696
154	-1.918877
155	1.216157
156	1.268013
157	-2.039100
158	-1.607626
159	0.856940
160	-1.916555
161	1.002720
162	-1.711007
163	1.406583
164	-2.425043
165	-0.907429
166	-1.965452
167	-1.748973
168	-2.019467
169	-2.102404
170	1.310837
171	-2.404615
172	-1.915251
173	3.012850
174	1.773375
175	-2.628864
176	0.194688
177	-0.387179
178	0.308324
179	-1.153732
180	-1.645649
181	0.481376
182	-1.810337
183	-2.536265
184	-2.584151
185	-1.772016
186	2.064342
187	-2.244109
188	0.591388
189	-2.117593
190	-0.102520
191	-2.385818
192	-1.803157
193	-1.484158
194	-2.678168
195	-1.779413
196	-2.097813
197	-1.457729
198	-2.256430
199	-1.883164
200	-2.991688
201	1.593078
202	-2.411548
203	0.780758
204	-2.413898
205	2.189660
206	-1.766658
207	-2.295366
208	-2.471571
209	-1.503262
210	1.595255
211	-2.126536
212	-2.745573
213	2.603962
214	-0.743684
215	1.870074
216	-0.589583
217	-1.662679
218	1.654764
219	0.724481
220	-1.548629
221	-2.892191
222	-1.637081
223	-1.923052
224	-1.697393
225	-1.731918
226	-2.575433
227	-0.140324
228	-1.279494
229	0.125241
230	2.294435
231	-2.304668
232	-2.113255
233	-1.609861
234	0.731533
235	-2.337723
236	-2.006587
237	-2.044149
238	-2.513944
239	0.642633
240	-2.739086
241	0.159182
242	-1.783652
243	1.007994
244	-1.674078
245	-2.036010
246	-1.901227
247	-1.946258
248	0.604057
249	0.389381
250	1.575192
251	-1.553975
252	-1.999598
253	0.007357
254	1.768009
255	-2.099163
256	-1.015789
257	1.253837
258	-1.537159
259	0.640339
260	0.915867
261	-2.312387
262	1.651458
263	-2.040271
264	1.651608
265	-1.842757
266	-1.851615
267	-2.296275
268	-2.265763
269	-1.481344
270	1.307818
271	-2.726874
272	-2.371085
273	0.813879
274	1.188622
275	0.847598
276	-1.676823
277	-1.707996
278	-2.381753
279	0.264711
280	-2.026501
281	-1.974436
282	-2.086783
283	-2.035857
284	-1.353205
285	-1.572089
286	-1.426753
287	-2.317179
288	-1.711192
289	0.023965
290	-2.726314
291	0.329301
292	-1.608909
293	-2.224539
294	-1.760219
295	-1.525670
296	2.669642
297	0.947903
298	-2.990747
299	-2.061407
300	1.187989
301	-2.280873
302	-2.906727
303	-1.715408
304	-2.753172
305	-1.825709
306	-0.002482
307	-0.827413
308	-1.583413
309	-1.953305
310	2.355222
311	-1.755543
312	0.623065
313	-2.730033
314	0.734124
315	-1.876516
316	-3.035024
317	-1.557792
318	2.366504
319	-2.099440
320	-2.112663
321	-1.673063
322	-2.165320
323	-3.056343
324	0.946559
325	-1.734198
326	-1.596649
327	-1.701587
328	-2.232212
329	-1.622499
330	-2.634665
331	2.215795
332	1.523919
333	-2.510170
334	-1.582071
335	0.083677
336	-1.814724
337	-1.354701
338	-1.854094
339	-2.345743
340	-0.605268
341	0.163333
342	-0.802848
343	-1.994109
344	1.192818
345	-1.615994
346	2.214393
347	1.086704
348	-2.490356
349	1.585571
350	-2.242339
351	1.190710
352	-2.188417
353	-2.422635
354	2.862190
355	2.160185
356	-1.650682
357	-2.609346
358	0.865001
359	1.124782
360	1.474508
361	-1.185861
362	-2.030543
363	-2.651223
364	-2.612149
365	-0.970981
366	1.479756
367	1.453395
368	1.852388
369	2.029433
370	-1.384596
371	-1.817550
372	-1.951635
373	-1.822307
374	0.719961
375	-1.853835
376	-1.399757
377	0.307856
378	-1.833175
379	1.378643
380	1.827540
381	-1.285380
382	1.224460
383	0.463225
384	-1.876428
385	-1.874000
386	-1.726804
387	-2.226292
388	-1.028426
389	-0.708870
390	-2.295012
391	-2.703406
392	-2.655808
393	1.410723
394	-1.708615
395	0.581385
396	-3.341055
397	-1.788753
398	0.965836
399	-2.933672
400	-1.363653
401	-1.840467
402	2.136019
403	1.186807
404	-2.566963
405	-2.226354
406	0.249759
407	-1.979587
408	-2.266233
409	-1.689604
410	-0.107415
411	1.440027
412	-2.517350
413	1.863093
414	1.103202
415	-1.606917
416	0.361927
417	-1.902486
418	-2.018183
419	1.773148
420	-0.984378
421	2.259775
422	-2.506308
423	0.112860
424	0.631858
425	-2.396133
426	-1.612696
427	-2.403197
428	-1.661261
429	1.190800
430	1.798405
431	1.697173
432	2.972024
433	1.270354
434	0.447897
435	1.247097
436	-2.536404
437	-2.387974
438	-1.898272
439	-2.133676
440	-1.492041
441	-1.677971
442	-2.082036
443	1.570821
444	-1.144925
445	1.825415
446	-3.302983
447	-0.163655
448	-2.323268
449	2.606098
450	0.264885
451	-1.238765
452	0.128171
453	-2.335953
454	-2.523567
455	-2.165378
456	-2.164829
457	2.085857
458	-1.491609
459	2.019556
460	-3.024143
461	-1.578682
462	0.018257
463	-1.455940
464	2.061010
465	-1.870526
466	0.541386
467	-2.539170
468	1.012289
469	-1.954195
470	-1.549458
471	-1.918958
472	2.166638
473	-2.081401
474	-2.322885
475	-2.375485
476	-1.395439
477	-1.642698
478	-1.159388
479	-2.135382
480	-1.391940
481	-2.639824
482	-1.483398
483	-1.201257
484	1.205529
485	1.523313
486	-1.216198
487	0.376485
488	-0.492139
489	-2.081963
490	-0.028477
491	-2.393200
492	-2.959060
493	-2.179911
494	-0.041464
495	1.399342
496	-2.716676
497	2.374832
498	2.388771
499	0.237655
500	-0.116344
501	-2.001961
502	-1.866661
503	-2.005301
504	1.331827
505	-1.905085
506	-2.769099
507	1.115997
508	1.427356
509	-2.383700
510	2.158221
511	-2.068778
512	1.367801
513	0.175116
514	1.890376
515	-2.010936
516	-0.847683
517	-1.610048
518	-1.678190
519	-1.472333
520	-2.361068
521	-3.332503
522	-2.089393
523	0.807785
524	1.708718
525	1.753946
526	-1.983241
527	-2.105730
528	-2.010468
529	0.009025
530	-2.943132
531	-1.321347
532	-2.292952
533	-1.806898
534	-1.104247
535	-1.920058
536	-1.441124
537	-2.120705
538	-1.874545
539	2.069767
540	-2.164882
541	1.079234
542	-1.590531
543	2.419376
544	0.670799
545	-1.047153
546	-1.345339
547	-1.088017
548	1.214282
549	1.416860
550	-0.045860
551	1.007133
552	0.535520
553	-1.974762
554	0.796531
555	-1.434554
556	-2.867123
557	-1.405304
558	-1.555132
559	-2.724308
560	0.526030
561	-2.095516
562	-2.323880
563	1.558554
564	-3.454306
565	-2.184308
566	-2.207030
567	2.129037
568	-2.566410
569	-1.441021
570	-1.710744
571	-1.785487
572	-1.781886
573	-2.078777
574	0.249669
575	1.650352
576	-2.194463
577	-0.104386
578	2.745949
579	-2.387940
580	-1.167659
581	-2.058878
582	0.137858
583	-2.293779
584	0.172423
585	-2.195407
586	-2.070329
587	-1.775483
588	1.850388
589	2.441553
590	-2.180165
591	-2.483838
592	-1.486713
593	-2.579372
594	-1.557204
595	-1.732748
596	-2.608195
597	-1.377461
598	-1.485713
599	-2.132621
600	-1.645046
601	-2.702709
602	2.357508
603	-1.605614
604	-3.048458
605	0.577027
606	-1.343888
607	1.365254
608	-1.585085
609	-1.374454
610	-1.591480
611	0.244951
612	-2.367244
613	1.430159
614	-1.046861
615	-1.180085
616	1.820014
617	-2.458793
618	2.641941
619	-1.646452
620	0.639910
621	-2.466332
622	-1.594374
623	-1.086621
624	-2.531660
625	-2.338897
626	1.508672
627	-1.947589
628	-2.323880
629	-1.514199
630	-1.662792
631	1.535754
632	1.145532
633	-1.665886
634	0.189538
635	0.509557
636	2.020595
637	-2.183871
638	-1.699914
639	1.233337
640	-1.087802
641	-3.024191
642	-1.734967
643	-2.237979
644	0.135162
645	-2.328474
646	-2.229649
647	-0.921808
648	-1.947714
649	0.862776
650	-2.236251
651	-0.238914
652	-1.787845
653	-1.466243
654	-2.143124
655	1.369233
656	-1.921256
657	1.527124
658	2.062169
659	-2.019848
660	2.303363
661	1.056267
662	-2.188426
663	-0.404768
664	-1.903046
665	2.174844
666	0.851734
667	-2.157606
668	-2.531382
669	-1.252538
670	-1.042660
671	1.692137
672	-3.518186
673	-2.153996
674	2.005604
675	0.948772
676	-1.439444
677	0.632566
678	1.029526
679	-3.193868
680	-1.165172
681	1.835586
682	-0.043525
683	-1.991705
684	-2.557381
685	-2.590742
686	-2.761282
687	-1.046729
688	-1.905907
689	-2.247382
690	-0.283218
691	0.582377
692	1.399214
693	2.225044
694	0.528680
695	1.612561
696	2.684704
697	-2.258427
698	-2.188448
699	-2.410448
700	-2.004721
701	0.041449
702	0.467834
703	-1.223395
704	1.906445
705	-2.195417
706	-1.722196
707	0.059707
708	-2.111324
709	-0.675230
710	-1.887937
711	0.632350
712	-2.448779
713	-2.170432
714	-0.708761
715	-2.387382
716	1.906632
717	1.537970
718	-1.291044
719	0.907902
720	-1.464082
721	2.012379
722	-0.646249
723	1.649802
724	-1.890349
725	0.031988
726	-1.737889
727	-0.603012
728	-2.710191
729	-2.176609
730	-1.621400
731	-1.276002
732	-1.710970
733	-1.808910
734	-2.738682
735	-1.399624
736	-0.869949
737	-1.978933
738	2.080325
739	-1.987374
740	-1.859678
741	-2.339012
742	-2.590867
743	1.256669
744	-1.898354
745	1.564193
746	2.286930
747	0.730892
748	-1.645872
749	-1.366144
750	0.077261
751	-1.776322
752	-1.528418
753	1.323603
754	-1.392090
755	-0.939443
756	-1.704276
757	1.847974
758	-1.925484
759	0.501580
760	-0.348597
761	0.558860
762	1.148513
763	-1.565899
764	-1.642760
765	-2.397479
766	-2.162441
767	1.526190
768	-2.092393
769	0.318775
770	-2.036076
771	-0.362406
772	-2.362890
773	-2.699275
774	2.007340
775	-2.068588
776	-1.909655
777	-2.068187
778	-1.969629
779	0.492774
780	-2.405118
781	-1.029862
782	-1.804382
783	-1.931386
784	1.336495
785	-1.878781
786	-1.698342
787	-2.156168
788	1.258133
789	0.938925
790	-0.258610
791	-2.617437
792	-1.660042
793	0.097433
794	2.879899
795	-1.188904
796	3.276130
797	-2.099231
798	-1.909912
799	-1.004946
800	-1.842219
801	-1.623774
802	2.040851
803	-2.059057
804	1.655381
805	1.353281
806	-1.821073
807	-0.061738
808	-1.653241
809	-1.986988
810	1.634109
811	-1.757275
812	2.533637
813	-2.091675
814	-2.416517
815	1.632973
816	0.766166
817	-2.008295
818	-2.674326
819	0.210851
820	-0.797114
821	0.913939
822	0.712739
823	-2.214514
824	-2.078292
825	-2.600447
826	2.400502
827	-2.410010
828	-2.331132
829	-1.401664
830	-2.899934
831	-1.773788
832	-2.740907
833	0.472893
834	-1.702799
835	1.526024
836	-1.426102
837	-2.719242
838	-2.069929
839	-2.030664
840	-2.892576
841	0.972382
842	2.443901
843	0.579436
844	-1.761649
845	-1.527445
846	-0.420151
847	0.272280
848	-2.086879
849	-3.012443
850	-1.555382
851	1.064484
852	-2.452958
853	1.026409
854	1.523972
855	-2.358677
856	-1.436619
857	2.336952
858	-1.927846
859	0.738745
860	-1.587257
861	-2.067077
862	-2.498450
863	-2.622939
864	-0.960709
865	1.275818
866	0.365753
867	-2.630835
868	-1.300539
869	2.048460
870	1.231069
871	-1.616486
872	0.717011
873	-2.232430
874	-0.476959
875	-1.162638
876	0.995360
877	-2.400053
878	-1.513438
879	-2.761656
880	1.068197
881	0.663111
882	3.298636
883	-2.593821
884	-2.024813
885	-1.875973
886	-1.232296
887	-2.218074
888	0.292218
889	1.443159
890	-1.572913
891	-2.219753
892	-1.663406
893	1.235715
894	-0.458541
895	0.716458
896	1.197494
897	1.040779
898	1.009748
899	1.783348
900	-1.772690
901	3.806274
902	2.262113
903	-3.218449
904	-1.973416
905	0.748459
906	-2.311601
907	0.078784
908	-1.979554
909	-0.508960
910	-1.196988
911	-2.568359
912	2.107685
913	-2.299224
914	-2.377717
915	0.292318
916	-2.603430
917	-2.367804
918	-0.699967
919	2.244518
920	-2.548104
921	-2.158292
922	-2.493624
923	-1.953240
924	-3.884109
925	-1.476501
926	-0.813372
927	0.573107
928	0.983536
929	-2.692663
930	-1.504624
931	-2.230872
932	0.705118
933	-0.935815
934	0.085910
935	-2.556239
936	3.070927
937	-2.105990
938	-1.683729
939	-2.578956
940	-2.063547
941	0.053565
942	-1.470606
943	-2.663390
944	1.633461
945	1.788515
946	-1.824768
947	-1.695639
948	2.372389
949	1.280503
950	0.061684
951	-2.325589
952	-1.446236
953	0.941887
954	0.433030
955	1.977701
956	2.931658
957	-1.603363
958	0.405435
959	-2.411747
960	-1.519795
961	-2.084951
962	-2.342038
963	1.463920
964	-0.136297
965	-2.534994
966	-1.699620
967	-0.835835
968	1.411307
969	-0.312702
970	-2.531062
971	-2.371365
972	-1.956820
973	-1.541509
974	-1.568716
975	-2.137927
976	1.414837
977	1.139191
978	-2.340281
979	2.957471
980	0.644708
981	-0.647034
982	1.586343
983	0.966688
984	0.221848
985	-2.170104
986	-0.396970
987	-1.402948
988	-1.438779
989	-2.316364
990	1.575541
991	-1.637028
992	0.388337
993	-2.711476
994	-1.790480
995	-1.842431
996	-1.655263
997	-2.315190
998	-2.037957
999	-1.230981
1000	0.813959
1001	-1.069421
1002	-0.734614
1003	1.321207
1004	-2.289945
1005	-2.061636
1006	-1.436867
1007	-1.959084
1008	0.721695
1009	-2.261344
1010	2.481756
1011	-1.972670
1012	-2.097059
1013	-0.152174
1014	1.632669
1015	0.777499
1016	-2.215454
1017	-2.244877
1018	-1.525335
1019	-2.295756
1020	-1.992604
1021	-2.227134
1022	-1.311307
1023	-1.151262
1024	-2.144405
1025	0.458378
1026	1.994838
1027	0.422013
1028	-2.086036
1029	0.655745
1030	-1.113193
1031	1.510463
1032	-1.632740
1033	-2.363169
1034	-2.409914
1035	2.424060
1036	-1.610322
1037	-2.619673
1038	-2.733941
1039	1.294545
1040	-2.031705
1041	-1.792537
1042	-2.106512
1043	1.867767
1044	-2.124988
1045	2.879226
1046	-2.375865
1047	1.391169
1048	-1.650536
1049	1.861133
1050	2.060192
1051	-1.746617
1052	2.083180
1053	-1.809991
1054	-2.557134
1055	-1.566310
1056	-2.800945
1057	-1.797926
1058	1.234147
1059	-1.182383
1060	-2.352534
1061	-2.271553
1062	-0.116287
1063	1.803685
1064	-1.707553
1065	1.946508
1066	-1.929059
1067	2.495743
1068	1.305354
1069	0.128504
1070	-2.735032
1071	-1.760404
1072	1.359104
1073	-0.249451
1074	-1.961570
1075	-2.296746
1076	-0.096239
1077	0.057372
1078	-0.945957
1079	1.032411
1080	1.783406
1081	-1.758517
1082	-1.752377
1083	1.914973
1084	-2.285649
1085	-0.792609
1086	-2.557804
1087	-1.950988
1088	1.197400
1089	-1.839409
1090	1.588743
1091	-0.564571
1092	-1.259620
1093	1.462785
1094	-1.428668
1095	-1.840458
1096	2.187267
1097	1.218051
1098	-1.517107
1099	-0.995940
1100	-1.801601
1101	-1.948913
1102	1.334644
1103	-2.334069
1104	-1.545759
1105	-1.815597
1106	-2.052702
1107	-1.982189
1108	1.070060
1109	-1.863899
1110	-2.074395
1111	0.626776
1112	-0.111082
1113	-1.728989
1114	-1.789733
1115	-2.209965
1116	1.701186
1117	1.800249
1118	-1.310644
1119	-2.241008
1120	0.467488
1121	-1.973798
1122	0.015710
1123	-1.621215
1124	0.546570
1125	-2.063356
1126	-1.912240
1127	1.352527
1128	-1.503648
1129	-2.206861
1130	-1.418479
1131	-1.760542
1132	-1.053857
1133	1.084067
1134	0.751280
1135	-1.591814
1136	0.776930
1137	2.372350
1138	-0.948839
1139	-1.800906
1140	-2.198393
1141	1.798700
1142	0.356566
1143	-1.641327
1144	-1.982233
1145	-2.083124
1146	-2.586596
1147	-1.469789
1148	-0.924739
1149	-2.568585
1150	0.628218
1151	-1.866559
1152	-0.240810
1153	1.500009
1154	-1.485912
1155	2.515998
1156	0.402482
1157	-2.959425
1158	-1.936547
1159	-1.466745
1160	-1.226908
1161	-1.294661
1162	-1.193606
1163	-1.860354
1164	-2.541935
1165	1.036036
1166	-1.485158
1167	-2.460960
1168	-2.036382
1169	0.718003
1170	-2.127977
1171	-2.002818
1172	-2.506143
1173	-2.213356
1174	1.171360
1175	-1.300175
1176	1.860642
1177	-2.670072
1178	1.381777
1179	-0.789717
1180	-1.278906
1181	-2.279436
1182	-1.869235
1183	-2.672116
1184	1.564865
1185	1.193002
1186	-1.826717
1187	-2.836221
1188	1.088383
1189	-2.420039
1190	-1.925284
1191	-2.109133
1192	1.426997
1193	-2.418759
1194	-1.925467
1195	-2.228248
1196	-2.066350
1197	-1.813027
1198	-2.123145
1199	-2.576993
1200	-2.735288
1201	-2.129508
1202	-1.526990
1203	0.284582
1204	-0.059643
1205	3.130600
1206	-1.667020
1207	-1.528440
1208	0.179445
1209	-1.222052
1210	0.612451
1211	-2.467692
1212	-2.316865
1213	-0.772323
1214	-1.730679
1215	-2.711642
1216	2.658666
1217	-1.554056
1218	1.872291
1219	1.470042
1220	3.662613
1221	-2.735097
1222	1.008360
1223	1.821658
1224	0.060053
1225	-1.635076
1226	0.239601
1227	-2.482048
1228	-1.842524
1229	-1.700833
1230	-2.261708
1231	1.416803
1232	1.412601
1233	-1.658682
1234	-1.970421
1235	-1.573386
1236	0.729068
1237	-1.919310
1238	-0.856755
1239	-0.606858
1240	-1.732681
1241	-2.391426
1242	-2.660900
1243	-2.318283
1244	-2.374334
1245	0.007896
1246	-2.456228
1247	0.546330
1248	1.969791
1249	1.786483
1250	1.527066
1251	-2.159891
1252	-1.475507
1253	0.185069
1254	-1.806642
1255	1.081431
1256	0.851847
1257	-1.382309
1258	-1.818052
1259	-2.233936
1260	-2.611330
1261	-2.324236
1262	1.687661
1263	-1.705548
1264	1.378489
1265	-2.078524
1266	2.528507
1267	-0.999528
1268	1.397715
1269	0.634183
1270	2.390255
1271	1.571827
1272	-2.233364
1273	-1.979952
1274	3.019449
1275	0.886502
1276	1.917420
1277	-1.471953
1278	2.036182
1279	-2.465114
1280	-2.211332
1281	-0.547041
1282	0.556400
1283	1.884306
1284	-2.297360
1285	0.225578
1286	0.646501
1287	-1.092526
1288	-2.251855
1289	-2.214667
1290	-2.026826
1291	1.492437
1292	-0.034168
1293	-1.578990
1294	2.940508
1295	2.895355
1296	-0.885170
1297	-2.445395
1298	2.210897
1299	0.703455
1300	-2.849724
1301	-2.352028
1302	-2.147423
1303	-2.424935
1304	-0.651916
1305	1.013949
1306	1.720449
1307	-2.281546
1308	-1.322395
1309	-2.689777
1310	-1.994515
1311	2.429394
1312	-2.125393
1313	-2.143709
1314	-2.682022
1315	-2.422845
1316	0.493396
1317	-2.283719
1318	-0.064671
1319	-2.415425
1320	-2.147765
1321	-2.343505
1322	-1.236351
1323	1.577447
1324	-2.225031
1325	-1.355094
1326	-2.698906
1327	0.859178
1328	1.281685
1329	-0.815532
1330	-1.648679
1331	-1.404384
1332	2.294222
1333	-2.058286
1334	1.292033
1335	0.244253
1336	-2.613627
1337	-2.089878
1338	-2.199190
1339	0.159576
1340	-1.671971
1341	-1.767814
1342	-2.054749
1343	-1.753337
1344	-3.273001
1345	-1.414591
1346	1.554673
1347	-2.418707
1348	1.712824
1349	-2.016068
1350	-0.763867
1351	-1.605531
1352	2.660836
1353	-1.994321
1354	1.101212
1355	1.388570
1356	1.547937
1357	-2.711332
1358	-2.189535
1359	-2.317092
1360	-2.893797
1361	-1.795492
1362	1.331644
1363	0.849404
1364	-2.008735
1365	-3.754012
1366	1.390670
1367	0.512905
1368	0.327680
1369	-0.420507
1370	2.233463
1371	-0.574587
1372	-0.972666
1373	-1.596794
1374	0.521756
1375	-1.780641
1376	-1.760498
1377	-2.699786
1378	1.440593
1379	0.539228
1380	1.519184
1381	-1.899528
1382	-2.328031
1383	-2.108033
1384	-0.068639
1385	0.894788
1386	-2.484328
1387	2.368332
1388	-0.787823
1389	-1.711820
1390	-2.796846
1391	1.245617
1392	1.072377
1393	-2.390281
1394	1.514294
1395	-2.300777
1396	-1.938823
1397	-0.292493
1398	-1.605323
1399	-1.812329
1400	-2.542473
1401	-1.517804
1402	-1.657829
1403	-3.250002
1404	-0.813650
1405	0.735340
1406	1.273042
1407	-3.012989
1408	-1.797648
1409	1.167140
1410	-1.604168
1411	1.579469
1412	1.346524
1413	-1.654249
1414	-2.713871
1415	-1.473870
1416	-2.124376
1417	-2.955481
1418	-1.946145
1419	-2.203806
1420	-2.094333
1421	-0.499626
1422	-1.296239
1423	-2.201560
1424	-1.589872
1425	0.103407
1426	1.652891
1427	-2.490281
1428	2.625697
1429	2.141154
1430	-1.591382
1431	-1.678316
1432	-1.587303
1433	-0.634791
1434	0.136014
1435	-1.189147
1436	-1.818889
1437	-2.061317
1438	0.213124
1439	2.258521
1440	-1.084282
1441	-2.668177
1442	-2.382442
1443	2.639285
1444	0.633504
1445	1.284548
1446	0.580489
1447	2.206366
1448	0.177906
1449	2.262927
1450	-2.082374
1451	1.275419
1452	-2.176599
1453	-1.551255
1454	-2.368288
1455	-1.395605
1456	-1.085062
1457	1.168798
1458	0.349102
1459	-2.070070
1460	-1.703904
1461	-2.246061
1462	-2.178020
1463	-2.094978
1464	-2.444935
1465	-2.386716
1466	-1.423855
1467	1.835064
1468	-1.887767
1469	0.756550
1470	0.170402
1471	-1.308960
1472	-1.514403
1473	-2.373672
1474	1.507845
1475	0.757956
1476	-2.490268
1477	1.349257
1478	1.638177
1479	1.010949
1480	2.032720
1481	0.666125
1482	-1.654937
1483	-2.424990
1484	1.452622
1485	-1.834564
1486	-0.645367
1487	-1.686833
1488	1.496811
1489	-1.731920
1490	0.686116
1491	2.012364
1492	-2.302100
1493	1.172412
1494	-0.941127
1495	-1.849208
1496	2.462846
1497	1.936252
1498	0.713029
1499	-0.735186
1500	1.350303
1501	1.367548
1502	0.389266
1503	2.116763
1504	0.861452
1505	2.199870
1506	-1.824723
1507	-1.495336
1508	-1.781237
1509	-1.089563
1510	2.154057
1511	-0.234576
1512	2.113394
1513	-2.140255
1514	-1.683045
1515	-1.994850
1516	-1.997192
1517	-1.880922
1518	-0.063796
1519	-1.981941
1520	-1.471891
1521	1.109105
1522	-1.983980
1523	-1.359835
1524	0.761228
1525	2.378262
1526	-1.367212
1527	3.024741
1528	-1.407257
1529	-1.939729
1530	-1.449750
1531	0.876569
1532	-2.524363
1533	1.583268
1534	0.385366
1535	-1.757871
1536	-1.884265
1537	1.503782
1538	-1.951934
1539	2.924112
1540	1.037018
1541	-2.044025
1542	-1.421408
1543	-2.425167
1544	2.157957
1545	-2.005564
1546	-2.156579
1547	-2.030642
1548	-1.350810
1549	-1.609626
1550	-3.028386
1551	-2.110572
1552	-2.309723
1553	-1.257555
1554	-1.696462
1555	1.253967
1556	-1.972783
1557	-0.998448
1558	2.566522
1559	-2.622346
1560	1.595125
1561	-2.636459
1562	0.252029
1563	-1.590373
1564	0.494935
1565	1.631430
1566	-2.038562
1567	-2.760263
1568	-1.344399
1569	-2.482456
1570	0.363335
1571	2.276999
1572	-1.782738
1573	-0.723470
1574	0.464888
1575	-2.333657
1576	-2.070645
1577	2.162093
1578	-1.995621
1579	-2.534808
1580	1.322749
1581	-2.442194
1582	-1.809705
1583	-2.775101
1584	-1.525377
1585	-2.110135
1586	2.041612
1587	-0.734721
1588	-1.432502
1589	1.359439
1590	0.413713
1591	2.921029
1592	1.325155
1593	-2.199989
1594	-1.685534
1595	-1.555669
1596	-1.917578
1597	0.554217
1598	-3.060041
1599	-2.434302
1600	-2.353415
1601	-2.014456
1602	0.270013
1603	-1.536106
1604	0.492135
1605	-2.687483
1606	-1.485006
1607	-1.883985
1608	-2.107141
1609	-0.759186
1610	-2.313317
1611	-2.011689
1612	-1.865441
1613	-2.507757
1614	0.880839
1615	-1.981220
1616	-1.544390
1617	0.244198
1618	0.517583
1619	-2.587014
1620	1.464416
1621	-2.460590
1622	-2.315533
1623	-2.533542
1624	2.073497
1625	-1.589176
1626	-2.400578
1627	-1.320483
1628	2.189594
1629	0.797486
1630	-2.436451
1631	-0.667567
1632	-1.915748
1633	0.570991
1634	1.278461
1635	-1.856754
1636	-2.380265
1637	-1.515439
1638	2.206849
1639	0.287995
1640	0.599408
1641	0.877333
1642	-0.071953
1643	-1.903519
1644	-2.815778
1645	-1.109806
1646	-0.473039
1647	-1.378916
1648	-1.627591
1649	-2.281519
1650	0.911635
1651	-1.573920
1652	-2.153260
1653	-2.251524
1654	1.172451
1655	1.789113
1656	2.783214
1657	-3.090053
1658	2.047765
1659	1.843863
1660	1.568660
1661	-2.285088
1662	0.929371
1663	-2.376224
1664	-1.612448
1665	-2.329988
1666	-1.771683
1667	0.876819
1668	1.353170
1669	-0.308800
1670	-0.795330
1671	-2.088803
1672	-1.147486
1673	-1.848569
1674	1.191970
1675	1.549042
1676	-2.240439
1677	-1.872961
1678	-1.786634
1679	1.843554
1680	1.667714
1681	-1.344746
1682	-2.185121
1683	1.862863
1684	-1.479011
1685	1.909570
1686	0.106008
1687	-2.522045
1688	0.837922
1689	-2.212891
1690	-1.450593
1691	2.337784
1692	-2.193823
1693	-2.143464
1694	1.491800
1695	0.624676
1696	-1.534751
1697	-1.579524
1698	2.111263
1699	-1.822403
1700	-2.618015
1701	2.504235
1702	-1.067924
1703	-1.209896
1704	-1.329273
1705	-2.222374
1706	-2.051367
1707	1.603440
1708	-1.746510
1709	0.502374
1710	-0.669405
1711	1.061321
1712	-2.277186
1713	1.143375
1714	1.006183
1715	-2.975282
1716	-2.205771
1717	-2.367657
1718	1.227146
1719	-1.634330
1720	-2.312934
1721	-1.471663
1722	-2.274009
1723	-1.466958
1724	2.145153
1725	0.979249
1726	-1.890203
1727	-2.344550
1728	0.044612
1729	-2.212545
1730	-1.947223
1731	-2.393338
1732	2.557580
1733	-1.722230
1734	0.761676
1735	-0.785780
1736	0.693867
1737	0.084355
1738	-1.881040
1739	-1.754879
1740	1.304643
1741	-1.277917
1742	-2.357484
1743	-2.999341
1744	1.709863
1745	-1.012019
1746	-2.116345
1747	-2.021375
1748	0.759186
1749	-1.711959
1750	-2.314060
1751	1.736215
1752	1.345483
1753	-1.542022
1754	2.182910
1755	-1.814189
1756	1.611794
1757	2.660475
1758	-1.945346
1759	-0.179616
1760	-0.671201
1761	-1.207194
1762	-2.640754
1763	1.094544
1764	-2.987924
1765	-2.354614
1766	-2.356755
1767	1.247017
1768	1.918399
1769	-2.647277
1770	-1.675054
1771	0.669313
1772	-0.238165
1773	-1.178777
1774	-2.032495
1775	-2.426331
1776	-2.023746
1777	-2.266307
1778	-2.652583
1779	-0.382314
1780	-1.651060
1781	-2.474914
1782	-2.507950
1783	1.292900
1784	-1.482228
1785	1.389725
1786	0.873503
1787	-1.751314
1788	-0.544457
1789	-0.552453
1790	2.393840
1791	-0.273603
1792	3.259068
1793	-2.349572
1794	0.706278
1795	-1.270733
1796	-0.251447
1797	-0.297462
1798	-2.274124
1799	-1.473267
1800	-1.194244
1801	-1.948479
1802	-1.979374
1803	2.472059
1804	-1.401184
1805	0.454153
1806	-2.086201
1807	2.491874
1808	-2.609802
1809	0.354871
1810	1.031493
1811	-1.916918
1812	2.706237
1813	2.291728
1814	-1.315339
1815	-1.558245
1816	-1.208520
1817	-2.163056
1818	-1.383000
1819	-2.570863
1820	1.405384
1821	0.820882
1822	-1.359215
1823	-1.953545
1824	-1.976727
1825	-2.680090
1826	0.882937
1827	-1.302779
1828	-2.707506
1829	1.070815
1830	-2.578104
1831	2.591371
1832	-1.552658
1833	0.947345
1834	-0.589983
1835	-1.987913
1836	-3.206525
1837	1.144218
1838	-1.305554
1839	-1.771259
1840	-2.280515
1841	-1.687052
1842	0.561551
1843	-3.168466
1844	-1.446760
1845	0.418436
1846	0.165396
1847	0.384858
1848	-2.194040
1849	1.303691
1850	0.582829
1851	-1.345379
1852	-1.966298
1853	-3.013232
1854	-1.807362
1855	-0.987643
1856	2.860843
1857	-1.082637
1858	-1.695897
1859	-1.636915
1860	-1.551657
1861	-1.983562
1862	0.177737
1863	0.929538
1864	-0.888593
1865	1.969210
1866	-1.271956
1867	-1.902926
1868	2.858105
1869	2.909952
1870	-2.558825
1871	-2.746866
1872	-2.241241
1873	-1.644431
1874	-1.087758
1875	-2.143917
1876	-1.640180
1877	0.947756
1878	1.429892
1879	-2.241815
1880	-2.278398
1881	-1.358316
1882	-1.790040
1883	-1.347604
1884	-2.073705
1885	1.064869
1886	1.461774
1887	0.585646
1888	0.153476
1889	-2.269903
1890	-3.205202
1891	-1.965196
1892	-1.695255
1893	1.760267
1894	-1.235842
1895	-1.269288
1896	-2.931467
1897	-2.404022
1898	-0.473909
1899	-2.371776
1900	-1.037537
1901	3.709371
1902	-2.143620
1903	-1.254237
1904	-1.792164
1905	0.749289
1906	-0.329618
1907	1.144419
1908	-1.127070
1909	-1.217388
1910	-1.487166
1911	2.186374
1912	0.834768
1913	-1.560220
1914	-1.502220
1915	-1.540065
1916	1.109433
1917	1.204244
1918	1.160740
1919	1.678929
1920	-1.662438
1921	0.748842
1922	2.877570
1923	-2.113326
1924	-0.173745
1925	-1.675801
1926	-1.261394
1927	1.397197
1928	-1.816437
1929	-0.010909
1930	-1.538381
1931	-2.203919
1932	-1.850089
1933	-1.766280
1934	-1.360186
1935	-2.318511
1936	-1.494984
1937	-2.391819
1938	-2.350985
1939	0.917995
1940	-2.320908
1941	3.507279
1942	-2.668193
1943	-2.214806
1944	3.211474
1945	-0.900829
1946	-0.515605
1947	-0.337759
1948	-0.352964
1949	-2.604143
1950	-2.492482
1951	-3.032188
1952	-1.619954
1953	-1.672359
1954	-2.147591
1955	3.350751
1956	1.231887
1957	0.351925
1958	-2.012750
1959	1.675417
1960	1.479369
1961	-2.051965
1962	-0.861052
1963	-2.390686
1964	2.017948
1965	-1.931416
1966	-1.397535
1967	0.579151
1968	2.247319
1969	-2.276328
1970	-0.867977
1971	-1.960375
1972	-2.277631
1973	-2.260584
1974	1.667647
1975	-0.575154
1976	-2.417245
1977	-2.582278
1978	-2.487110
1979	-2.603418
1980	1.742933
1981	1.458477
1982	-1.341090
1983	-1.733794
1984	-1.292198
1985	-1.936379
1986	-2.217513
1987	1.520704
1988	1.217995
1989	2.080443
1990	2.417683
1991	-2.011689
1992	-2.384792
1993	-2.183861
1994	-2.085768
1995	-1.617210
1996	-0.549746
1997	-2.275385
1998	0.843161
1999	3.109253
2000	1.529382
2001	-2.422483
2002	-2.321224
2003	0.865079
2004	1.573246
2005	-1.657157
2006	-1.186178
2007	-1.288318
2008	0.540361
2009	-2.207030
2010	-1.609977
2011	-1.895826
2012	-2.291929
2013	-1.364611
2014	1.476500
2015	-1.510395
2016	1.767266
2017	-0.044906
2018	-2.016987
2019	-1.621870
2020	-1.976200
2021	2.740119
2022	-2.253785
2023	2.379238
2024	-1.789884
2025	0.271768
2026	-2.222322
2027	1.612436
2028	-2.289873
2029	-2.902682
2030	-1.434921
2031	1.616018
2032	-2.200066
2033	1.010505
2034	3.004749
2035	-2.074001
2036	-1.579523
2037	1.420400
2038	-1.823073
2039	-0.515896
2040	-2.866872
2041	2.075048
2042	-1.936472
2043	-0.301410
2044	-1.811126
2045	0.953744
2046	-2.476799
2047	0.801575
2048	0.332518
2049	-2.560669
2050	2.323003
2051	1.223902
2052	-2.620956
2053	-2.061879
2054	-1.968786
2055	-2.792984
2056	0.706897
2057	0.757129
2058	1.419524
2059	-3.129872
2060	0.574691
2061	-1.801126
2062	-2.189605
2063	-1.549407
2064	1.857964
2065	0.475683
2066	-2.335655
2067	0.758379
2068	-1.837525
2069	-1.887920
2070	-1.819261
2071	1.656027
2072	-1.422228
2073	-0.774746
2074	0.384358
2075	-2.240289
2076	-0.324424
2077	-2.518163
2078	0.949051
2079	-1.132010
2080	0.012358
2081	2.124972
2082	-2.300132
2083	-1.708426
2084	-1.850917
2085	2.667016
2086	-2.384017
2087	-2.019989
2088	-1.668103
2089	-2.023574
2090	-1.880256
2091	-1.845599
2092	-0.130844
2093	-1.636464
2094	1.040537
2095	-1.192496
2096	-0.996979
2097	-1.254818
2098	-1.842934
2099	-2.118009
2100	-1.741840
2101	-0.294252
2102	0.686607
2103	0.483156
2104	0.667579
2105	-2.604587
2106	-1.084098
2107	1.453532
2108	-2.314841
2109	-1.577439
2110	0.806502
2111	0.269815
2112	-0.625361
2113	-2.541468
2114	-1.711560
2115	-3.165826
2116	0.771096
2117	-1.692329
2118	2.375284
2119	-2.112712
2120	0.971655
2121	1.250311
2122	3.067130
2123	-1.811718
2124	0.831669
2125	-1.828395
2126	-2.412664
2127	-2.105750
2128	-1.840870
2129	-0.455742
2130	-2.186716
2131	-2.285399
2132	-0.815623
2133	-0.326934
2134	1.791046
2135	-2.293092
2136	-1.066995
2137	-1.356703
2138	-1.407677
2139	2.900819
2140	-1.367108
2141	-1.706256
2142	-1.913209
2143	1.259073
2144	-1.029780
2145	-1.539540
2146	1.379840
2147	-2.654521
2148	-1.494283
2149	0.801963
2150	1.984114
2151	-1.837571
2152	-3.074346
2153	2.272420
2154	2.129691
2155	-1.827607
2156	-2.388442
2157	-1.670228
2158	1.156340
2159	-1.109001
2160	-0.239531
2161	-1.635241
2162	-2.545811
2163	-2.022988
2164	-1.712202
2165	-1.716788
2166	-1.861274
2167	3.127321
2168	-2.481932
2169	1.875234
2170	-1.649859
2171	-1.780191
2172	-2.754554
2173	0.240715
2174	-0.428694
2175	2.156253
2176	0.888268
2177	-2.285728
2178	-1.762011
2179	-2.205961
2180	-0.301533
2181	-2.759544
2182	-2.710696
2183	-1.593899
2184	-1.975290
2185	0.776720
2186	-1.043390
2187	-1.472677
2188	-1.866147
2189	-1.655245
2190	-2.402173
2191	-2.616662
2192	-2.186704
2193	1.597425
2194	1.868035
2195	0.490410
2196	0.862502
2197	-2.335566
2198	-3.023251
2199	-2.185710
2200	0.660274
2201	-1.953464
2202	-1.181295
2203	-1.489768
2204	1.157061
2205	-1.596600
2206	-0.186221
2207	-2.550310
2208	0.920231
2209	0.769848
2210	-1.935010
2211	-2.080447
2212	-2.548671
2213	-2.288143
2214	0.345182
2215	-0.430757
2216	-1.214954
2217	-1.426873
2218	1.611702
2219	2.230968
2220	-2.258531
2221	1.462462
2222	0.717474
2223	0.963090
2224	-1.027322
2225	-1.914954
2226	2.505776
2227	-2.028772
2228	-1.914043
2229	-1.997433
2230	1.515046
2231	2.926271
2232	1.794618
2233	-1.818485
2234	1.164212
2235	-2.050157
2236	-2.216483
2237	-1.367275
2238	-2.678862
2239	2.222759
2240	1.137486
2241	-1.693537
2242	-1.900832
2243	-2.651229
2244	-2.932142
2245	-1.744263
2246	-1.575160
2247	-2.828987
2248	0.260452
2249	-1.850796
2250	-1.787903
2251	-1.173686
2252	-1.784491
2253	-2.621955
2254	-1.781679
2255	1.095307
2256	-2.156324
2257	-1.882535
2258	-2.345534
2259	0.891814
2260	-1.332324
2261	-2.524275
2262	-0.224508
2263	0.869144
2264	-2.474340
2265	-2.056178
2266	-2.132560
2267	0.709841
2268	1.547893
2269	-2.028826
2270	1.045466
2271	1.608839
2272	-1.628738
2273	-1.917818
2274	0.005921
2275	-1.871474
2276	-2.003866
2277	2.410411
2278	0.375412
2279	0.423790
2280	-0.765175
2281	1.710390
2282	-1.905905
2283	-1.379700
2284	1.259061
2285	0.221062
2286	0.404294
2287	1.240705
2288	-2.076421
2289	1.291807
2290	-1.758445
2291	-1.435122
2292	-1.723684
2293	0.496070
2294	-2.670000
2295	0.478140
2296	3.142818
2297	-2.178376
2298	-1.431658
2299	-1.933333
2300	1.459034
2301	1.063203
2302	-2.608454
2303	-1.473511
2304	0.966020
2305	-1.650984
2306	-2.039101
2307	-1.656763
2308	-2.877437
2309	-2.205932
2310	-2.781901
2311	-0.939369
2312	1.308794
2313	2.958369
2314	-1.692769
2315	-1.556187
2316	0.490981
2317	-0.956301
2318	-1.927614
2319	0.359783
2320	-1.552712
2321	1.798143
2322	-2.435855
2323	1.364253
2324	0.478537
2325	1.414063
2326	-2.857318
2327	-0.988233
2328	2.191138
2329	0.708089
2330	-1.020499
2331	1.834976
2332	-2.141515
2333	-1.383566
2334	-2.607545
2335	-2.244138
2336	-0.028899
2337	-0.849469
2338	-2.311089
2339	-3.303812
2340	-2.811454
2341	-1.703041
2342	-2.562391
2343	0.356064
2344	-2.287263
2345	-1.409725
2346	-2.163665
2347	-0.574015
2348	3.325282
2349	-0.912921
2350	-2.626286
2351	-1.835512
2352	-1.626846
2353	-2.134451
2354	-2.629235
2355	-2.668643
2356	-1.393956
2357	-2.160943
2358	1.245026
2359	-0.928270
2360	0.356303
2361	-2.821674
2362	3.297413
2363	-1.851974
2364	-1.436282
2365	-1.452372
2366	-1.294794
2367	-1.167282
2368	-0.466778
2369	-1.481237
2370	-1.420768
2371	1.216828
2372	-1.149099
2373	0.708293
2374	-2.224465
2375	-1.456706
2376	0.545926
2377	0.495990
2378	-2.559101
2379	-2.791556
2380	1.449856
2381	0.850554
2382	1.985638
2383	-1.589910
2384	1.526288
2385	-1.808870
2386	-0.611386
2387	-2.310408
2388	0.717755
2389	-1.099988
2390	-1.565903
2391	-1.720922
2392	-2.461652
2393	1.653342
2394	0.352861
2395	-2.248984
2396	0.355971
2397	1.690954
2398	-2.902051
2399	0.024460
2400	0.826596
2401	-1.383930
2402	-2.077606
2403	-2.109950
2404	-2.161167
2405	-1.720171
2406	-2.455715
2407	1.813613
2408	-1.753271
2409	-2.420508
2410	-2.345834
2411	0.970735
2412	-1.497482
2413	-2.511438
2414	0.345360
2415	0.047469
2416	0.726927
2417	-1.126389
2418	2.416665
2419	-2.606442
2420	1.600558
2421	1.573001
2422	-0.315172
2423	2.277153
2424	-2.132952
2425	-2.045758
2426	-1.882689
2427	-1.969872
2428	-2.230566
2429	-2.300726
2430	-0.845334
2431	0.877360
2432	-1.897248
2433	-1.948941
2434	-1.898762
2435	1.466432
2436	-2.810239
2437	-0.631616
2438	-2.070214
2439	-2.815748
2440	-2.345808
2441	-2.334665
2442	-0.280817
2443	1.329361
2444	0.632067
2445	-1.043549
2446	-0.995503
2447	-1.456746
2448	-1.850718
2449	-1.817759
2450	-2.698474
2451	0.275533
2452	1.693888
2453	0.155081
2454	0.462978
2455	-0.585620
2456	-1.659109
2457	0.157318
2458	-2.490214
2459	-2.314621
2460	0.117412
2461	-1.145434
2462	-2.112256
2463	-1.132936
2464	-1.442322
2465	-1.868724
2466	-1.933449
2467	2.734006
2468	1.516152
2469	-3.313259
2470	-2.059798
2471	-3.413495
2472	-1.530817
2473	-1.548847
2474	-2.263170
2475	-1.974580
2476	-2.721035
2477	-0.398551
2478	-1.849813
2479	-1.991431
2480	-1.843650
2481	-1.488547
2482	2.537796
2483	-2.045287
2484	0.928767
2485	-2.339009
2486	-1.654671
2487	1.395968
2488	-2.444877
2489	-2.109806
2490	1.467241
2491	-1.828319
2492	-1.126036
2493	-2.056087
2494	-2.801946
2495	-2.729114
2496	-1.941340
2497	-2.081478
2498	-1.288142
2499	1.906183
2500	-1.859469
2501	0.678156
2502	2.045046
2503	-2.666475
2504	0.499894
2505	-2.484740
2506	-1.854449
2507	1.769345
2508	0.418900
2509	1.173660
2510	-1.375525
2511	0.886058
2512	-1.375812
2513	-1.622736
2514	1.963675
2515	1.081444
2516	-0.106804
2517	-2.418196
2518	-1.246517
2519	1.511056
2520	-2.877822
2521	-0.326220
2522	1.155507
2523	0.688673
2524	1.816912
2525	0.111100
2526	-1.674552
2527	-2.117722
2528	-2.605486
2529	1.613096
2530	-1.895467
2531	-1.375059
2532	0.949501
2533	-1.179715
2534	1.970187
2535	2.265833
2536	0.330815
2537	-1.285333
2538	-2.629675
2539	-2.132108
2540	0.278281
2541	-1.422878
2542	-2.336104
2543	-2.377721
2544	0.878039
2545	-1.659562
2546	0.536841
2547	1.181216
2548	-3.002188
2549	3.128493
2550	-2.053671
2551	-1.756907
2552	-2.103418
2553	2.959069
2554	-0.245024
2555	0.572973
2556	0.533710
2557	1.904693
2558	2.007675
2559	-2.115708
2560	-3.021990
2561	-2.526419
2562	-0.825225
2563	0.102531
2564	-2.203444
2565	-2.741636
2566	2.121114
2567	-2.062415
2568	-1.305921
2569	-1.647371
2570	0.083616
2571	-1.131067
2572	1.125539
2573	-1.373281
2574	-1.855893
2575	1.746164
2576	0.710982
2577	-2.893801
2578	0.902661
2579	-0.111875
2580	-2.512795
2581	-2.489878
2582	-2.439344
2583	0.155313
2584	-1.348912
2585	-2.422287
2586	0.575846
2587	-2.226639
2588	2.505701
2589	-1.978524
2590	-1.952805
2591	-2.206594
2592	-1.782621
2593	0.233255
2594	-2.104780
2595	-2.335643
2596	-2.374484
2597	-1.820808
2598	-1.925115
2599	-2.298154
2600	0.632658
2601	1.224338
2602	0.509050
2603	-1.918390
2604	-0.217606
2605	0.826951
2606	0.614130
2607	0.975057
2608	2.904526
2609	-2.398055
2610	-2.575280
2611	1.867498
2612	-1.475049
2613	-2.597323
2614	-1.730048
2615	0.174982
2616	-1.947061
2617	-2.591181
2618	-2.028420
2619	-2.007555
2620	-1.526408
2621	0.739608
2622	1.700398
2623	-2.693629
2624	-2.389214
2625	1.556862
2626	-1.388260
2627	1.778618
2628	-2.722113
2629	-2.599585
2630	1.449264
2631	-2.602489
2632	-2.135119
2633	-1.200706
2634	-2.012180
2635	-2.051537
2636	-2.509540
2637	1.101800
2638	-0.533137
2639	2.255772
2640	-2.173444
2641	-2.219233
2642	1.635781
2643	-2.154588
2644	-0.695650
2645	-1.838655
2646	-0.071981
2647	-1.563392
2648	-2.224227
2649	-2.508267
2650	0.428585
2651	0.875172
2652	0.682117
2653	3.176606
2654	0.139020
2655	1.056938
2656	4.005326
2657	-0.417947
2658	-1.706801
2659	-1.786061
2660	0.059423
2661	-1.225003
2662	-1.489736
2663	-1.677786
2664	-1.705705
2665	-0.240365
2666	-1.700984
2667	-2.328377
2668	-2.732874
2669	0.070151
2670	0.358611
2671	-2.824083
2672	1.195046
2673	-2.685072
2674	-3.175743
2675	1.650296
2676	1.380863
2677	-2.053849
2678	-1.722660
2679	1.957735
2680	0.559279
2681	1.199927
2682	-1.891182
2683	-0.043102
2684	-1.578220
2685	1.533648
2686	0.906919
2687	-0.983842
2688	2.631591
2689	1.865702
2690	0.333717
2691	-2.593604
2692	0.730103
2693	1.902027
2694	-0.471836
2695	-2.504750
2696	-1.730761
2697	-1.858309
2698	-1.911311
2699	-1.033137
2700	-1.553296
2701	-1.917653
2702	1.438450
2703	-2.311419
2704	0.657161
2705	-1.245925
2706	-1.563239
2707	-1.794720
2708	-0.262807
2709	-2.049453
2710	-2.132710
2711	2.878923
2712	-1.362082
2713	-1.797943
2714	-2.399747
2715	0.564251
2716	-1.337318
2717	-2.876268
2718	0.424764
2719	-2.264780
2720	-1.493164
2721	0.831222
2722	-2.039479
2723	-1.605047
2724	-2.655088
2725	1.111760
2726	0.209025
2727	0.985824
2728	0.763215
2729	1.130103
2730	-1.785750
2731	-1.644767
2732	-1.691001
2733	-1.978755
2734	-0.072230
2735	-2.682310
2736	-1.820102
2737	-2.441135
2738	-2.388866
2739	0.096783
2740	-1.835369
2741	-2.108561
2742	-1.708671
2743	1.928741
2744	-2.288435
2745	-1.407472
2746	-1.950286
2747	1.045439
2748	-2.651464
2749	-1.688145
2750	0.916636
2751	1.270699
2752	-2.522296
2753	-2.142222
2754	-1.321983
2755	-3.124220
2756	-2.026889
2757	-2.401532
2758	-1.415195
2759	-1.683222
2760	-2.416488
2761	2.027397
2762	-1.258585
2763	1.822940
2764	-1.845247
2765	-2.583458
2766	-1.910182
2767	1.199907
2768	-1.976070
2769	1.622747
2770	0.913828
2771	1.637069
2772	0.836990
2773	-0.027845
2774	1.399938
2775	-0.408071
2776	-0.214225
2777	-1.349401
2778	-1.857059
2779	-1.488535
2780	-2.442764
2781	-1.258150
2782	-1.493803
2783	-2.677517
2784	1.146662
2785	1.335923
2786	-2.520757
2787	-1.511872
2788	-2.284373
2789	0.012752
2790	-1.623453
2791	1.617531
2792	-1.425899
2793	-0.775716
2794	-2.698547
2795	2.134914
2796	-2.365375
2797	-1.479602
2798	2.022309
2799	-1.871734
2800	2.379332
2801	-1.154445
2802	1.084628
2803	-2.632296
2804	-1.935371
2805	-1.821095
2806	2.423071
2807	-2.516292
2808	-2.285271
2809	3.079595
2810	-2.105115
2811	-2.523108
2812	1.793350
2813	-2.144797
2814	-1.834597
2815	0.577128
2816	-0.920068
2817	0.392651
2818	1.125095
2819	-1.241562
2820	-1.936861
2821	-2.031548
2822	-1.788948
2823	-2.347705
2824	-2.246494
2825	-1.614241
2826	0.978276
2827	0.733751
2828	-2.368699
2829	-1.841820
2830	-1.426330
2831	-2.208929
2832	-2.333191
2833	-2.414918
2834	-2.196885
2835	1.297896
2836	2.151229
2837	1.626636
2838	0.448253
2839	-2.123735
2840	-2.999765
2841	-1.162458
2842	0.112577
2843	2.347171
2844	-2.769594
2845	1.439793
2846	2.180151
2847	-1.733958
2848	-2.295501
2849	0.013191
2850	-2.204002
2851	1.633942
2852	-2.524391
2853	-1.925995
2854	1.084691
2855	1.835414
2856	-1.776628
2857	-1.946896
2858	-1.170386
2859	0.482250
2860	-3.491270
2861	2.277720
2862	-1.602780
2863	-2.202273
2864	0.897283
2865	-0.117161
2866	1.891756
2867	-1.430291
2868	1.466020
2869	3.093083
2870	-0.443467
2871	1.216770
2872	2.042174
2873	2.774860
2874	1.568533
2875	-2.442574
2876	0.927507
2877	-1.961371
2878	-2.358777
2879	-2.530121
2880	-2.981420
2881	-1.918136
2882	1.182816
2883	1.719913
2884	1.795902
2885	2.188469
2886	-2.924826
2887	-2.092974
2888	1.011815
2889	2.232470
2890	-1.855121
2891	2.523039
2892	2.170487
2893	-1.425239
2894	0.005980
2895	-1.805957
2896	2.407401
2897	1.133146
2898	-2.409082
2899	-2.429751
2900	-2.694469
2901	-1.987266
2902	1.705124
2903	-1.509649
2904	-1.501183
2905	-2.272403
2906	-2.944882
2907	-2.044086
2908	0.578182
2909	-1.282492
2910	-2.431328
2911	-2.166224
2912	-1.715434
2913	-2.904467
2914	1.800186
2915	-1.841108
2916	-2.261537
2917	-1.295949
2918	-1.299801
2919	-2.797579
2920	-0.721564
2921	-2.039286
2922	-1.427612
2923	-1.152524
2924	-1.931107
2925	0.383370
2926	-1.551264
2927	-2.359875
2928	-1.425265
2929	-2.215236
2930	0.945932
2931	-2.175650
2932	-1.053633
2933	-0.257868
2934	0.656984
2935	0.783713
2936	-1.132206
2937	1.617144
2938	0.872817
2939	-1.813238
2940	0.786768
2941	-2.174003
2942	-2.036342
2943	-3.111979
2944	-1.931761
2945	-2.152936
2946	2.930468
2947	-2.162108
2948	-2.907408
2949	0.425310
2950	-1.787016
2951	0.730507
2952	0.309156
2953	-2.424945
2954	-1.872743
2955	-1.936208
2956	0.520768
2957	2.852214
2958	-1.991392
2959	-1.971149
2960	1.401205
2961	1.482143
2962	-1.679696
2963	-1.761087
2964	-2.123867
2965	-3.017338
2966	-1.148765
2967	-2.757894
2968	0.690547
2969	0.966119
2970	-2.811123
2971	-2.188538
2972	-1.945251
2973	-2.932693
2974	0.743745
2975	-1.806681
2976	-1.634246
2977	0.105469
2978	-2.259535
2979	1.037283
2980	-2.020115
2981	-3.087000
2982	-0.553614
2983	-2.234025
2984	-1.853643
2985	-1.970958
2986	1.100869
2987	0.467482
2988	-2.367663
2989	-2.153181
2990	-1.955809
2991	-2.356166
2992	-2.447536
2993	-2.330725
2994	0.152258
2995	2.639788
2996	0.351963
2997	-1.397478
2998	-1.876321
2999	-1.721182
3000	1.409956
3001	-2.649175
3002	-2.795854
3003	-1.160524
3004	-1.744611
3005	-1.761176
3006	-1.967676
3007	1.930185
3008	-1.719478
3009	-1.987706
3010	-2.362436
3011	-1.919450
3012	-1.755023
3013	-2.024271
3014	-1.582757
3015	-2.353392
3016	-1.368527
3017	-2.498448
3018	0.465218
3019	-2.269650
3020	-1.149299
3021	2.421294
3022	-1.877187
3023	-0.814624
3024	0.494744
3025	-2.085448
3026	-2.967401
3027	2.101014
3028	-2.378794
3029	-2.005358
3030	-0.364614
3031	0.767065
3032	-1.567328
3033	-1.055440
3034	-2.114325
3035	-1.756721
3036	-2.279300
3037	-0.971890
3038	0.458593
3039	-1.079853
3040	-0.787251
3041	1.979717
3042	-1.952548
3043	-0.633030
3044	-1.585195
3045	-1.627950
3046	-2.360346
3047	1.092020
3048	-2.161589
3049	-1.643609
3050	-2.140534
3051	-1.684666
3052	-1.596281
3053	-1.922226
3054	-2.609262
3055	-2.165339
3056	-2.287242
3057	-2.483947
3058	-1.879515
3059	-1.746831
3060	-2.590795
3061	-2.132707
3062	2.655048
3063	0.027400
3064	-1.897709
3065	-0.826759
3066	-1.569356
3067	-2.549153
3068	-1.936783
3069	-2.667260
3070	1.631016
3071	1.251805
3072	0.922288
3073	-1.532116
3074	-1.539976
3075	1.712882
3076	-0.650123
3077	-2.111537
3078	-2.097597
3079	-1.932372
3080	-2.119242
3081	-2.204402
3082	-2.025326
3083	-2.108241
3084	0.561453
3085	1.098061
3086	-1.821399
3087	0.853779
3088	-1.360734
3089	-2.229904
3090	-1.123871
3091	-1.001948
3092	-1.580712
3093	0.735547
3094	-1.706605
3095	0.550529
3096	-0.692829
3097	0.391730
3098	-0.316412
3099	-1.111654
3100	-1.962237
3101	-0.051704
3102	0.374455
3103	-1.918515
3104	-2.184632
3105	0.819695
3106	0.758047
3107	-2.350936
3108	-2.001839
3109	-1.122295
3110	-0.780262
3111	-1.311982
3112	-1.724202
3113	-1.827326
3114	-1.672743
3115	-2.347136
3116	-1.602509
3117	-2.356758
3118	-1.547170
3119	-2.224861
3120	-1.017767
3121	0.708108
3122	-2.703078
3123	3.748637
3124	-1.871511
3125	1.017478
3126	-0.251151
3127	-1.701395
3128	0.105897
3129	-2.210034
3130	-2.085505
3131	1.036344
3132	-1.820428
3133	-1.559445
3134	-1.960164
3135	2.215216
3136	-1.716883
3137	1.089626
3138	0.165462
3139	-1.735123
3140	-1.543016
3141	0.556774
3142	-2.513384
3143	1.373958
3144	-1.390777
3145	0.459439
3146	-1.946435
3147	-1.785743
3148	1.443900
3149	1.725061
3150	-2.449580
3151	-3.405270
3152	-1.188918
3153	-1.125275
3154	-0.269978
3155	-2.335020
3156	-1.941559
3157	0.987683
3158	-2.561434
3159	-1.427442
3160	1.724610
3161	-2.080782
3162	1.311638
3163	-2.249496
3164	-1.809381
3165	0.621830
3166	-0.262145
3167	-2.700924
3168	1.140056
3169	1.107831
3170	-2.011260
3171	-2.389298
3172	2.540670
3173	-1.960078
3174	1.188947
3175	-2.115468
3176	1.030092
3177	1.371534
3178	1.590815
3179	1.373194
3180	-2.110494
3181	-1.961850
3182	0.893106
3183	-2.476791
3184	-1.691255
3185	2.016535
3186	-1.869234
3187	-2.556996
3188	-1.934829
3189	-1.932197
3190	2.227009
3191	-2.238994
3192	-2.169534
3193	0.750351
3194	1.722627
3195	-1.967661
3196	-1.063529
3197	-2.474805
3198	-2.578109
3199	-2.250627
3200	1.517065
3201	0.547646
3202	-2.182977
3203	0.869709
3204	-2.265833
3205	-2.386970
3206	1.176488
3207	2.052512
3208	-1.886041
3209	1.172583
3210	1.196396
3211	-2.810215
3212	1.343550
3213	-2.413896
3214	-1.800524
3215	2.248915
3216	-1.577481
3217	-2.231824
3218	-2.272903
3219	2.379516
3220	1.091766
3221	-1.731401
3222	-1.461510
3223	0.620472
3224	-2.112425
3225	-1.537725
3226	2.334257
3227	1.164126
3228	-2.133518
3229	1.320835
3230	1.167591
3231	1.892467
3232	0.543080
3233	-2.665540
3234	-1.366666
3235	-2.640402
3236	-2.150765
3237	1.769140
3238	-0.898112
3239	-1.981558
3240	-1.839242
3241	0.935776
3242	-1.523915
3243	2.996453
3244	1.711251
3245	-3.053466
3246	1.823150
3247	-1.907411
3248	-2.461663
3249	0.572237
3250	-0.384689
3251	-1.558415
3252	-0.239914
3253	-2.322659
3254	-1.611345
3255	-0.798387
3256	-1.617436
3257	-1.866820
3258	1.975624
3259	-2.097592
3260	-1.540038
3261	-1.466951
3262	1.187685
3263	-2.523818
3264	1.669183
3265	-1.120215
3266	-1.785778
3267	-2.195165
3268	-1.894764
3269	-2.088258
3270	-1.464401
3271	-1.759924
3272	1.640698
3273	-0.336811
3274	-2.125727
3275	-1.625162
3276	1.233664
3277	-2.102154
3278	-1.518250
3279	-1.471152
3280	-1.327379
3281	-0.450687
3282	-2.031572
3283	-2.134837
3284	-2.500474
3285	-2.467403
3286	-1.186044
3287	-1.854939
3288	-2.265596
3289	3.133622
3290	-1.806250
3291	-0.185261
3292	0.568608
3293	-2.990407
3294	1.923555
3295	-2.331664
3296	-1.202176
3297	-0.440688
3298	1.715510
3299	-2.687638
3300	-1.679495
3301	-1.608905
3302	-1.369267
3303	-2.624836
3304	-1.855196
3305	-0.353414
3306	-0.288027
3307	-1.309438
3308	-1.782691
3309	-2.384430
3310	0.914095
3311	1.060984
3312	-1.187881
3313	0.865458
3314	0.635525
3315	2.004193
3316	-2.176524
3317	-1.658984
3318	1.442223
3319	-2.200301
3320	1.667983
3321	-1.368275
3322	-0.381679
3323	1.316863
3324	-1.337352
3325	-1.174572
3326	-2.355457
3327	-2.064389
3328	2.314784
3329	-2.207532
3330	1.474666
3331	1.376114
3332	2.035957
3333	-1.869660
3334	1.416550
3335	1.008411
3336	0.886217
3337	-1.617669
3338	-2.182785
3339	-1.907444
3340	-2.185563
3341	0.503257
3342	1.747981
3343	1.940330
3344	-2.176117
3345	-2.213715
3346	-1.524784
3347	1.637131
3348	-1.956958
3349	-0.624248
3350	-0.992510
3351	-1.535438
3352	1.207768
3353	1.405413
3354	0.978573
3355	-0.088844
3356	-2.627380
3357	-2.396670
3358	1.774692
3359	-1.376592
3360	-2.650077
3361	1.227325
3362	2.422935
3363	0.034568
3364	-0.481854
3365	-1.432352
3366	-2.291237
3367	0.331637
3368	-1.648542
3369	-1.626580
3370	2.553698
3371	-2.648507
3372	-1.935411
3373	-2.608208
3374	-1.668474
3375	-1.702661
3376	1.156912
3377	1.290429
3378	-2.257122
3379	-1.633583
3380	-0.747724
3381	-2.558916
3382	0.651246
3383	-1.042131
3384	1.918004
3385	-1.037621
3386	2.261872
3387	-1.471921
3388	2.655061
3389	-2.189013
3390	-2.011816
3391	2.750187
3392	2.867829
3393	0.291272
3394	-0.216445
3395	0.481738
3396	-1.680567
3397	1.215874
3398	-1.640635
3399	0.750234
3400	1.003801
3401	1.254170
3402	-1.973913
3403	1.644344
3404	-1.216080
3405	-1.675261
3406	0.952428
3407	-1.081462
3408	-2.222350
3409	-2.130521
3410	0.683311
3411	2.131600
3412	3.242958
3413	1.634816
3414	0.547359
3415	-2.845195
3416	-1.638051
3417	1.566323
3418	-1.829079
3419	-1.894120
3420	-1.313310
3421	-1.685214
3422	-1.507927
3423	-2.066426
3424	-1.882440
3425	-1.109515
3426	-1.343069
3427	-1.553567
3428	-2.075622
3429	0.324868
3430	1.170395
3431	-1.640390
3432	-1.323742
3433	-1.293890
3434	-1.876039
3435	-1.213676
3436	2.227362
3437	-2.188254
3438	1.037139
3439	2.591763
3440	-0.158782
3441	1.395372
3442	-1.662817
3443	1.368225
3444	0.790347
3445	0.796047
3446	0.133067
3447	2.012311
3448	-2.308256
3449	-2.324150
3450	-1.119358
3451	-1.550735
3452	-2.645958
3453	1.030724
3454	-1.699008
3455	0.656951
3456	-2.135006
3457	0.528447
3458	-0.132051
3459	-2.236693
3460	-0.340721
3461	-0.751153
3462	-2.525236
3463	-2.287768
3464	-2.112898
3465	-2.426321
3466	1.891063
3467	-1.445570
3468	1.166186
3469	-2.102204
3470	-2.357351
3471	-2.248935
3472	1.402910
3473	-2.227540
3474	1.825352
3475	-2.128435
3476	2.167529
3477	-1.639538
3478	-1.702082
3479	1.185974
3480	-3.163019
3481	0.107788
3482	-1.610059
3483	-2.336116
3484	-2.348300
3485	2.366112
3486	0.058634
3487	-1.954490
3488	1.507367
3489	-2.321955
3490	-1.754682
3491	-2.116449
3492	1.573426
3493	1.815227
3494	-2.321042
3495	1.661060
3496	0.877390
3497	-2.657679
3498	-1.088258
3499	-1.855830
3500	-2.414876
3501	-2.637514
3502	1.474208
3503	0.393059
3504	-2.378799
3505	-2.603429
3506	-2.274867
3507	-3.222323
3508	0.469807
3509	-0.902022
3510	-2.630506
3511	-2.590400
3512	-1.094378
3513	0.849275
3514	1.498082
3515	-1.621679
3516	-2.242156
3517	1.322935
3518	-2.538211
3519	-1.952939
3520	-3.356648
3521	-1.304991
3522	0.494676
3523	-1.909654
3524	-2.015814
3525	-1.857723
3526	0.444348
3527	-1.813968
3528	0.633305
3529	-1.662610
3530	3.106348
3531	-1.976095
3532	-1.871444
3533	1.080519
3534	-2.941181
3535	2.247548
3536	-1.847617
3537	-1.851092
3538	-2.262791
3539	2.270803
3540	-0.468727
3541	-1.322739
3542	-2.659231
3543	0.260522
3544	1.866177
3545	-2.308194
3546	-1.653911
3547	-2.059875
3548	-1.387909
3549	2.060678
3550	-2.231650
3551	-1.127606
3552	-2.001761
3553	0.577875
3554	-1.058260
3555	2.311886
3556	-2.266719
3557	1.818768
3558	0.457019
3559	-2.990164
3560	-1.739543
3561	-1.586047
3562	2.274771
3563	-2.349791
3564	0.967059
3565	0.317912
3566	1.683487
3567	-2.054583
3568	-1.659818
3569	-2.459610
3570	-2.635574
3571	-1.265379
3572	-0.055560
3573	-1.667992
3574	-1.949363
3575	-2.748680
3576	-2.216845
3577	-2.112374
3578	-1.427492
3579	-1.544662
3580	-2.132920
3581	-1.818574
3582	-2.535478
3583	-2.858583
3584	-1.948804
3585	1.577646
3586	1.601700
3587	-0.014684
3588	1.517811
3589	-2.205305
3590	-2.583489
3591	-2.334748
3592	-1.262930
3593	-1.505690
3594	0.864185
3595	-3.605373
3596	-3.436614
3597	-1.878658
3598	0.685097
3599	1.676966
3600	-2.390011
3601	-1.907373
3602	1.721726
3603	-1.698361
3604	-2.461520
3605	-2.052971
3606	-1.771225
3607	-2.192762
3608	-2.174753
3609	-2.218578
3610	0.145480
3611	-2.523565
3612	0.538237
3613	0.596725
3614	-1.408808
3615	-2.570134
3616	-2.393938
3617	2.752895
3618	-2.350397
3619	-3.356957
3620	0.398000
3621	3.282184
3622	1.361944
3623	1.454422
3624	-1.300017
3625	-2.589905
3626	2.188248
3627	2.646112
3628	-1.943165
3629	0.766569
3630	0.875111
3631	-2.467121
3632	1.126252
3633	1.708034
3634	0.381408
3635	-1.308954
3636	-1.910188
3637	2.421098
3638	1.266204
3639	-1.826927
3640	-1.673637
3641	1.273585
3642	-1.728170
3643	-1.769723
3644	1.739675
3645	2.538612
3646	1.712660
3647	-0.769968
3648	1.322606
3649	-1.825993
3650	-2.299290
3651	-2.577276
3652	-0.211546
3653	-1.882329
3654	-2.269178
3655	-1.599372
3656	-2.441796
3657	-2.181831
3658	0.933731
3659	1.382093
3660	-1.305230
3661	-2.550011
3662	-2.100267
3663	1.290523
3664	3.486654
3665	0.942175
3666	0.522668
3667	1.246013
3668	-2.234313
3669	-2.155774
3670	-0.142736
3671	-0.417931
3672	0.326402
3673	2.388705
3674	0.627935
3675	0.371187
3676	-1.264466
3677	-1.299163
3678	-3.136820
3679	-1.603843
3680	-1.834527
3681	0.193940
3682	0.171533
3683	-1.976543
3684	-2.053030
3685	2.256445
3686	-2.470595
3687	-2.070205
3688	-0.897328
3689	-2.302726
3690	-2.182477
3691	0.940925
3692	-1.861958
3693	-1.180789
3694	-0.437430
3695	0.854996
3696	-1.841169
3697	0.375188
3698	2.715563
3699	-2.008484
3700	-2.140991
3701	-1.322326
3702	2.105687
3703	-2.592857
3704	-2.813309
3705	0.544941
3706	1.018305
3707	-1.473236
3708	2.366139
3709	-1.499181
3710	2.529245
3711	-2.001140
3712	1.099495
3713	1.308883
3714	-1.627164
3715	-0.171566
3716	-1.626898
3717	-2.390505
3718	0.444162
3719	0.790403
3720	-2.252089
3721	-1.965071
3722	-1.151528
3723	0.547140
3724	-0.958593
3725	-1.193318
3726	0.276366
3727	-1.773421
3728	-1.790823
3729	-1.730666
3730	0.931089
3731	-1.593905
3732	1.319441
3733	2.553329
3734	-0.158976
3735	-2.790176
3736	0.761254
3737	-2.142470
3738	-2.626242
3739	-2.005072
3740	0.518152
3741	-1.520728
3742	-2.616021
3743	-2.264834
3744	0.921882
3745	-1.072249
3746	-1.557066
3747	-2.065798
3748	1.021804
3749	-2.157033
3750	0.686879
3751	-1.514799
3752	-2.200010
3753	0.881243
3754	-0.673261
3755	-1.706653
3756	-1.287542
3757	-1.534607
3758	-2.059316
3759	0.343066
3760	-2.199306
3761	-1.783080
3762	-1.250232
3763	2.523486
3764	1.383002
3765	2.108480
3766	-2.083878
3767	-1.595619
3768	0.985194
3769	1.983844
3770	-2.384487
3771	-2.447146
3772	-2.499931
3773	-1.641177
3774	-2.212322
3775	-1.026863
3776	-2.593333
3777	-2.468358
3778	-2.131085
3779	-2.377767
3780	-0.578162
3781	0.713724
3782	-1.568559
3783	-1.613769
3784	-3.151356
3785	1.984121
3786	-2.108857
3787	0.217999
3788	2.276190
3789	1.055775
3790	-1.974997
3791	-1.679227
3792	1.160169
3793	1.037957
3794	-2.626153
3795	1.179112
3796	0.678028
3797	0.505183
3798	1.297619
3799	-2.043030
3800	-2.678139
3801	-1.740154
3802	1.831633
3803	2.054129
3804	2.472932
3805	1.961641
3806	-1.199083
3807	0.532067
3808	-1.515887
3809	0.083073
3810	-1.049743
3811	-2.227223
3812	2.960350
3813	-1.764852
3814	1.658346
3815	3.377965
3816	-2.756246
3817	-2.494098
3818	-2.950772
3819	-1.712046
3820	-1.421545
3821	-2.222980
3822	1.266351
3823	0.995640
3824	2.548227
3825	-2.195403
3826	-1.815947
3827	-1.563452
3828	-2.323630
3829	0.896067
3830	0.152673
3831	2.550392
3832	-1.912974
3833	1.339791
3834	0.973340
3835	-1.945367
3836	-1.821567
3837	-1.778439
3838	0.341829
3839	-1.480391
3840	-2.301759
3841	2.831290
3842	-2.086028
3843	-2.090963
3844	-2.422009
3845	-2.183743
3846	-1.706161
3847	-1.777673
3848	-1.718192
3849	-1.495389
3850	-2.597798
3851	1.399673
3852	1.873753
3853	-2.225686
3854	-2.630817
3855	2.144795
3856	-2.289688
3857	-1.773052
3858	-1.320746
3859	-1.617809
3860	-2.140232
3861	0.465137
3862	-0.005702
3863	-2.630518
3864	-2.257988
3865	-2.595363
3866	0.751479
3867	-1.196099
3868	-1.752390
3869	-2.321619
3870	-2.510666
3871	1.707970
3872	0.919774
3873	-1.914727
3874	-1.816533
3875	-1.751582
3876	-0.466556
3877	-3.074879
3878	-2.174221
3879	-1.858242
3880	2.041699
3881	-2.361599
3882	2.132739
3883	0.461153
3884	-1.944554
3885	0.097980
3886	-0.060876
3887	3.083099
3888	0.846307
3889	-2.666378
3890	-1.863389
3891	-1.699514
3892	1.379488
3893	-1.478677
3894	0.521055
3895	0.311291
3896	-1.847760
3897	-1.844339
3898	-2.754438
3899	1.468070
3900	0.873696
3901	1.785290
3902	0.620411
3903	3.383197
3904	-1.711265
3905	-0.682288
3906	-1.405101
3907	0.671099
3908	-1.307637
3909	-2.472507
3910	2.224028
3911	-1.746917
3912	0.725730
3913	-2.168487
3914	-1.900952
3915	-2.102730
3916	-2.268544
3917	-2.235827
3918	2.304329
3919	-1.324693
3920	1.195720
3921	-0.942511
3922	-0.210584
3923	-2.470815
3924	2.082060
3925	-2.654834
3926	-0.931416
3927	-1.700487
3928	-2.564627
3929	-2.106498
3930	-2.445926
3931	1.631140
3932	-1.322419
3933	-1.864216
3934	-2.753481
3935	0.840057
3936	-1.594404
3937	-1.650013
3938	0.241324
3939	0.617884
3940	2.333703
3941	-0.254861
3942	0.227241
3943	-2.902318
3944	-1.463000
3945	-1.104509
3946	-2.730037
3947	-2.232588
3948	-2.268124
3949	-2.557669
3950	-1.681394
3951	-1.832069
3952	-2.447426
3953	-1.674783
3954	1.823100
3955	-1.683856
3956	1.268776
3957	-0.964921
3958	-2.084085
3959	-1.891323
3960	-0.321739
3961	3.238221
3962	-1.661502
3963	-2.193599
3964	0.407605
3965	0.869459
3966	1.836414
3967	-2.106461
3968	-0.644582
3969	1.193930
3970	1.500973
3971	-2.822479
3972	1.332933
3973	0.521847
3974	0.988878
3975	0.379614
3976	-2.024794
3977	-2.003243
3978	-2.705686
3979	-1.536188
3980	1.014064
3981	1.197724
3982	-1.632939
3983	-2.454210
3984	0.166724
3985	-1.586683
3986	-1.466048
3987	-2.473484
3988	-2.535444
3989	0.261471
3990	1.312717
3991	-2.504975
3992	-1.816473
3993	-1.409188
3994	1.736844
3995	-2.335775
3996	-2.068661
3997	-1.683670
3998	-2.136064
3999	-1.449023
4000	-2.623935
4001	1.212839
4002	2.235601
4003	-2.058280
4004	-2.221767
4005	-2.610127
4006	1.226182
4007	-1.996073
4008	1.905888
4009	-1.436374
4010	-1.902605
4011	-1.108657
4012	-2.078737
4013	1.084775
4014	-2.935684
4015	-1.963105
4016	-2.229076
4017	-2.071903
4018	0.195348
4019	-0.396748
4020	-2.773332
4021	2.798294
4022	-1.897738
4023	1.204346
4024	-0.018609
4025	-1.783574
4026	-2.050300
4027	-1.563653
4028	-2.197702
4029	-2.247701
4030	-1.721057
4031	-2.142691
4032	-0.594531
4033	-2.679137
4034	-3.243519
4035	-1.355647
4036	-2.221523
4037	-2.641075
4038	-0.352446
4039	-1.531394
4040	1.790734
4041	2.101627
4042	1.043897
4043	-1.938080
4044	-1.952854
4045	-1.975611
4046	-1.661877
4047	-1.820549
4048	-2.633740
4049	-1.483726
4050	-1.699119
4051	-1.980296
4052	-2.243440
4053	1.493062
4054	1.750460
4055	-3.231322
4056	-2.706454
4057	-0.451962
4058	0.241109
4059	-2.724333
4060	-0.058801
4061	-2.055069
4062	-0.205612
4063	0.767971
4064	-0.029499
4065	-2.082837
4066	-2.042397
4067	-1.899694
4068	-1.974640
4069	2.241146
4070	-2.477518
4071	0.793850
4072	2.134538
4073	-1.722742
4074	-1.537350
4075	-1.310839
4076	-2.735891
4077	1.442081
4078	-2.328423
4079	-2.123510
4080	-1.447721
4081	1.554751
4082	-1.922637
4083	-1.438745
4084	0.523848
4085	-1.731633
4086	-1.709461
4087	0.555897
4088	-1.605970
4089	-1.987783
4090	2.422180
4091	-0.685280
4092	-1.210997
4093	-2.242662
4094	-1.602574
4095	-1.656925
4096	-2.188647
4097	0.063731
4098	0.933828
4099	2.134107
4100	-1.924264
4101	-1.165876
4102	2.218353
4103	-1.840368
4104	-0.291838
4105	1.887505
4106	0.303927
4107	-2.191891
4108	2.481028
4109	2.045572
4110	-1.542874
4111	1.510294
4112	0.704346
4113	-0.184295
4114	-2.217470
4115	1.067954
4116	-2.406127
4117	1.354271
4118	0.987801
4119	-1.314180
4120	-2.717998
4121	-0.993579
4122	-2.624416
4123	-0.091673
4124	-2.154665
4125	-1.172853
4126	-2.298351
4127	-1.629156
4128	0.431332
4129	1.897890
4130	1.811206
4131	-1.768435
4132	-1.158372
4133	-1.249284
4134	-2.879491
4135	1.813976
4136	1.345380
4137	-1.558368
4138	-2.066235
4139	-2.193685
4140	-2.199492
4141	-1.434689
4142	-1.715739
4143	-2.365270
4144	0.961990
4145	0.131952
4146	-1.295379
4147	-1.482290
4148	-1.724003
4149	-2.289422
4150	1.943158
4151	-1.683298
4152	1.297432
4153	-2.869467
4154	1.136615
4155	-0.872575
4156	-2.682549
4157	-1.770190
4158	-1.994006
4159	0.759565
4160	-1.024616
4161	1.640875
4162	-1.200026
4163	-1.520830
4164	-0.331090
4165	-1.884608
4166	-2.085173
4167	-2.301176
4168	-2.387331
4169	0.927346
4170	-0.826410
4171	-2.580192
4172	-1.610031
4173	-1.748780
4174	0.813203
4175	-1.899169
4176	-1.933780
4177	-1.537863
4178	0.575356
4179	-1.378232
4180	-2.027953
4181	-1.845168
4182	-2.328254
4183	-2.110382
4184	-2.541197
4185	-2.328803
4186	-2.875025
4187	-2.631342
4188	-2.147439
4189	1.247088
4190	-3.018110
4191	-1.958445
4192	-2.151008
4193	-2.152587
4194	1.047287
4195	-2.831094
4196	-1.542987
4197	-2.753239
4198	2.764334
4199	-2.254473
4200	-1.614545
4201	2.140645
4202	-1.899630
4203	-1.461544
4204	0.719000
4205	1.498803
4206	3.103957
4207	-2.232972
4208	-2.160591
4209	-2.179239
4210	-1.903439
4211	0.533961
4212	-0.216807
4213	-2.056491
4214	1.151078
4215	-0.953066
4216	-2.069636
4217	-0.818792
4218	2.109484
4219	1.140315
4220	0.666985
4221	-1.648614
4222	0.375531
4223	1.126338
4224	0.555547
4225	0.952661
4226	1.065469
4227	-1.000682
4228	-2.437779
4229	1.264435
4230	3.303231
4231	0.943062
4232	-1.757027
4233	-2.000834
4234	-0.909935
4235	-1.593311
4236	0.218221
4237	-1.325918
4238	-2.458236
4239	-1.281839
4240	-0.070136
4241	-2.161864
4242	0.346265
4243	2.170232
4244	-2.155042
4245	1.966840
4246	1.153070
4247	-2.299518
4248	-2.785109
4249	-0.307189
4250	2.177847
4251	-2.906628
4252	-0.896246
4253	-1.562272
4254	-2.736918
4255	-2.598590
4256	-1.686683
4257	1.036957
4258	-2.293483
4259	-0.096141
4260	-0.631422
4261	-2.311858
4262	1.393106
4263	1.476559
4264	-1.646127
4265	1.095664
4266	-1.429634
4267	-2.047627
4268	0.834059
4269	-2.169043
4270	-1.929519
4271	1.069050
4272	1.379821
4273	-2.734026
4274	3.258494
4275	-2.065319
4276	0.157566
4277	-3.553089
4278	-1.270411
4279	1.190202
4280	-2.032654
4281	1.790993
4282	-2.268030
4283	1.037671
4284	1.054375
4285	-2.078935
4286	-1.870897
4287	1.015072
4288	-1.744529
4289	2.984062
4290	1.784969
4291	-0.145018
4292	1.408982
4293	-2.350085
4294	-3.141529
4295	-1.695978
4296	-2.035773
4297	0.223872
4298	0.662520
4299	0.680919
4300	-1.860608
4301	-1.985761
4302	-1.514791
4303	-3.055898
4304	1.867014
4305	1.527664
4306	-1.392955
4307	-1.763334
4308	-2.486888
4309	-2.034538
4310	1.033760
4311	-2.272410
4312	-1.891523
4313	-2.112654
4314	1.606278
4315	1.431558
4316	-1.214373
4317	-2.059554
4318	-2.102194
4319	-1.848941
4320	1.712241
4321	2.203193
4322	-1.062247
4323	1.613892
4324	1.867098
4325	-2.794316
4326	0.896299
4327	2.098615
4328	-1.655268
4329	1.045821
4330	-2.414466
4331	-3.001462
4332	-2.158501
4333	-1.084844
4334	-1.687128
4335	-2.403125
4336	0.623815
4337	1.502258
4338	-2.014999
4339	-1.521659
4340	-0.073092
4341	-2.386977
4342	-1.658979
4343	0.725775
4344	2.644028
4345	-1.151858
4346	-1.508473
4347	0.925160
4348	-1.890634
4349	1.157826
4350	0.624366
4351	-2.288504
4352	1.067317
4353	-2.034637
4354	-2.486543
4355	-1.596246
4356	-2.478255
4357	0.195974
4358	1.042807
4359	0.056620
4360	1.868695
4361	-1.725508
4362	-2.991004
4363	-2.803246
4364	1.480922
4365	-2.006439
4366	-2.859461
4367	-1.573617
4368	-1.877999
4369	-0.704204
4370	3.977697
4371	0.575363
4372	-2.289598
4373	-1.442472
4374	-2.417050
4375	0.733571
4376	-2.189244
4377	-1.192836
4378	2.262078
4379	-2.323740
4380	0.014318
4381	0.412314
4382	-2.442726
4383	-2.449785
4384	-0.078237
4385	1.726874
4386	1.241539
4387	2.096958
4388	-1.648517
4389	-2.184566
4390	2.242102
4391	2.042422
4392	1.007665
4393	1.036661
4394	1.297314
4395	2.525616
4396	-2.418318
4397	1.504310
4398	-1.807744
4399	-0.093854
4400	-1.542558
4401	-1.493431
4402	-0.596092
4403	-1.111215
4404	2.682614
4405	-2.990769
4406	-0.577777
4407	2.038880
4408	-1.356409
4409	-2.405300
4410	1.913290
4411	1.012125
4412	0.513226
4413	-0.542301
4414	-1.285708
4415	0.765443
4416	-1.928358
4417	2.497064
4418	1.960144
4419	2.426524
4420	-2.017019
4421	-2.240812
4422	1.212221
4423	-1.718650
4424	-0.576363
4425	0.425599
4426	-1.952838
4427	0.727894
4428	-1.977185
4429	-1.593143
4430	-1.981246
4431	1.760183
4432	-0.336038
4433	-2.436889
4434	-1.544299
4435	0.635760
4436	-2.032258
4437	0.725693
4438	-1.394844
4439	1.176232
4440	-0.579215
4441	1.123834
4442	-1.229388
4443	2.745455
4444	-1.726506
4445	-2.437161
4446	-2.163821
4447	-1.544111
4448	-0.263024
4449	-1.737402
4450	2.207810
4451	0.405994
4452	0.469887
4453	-2.017478
4454	-0.278119
4455	-2.365322
4456	-1.462938
4457	1.746059
4458	-2.146306
4459	0.004168
4460	-2.364282
4461	-2.288592
4462	0.225996
4463	-1.640055
4464	-1.438377
4465	-1.612675
4466	0.404998
4467	1.201354
4468	-1.026562
4469	1.980586
4470	-2.573786
4471	-2.335864
4472	-2.209287
4473	0.540359
4474	0.449421
4475	-2.617772
4476	-2.803425
4477	-2.374445
4478	-1.859125
4479	-1.493450
4480	-2.604157
4481	-2.372872
4482	-2.556509
4483	2.755783
4484	-1.043362
4485	-1.895994
4486	-1.616523
4487	-1.830802
4488	1.492736
4489	1.778923
4490	-1.404500
4491	-1.758967
4492	-1.390972
4493	-2.486056
4494	1.925122
4495	-2.424728
4496	0.190111
4497	0.894001
4498	-1.913727
4499	-1.775775
4500	-1.747171
4501	-1.193684
4502	-2.394985
4503	-2.077654
4504	0.688264
4505	-2.370119
4506	1.764977
4507	1.443874
4508	-1.783518
4509	1.253477
4510	-1.589966
4511	-2.739537
4512	-2.743355
4513	1.730889
4514	1.372315
4515	-1.585395
4516	0.402398
4517	-1.791485
4518	-1.645339
4519	0.004125
4520	-1.514117
4521	1.020431
4522	-1.360019
4523	-1.463643
4524	-2.852329
4525	0.872220
4526	-1.158182
4527	-1.345402
4528	1.382738
4529	1.441572
4530	-1.605568
4531	0.995057
4532	-2.210770
4533	2.103327
4534	-2.082212
4535	-2.657696
4536	-1.551829
4537	-1.960422
4538	1.813435
4539	-1.828269
4540	-2.620655
4541	-0.767675
4542	0.953590
4543	-1.371558
4544	1.569228
4545	0.617196
4546	-2.582243
4547	0.563970
4548	-1.808432
4549	1.181364
4550	0.589077
4551	-2.849774
4552	0.243808
4553	0.699615
4554	-2.210554
4555	-2.253464
4556	1.472021
4557	-2.341482
4558	-2.700948
4559	0.972863
4560	-2.524256
4561	-2.044756
4562	-0.832931
4563	1.061542
4564	1.892833
4565	-2.130887
4566	-1.082323
4567	-1.941950
4568	-1.300363
4569	2.660776
4570	-1.929277
4571	0.292039
4572	-2.399916
4573	1.667987
4574	-2.658654
4575	-1.495081
4576	-1.756683
4577	-1.721830
4578	-2.098685
4579	-1.930801
4580	-2.568239
4581	-2.147772
4582	1.119655
4583	2.099435
4584	-2.497776
4585	-2.809968
4586	-2.049627
4587	-2.219807
4588	-2.252364
4589	-1.649998
4590	1.681952
4591	-0.406156
4592	-2.344298
4593	-1.909869
4594	-0.970661
4595	-1.888442
4596	1.188608
4597	-0.177051
4598	-1.006728
4599	-1.909700
4600	2.408624
4601	-2.007443
4602	-1.787071
4603	3.442734
4604	-2.071864
4605	-1.740889
4606	-1.215037
4607	0.893714
4608	-1.636402
4609	-2.496403
4610	-2.191484
4611	-1.761364
4612	0.145584
4613	-1.626381
4614	-2.111914
4615	-1.369997
4616	-2.017706
4617	2.719326
4618	1.363269
4619	-0.022765
4620	-2.875985
4621	-1.525905
4622	2.118058
4623	0.787548
4624	0.939845
4625	0.899900
4626	-1.401920
4627	4.047071
4628	-1.891061
4629	-1.773082
4630	-1.962565
4631	2.145668
4632	0.154297
4633	-1.897835
4634	-2.052462
4635	-1.376707
4636	1.917872
4637	-2.316050
4638	-0.208224
4639	0.434352
4640	1.245376
4641	-2.360967
4642	0.482787
4643	-2.007812
4644	0.072169
4645	-2.310590
4646	-2.525121
4647	2.055180
4648	-2.294356
4649	1.027136
4650	-2.466417
4651	-1.936621
4652	1.085083
4653	0.954710
4654	-2.537877
4655	-1.170612
4656	-2.610124
4657	-0.936780
4658	-1.717632
4659	0.624863
4660	1.070434
4661	0.769080
4662	1.659552
4663	-1.729665
4664	-2.350309
4665	1.719711
4666	0.780590
4667	-3.358218
4668	0.418045
4669	-1.538378
4670	0.237533
4671	-1.937723
4672	-1.769667
4673	-2.024869
4674	0.766650
4675	-0.901714
4676	0.950054
4677	2.166406
4678	-1.935370
4679	-2.004656
4680	-1.106311
4681	-1.987164
4682	-2.085281
4683	2.054073
4684	1.714853
4685	-2.800812
4686	2.144480
4687	-1.333274
4688	-1.800791
4689	1.835820
4690	-1.637717
4691	1.656606
4692	-1.947684
4693	-0.175010
4694	-0.984407
4695	1.401640
4696	1.533480
4697	0.301583
4698	-1.822928
4699	-1.465849
4700	-1.645209
4701	-2.623807
4702	-2.311869
4703	-2.711364
4704	0.415160
4705	-2.439398
4706	-0.933549
4707	-0.569282
4708	3.164603
4709	1.384627
4710	-2.786465
4711	1.922438
4712	-1.769358
4713	-1.662073
4714	2.873425
4715	-2.591630
4716	-1.129715
4717	-0.340348
4718	-1.115087
4719	-0.632521
4720	1.906726
4721	0.088088
4722	-0.199195
4723	-1.999224
4724	-1.214702
4725	-2.005802
4726	-2.428668
4727	-2.828264
4728	-0.935579
4729	1.120887
4730	-2.091766
4731	-1.970215
4732	-2.656804
4733	-2.532268
4734	-2.136730
4735	-2.143177
4736	-2.446384
4737	-0.692367
4738	-2.118250
4739	0.377548
4740	-1.891345
4741	-2.762904
4742	-1.707111
4743	-0.707353
4744	2.938789
4745	-2.918103
4746	-2.265178
4747	-2.542319
4748	-0.710088
4749	-1.861089
4750	2.347530
4751	0.909434
4752	-2.318707
4753	-2.459398
4754	-2.781898
4755	-2.440043
4756	-1.718852
4757	0.424382
4758	-2.872864
4759	-2.434459
4760	3.089018
4761	-1.351141
4762	-3.397982
4763	-0.515569
4764	-1.758629
4765	-2.233224
4766	-2.386822
4767	-1.659587
4768	-3.051326
4769	0.419850
4770	1.751085
4771	-1.026540
4772	-1.971110
4773	-2.093025
4774	0.855212
4775	0.397608
4776	-2.008088
4777	-1.896792
4778	-2.156746
4779	-2.561220
4780	-2.080801
4781	2.306033
4782	-0.550052
4783	-2.398486
4784	-1.941153
4785	1.738476
4786	-1.858965
4787	2.046924
4788	0.674564
4789	1.596800
4790	1.061066
4791	-2.689840
4792	-2.182168
4793	0.523746
4794	-1.956559
4795	-1.069319
4796	1.259298
4797	-1.615575
4798	-1.487617
4799	2.990862
4800	-1.118757
4801	-1.514794
4802	-1.933747
4803	0.010591
4804	-2.014754
4805	-2.037670
4806	-1.401741
4807	-1.447098
4808	1.536386
4809	-2.795645
4810	-1.739926
4811	-1.923881
4812	-2.352597
4813	2.034270
4814	1.237569
4815	-2.020184
4816	0.229457
4817	-0.775088
4818	0.865722
4819	-2.285549
4820	-1.545029
4821	-2.325454
4822	2.547832
4823	0.153069
4824	0.074396
4825	-0.315497
4826	0.428827
4827	-2.232048
4828	-3.037189
4829	-2.148369
4830	-2.722257
4831	-2.097770
4832	-2.975930
4833	-2.762246
4834	-2.457363
4835	0.612266
4836	-1.154973
4837	-1.538573
4838	1.422090
4839	0.360171
4840	-1.800001
4841	-0.451708
4842	-1.654674
4843	-2.230356
4844	2.142022
4845	-1.421811
4846	-2.068289
4847	1.920290
4848	0.972451
4849	-1.716864
4850	-1.849681
4851	-3.146078
4852	-2.190193
4853	0.518413
4854	0.613060
4855	1.686257
4856	0.404278
4857	1.786362
4858	2.186061
4859	-1.102580
4860	-0.009216
4861	1.976259
4862	1.570020
4863	2.183965
4864	-1.310389
4865	-2.549849
4866	0.148522
4867	-1.834578
4868	-1.887140
4869	-1.364926
4870	0.339404
4871	0.481454
4872	-1.727871
4873	1.012178
4874	-1.596883
4875	0.880903
4876	0.905981
4877	-2.883974
4878	-1.624186
4879	-1.942345
4880	-2.189436
4881	-1.671333
4882	-1.764764
4883	-0.047245
4884	1.623959
4885	-1.624018
4886	0.291563
4887	-1.864705
4888	-2.114992
4889	-1.879891
4890	-2.215260
4891	1.270909
4892	-2.045190
4893	-1.353342
4894	0.187008
4895	-1.541741
4896	-2.931814
4897	-1.591575
4898	-2.174783
4899	-2.432502
4900	1.322357
4901	-2.010773
4902	-0.042883
4903	1.098095
4904	1.727615
4905	1.382449
4906	-1.843293
4907	-2.797030
4908	-2.302766
4909	-2.884101
4910	-1.581288
4911	0.248807
4912	1.028958
4913	-1.697435
4914	-2.226948
4915	-1.393487
4916	1.169211
4917	-0.221285
4918	-1.818474
4919	-1.181989
4920	1.230417
4921	-2.072179
4922	1.956772
4923	0.388365
4924	-1.310564
4925	0.036491
4926	-0.485253
4927	-2.404243
4928	0.457365
4929	0.787875
4930	1.043373
4931	-2.054902
4932	-2.122565
4933	-1.813762
4934	-2.199567
4935	0.425448
4936	-0.679059
4937	-2.815543
4938	-1.800700
4939	-0.748508
4940	3.131405
4941	-0.083256
4942	0.251086
4943	-0.044528
4944	0.943931
4945	1.523465
4946	-2.077581
4947	0.179399
4948	-0.391817
4949	-1.636172
4950	-2.325722
4951	1.206538
4952	-2.456187
4953	0.058004
4954	-1.516829
4955	1.564176
4956	0.752138
4957	-1.471284
4958	1.181482
4959	0.260092
4960	-1.669601
4961	1.513358
4962	-3.170078
4963	-1.375881
4964	-1.902305
4965	-2.217378
4966	-2.072964
4967	0.218321
4968	-1.662388
4969	-2.401695
4970	-2.660748
4971	-1.143228
4972	-1.981260
4973	-2.458459
4974	-1.348384
4975	-3.134581
4976	-0.608477
4977	-2.647557
4978	-2.454102
4979	-1.296817
4980	2.140194
4981	-2.589437
4982	-1.687259
4983	0.076822
4984	-2.195881
4985	1.447328
4986	2.448776
4987	-2.120654
4988	1.612769
4989	1.562841
4990	-2.690156
4991	-1.476138
4992	-2.161347
4993	-1.889681
4994	0.019727
4995	0.428269
4996	-0.152382
4997	-0.524940
4998	1.265633
4999	0.803429
