0	0.467245
1	-1.046828
2	-1.885042
3	1.932073
4	-1.508104
5	1.654163
6	1.183679
7	-0.242905
8	-1.734802
9	1.107904
10	0.062747
11	-2.024158
12	1.412634
13	-2.292621
14	-1.922353
15	2.537741
16	-1.887361
17	-0.067583
18	-2.167167
19	2.124134
20	0.579134
21	-0.110946
22	-2.871353
23	-1.350460
24	-1.867028
25	1.083867
26	-2.471544
27	-2.573664
28	-2.818471
29	-2.225023
30	-0.118185
31	0.745977
32	-1.880209
33	-0.658744
34	-2.037813
35	0.090625
36	1.325124
37	1.181334
38	1.603450
39	-2.751219
40	-1.320456
41	-0.192401
42	1.988056
43	-2.332742
44	-1.071744
45	-2.110282
46	-0.124037
47	-0.103457
48	0.464836
49	0.547763
50	-2.297378
51	-2.513972
52	0.076722
53	-2.515098
54	0.149658
55	-1.827500
56	-1.782843
57	1.218130
58	2.702769
59	0.503888
60	-2.152539
61	-1.607807
62	-2.150381
63	-0.769877
64	-1.541123
65	-1.160940
66	2.394443
67	-0.880651
68	-1.413651
69	-2.082122
70	-1.760140
71	-2.232020
72	-2.460102
73	-0.021093
74	-1.781858
75	-1.851117
76	0.714927
77	2.269155
78	-2.906839
79	-0.686390
80	-1.515015
81	-0.927382
82	-2.603635
83	-1.621728
84	1.697572
85	-2.312737
86	0.956121
87	-1.247787
88	0.487134
89	-2.538109
90	-2.178628
91	2.026089
92	1.504013
93	-2.390523
94	-1.848336
95	-2.033544
96	1.867791
97	0.579738
98	-1.477183
99	2.105692
100	0.209145
101	-1.915934
102	1.553788
103	1.110404
104	2.645750
105	1.105963
106	-2.618633
107	-1.821410
108	-2.333467
109	2.084469
110	0.357557
111	0.841455
112	-1.956587
113	-1.620368
114	-1.330481
115	1.631324
116	-0.161266
117	2.738378
118	1.828027
119	-3.747452
120	-2.012845
121	-2.296701
122	-2.240263
123	-0.164606
124	0.327390
125	-1.931836
126	0.775284
127	-2.146505
128	2.044553
129	-2.354002
130	0.624987
131	-2.239630
132	-2.560291
133	1.365996
134	-1.560409
135	-1.460151
136	-1.916167
137	-2.440936
138	-2.922760
139	1.248046
140	0.676493
141	-2.525604
142	-2.505593
143	-2.322565
144	-1.887025
145	-0.850591
146	1.650695
147	-0.540707
148	-1.837183
149	-2.081991
150	-0.356617
151	1.664919
152	0.055040
153	-1.225276
154	-1.877474
155	-0.453492
156	-1.896573
157	-0.068433
158	1.324945
159	-3.012708
160	-2.319621
161	-0.329611
162	-2.137360
163	-2.323409
164	-2.424143
165	2.793240
166	2.023823
167	-2.718120
168	2.886001
169	-1.900863
170	-1.819028
171	0.717392
172	-2.183358
173	0.942840
174	-1.447423
175	1.973610
176	-0.974544
177	-2.386344
178	2.941451
179	0.989575
180	0.683645
181	-1.620433
182	-2.011243
183	-0.459126
184	1.119130
185	2.228357
186	-1.828527
187	-2.432319
188	0.346509
189	-2.331593
190	-1.820770
191	-2.358435
192	-1.665947
193	-1.640655
194	2.892742
195	2.214525
196	-0.933182
197	-0.442533
198	-2.667600
199	-2.775237
200	-1.471099
201	-1.704313
202	-0.200439
203	-0.331530
204	0.287392
205	-2.040651
206	-1.826396
207	-2.120379
208	-2.953701
209	1.120071
210	-0.527765
211	-2.085558
212	-2.340575
213	-1.970098
214	-1.575911
215	-1.339542
216	1.780380
217	0.110197
218	-2.031962
219	1.334982
220	-2.563181
221	1.246630
222	1.603759
223	-2.098811
224	-2.689234
225	-0.311357
226	-1.815027
227	-1.458264
228	-2.261921
229	2.006604
230	0.309026
231	-2.022200
232	2.889768
233	-2.294822
234	-2.934717
235	-1.040405
236	-2.567915
237	-2.225325
238	0.441090
239	1.793766
240	0.675766
241	-2.374125
242	-2.148346
243	0.920957
244	-2.226243
245	-1.726338
246	-1.673478
247	2.409220
248	-1.522012
249	-2.106712
250	-1.009143
251	0.722274
252	1.666483
253	-1.693572
254	-1.726697
255	1.170762
256	-1.296817
257	-0.992575
258	1.209078
259	1.286884
260	1.479515
261	-1.505948
262	0.215325
263	1.703995
264	1.055732
265	-1.944458
266	2.670142
267	-1.990648
268	-1.926877
269	-1.812229
270	1.097992
271	2.645084
272	1.399758
273	0.159186
274	1.008980
275	1.558080
276	-2.110699
277	1.862911
278	1.917432
279	-2.150861
280	-1.953300
281	-2.949410
282	1.100414
283	2.107156
284	-2.801840
285	0.597967
286	3.704386
287	2.176088
288	-2.031747
289	1.805508
290	1.148291
291	-1.703704
292	-1.793141
293	-2.250567
294	-2.543953
295	-1.167708
296	-1.717599
297	-2.108688
298	2.013583
299	-1.428214
300	-0.145219
301	-1.919327
302	1.680391
303	-2.064772
304	1.498752
305	1.270856
306	-1.995272
307	-1.745475
308	-1.929136
309	-2.264864
310	-1.804278
311	-1.783081
312	-1.155436
313	2.891103
314	1.342584
315	1.501281
316	0.859255
317	-2.658448
318	-2.105561
319	0.338652
320	-2.631136
321	0.278233
322	-2.156034
323	-2.323881
324	0.198986
325	1.014675
326	-1.942183
327	-1.249770
328	-2.375298
329	-2.506181
330	-1.574931
331	-1.415164
332	-1.674353
333	-1.781205
334	-2.220482
335	-1.802258
336	-1.712981
337	-1.895719
338	-2.063850
339	-1.984932
340	-2.680584
341	-1.604197
342	1.845225
343	0.776086
344	1.691785
345	-1.474470
346	-2.236559
347	-1.229743
348	0.288742
349	2.496378
350	-1.847116
351	2.227001
352	-2.009124
353	0.446515
354	-1.775043
355	-2.109069
356	-2.217642
357	-0.295542
358	0.717770
359	-2.386949
360	-2.248530
361	2.546280
362	-1.529975
363	-2.650574
364	-1.259238
365	-0.942996
366	0.233548
367	1.278339
368	0.370819
369	-3.107769
370	-1.380827
371	0.058875
372	-1.828028
373	1.086733
374	-1.328094
375	0.766840
376	-1.180973
377	0.918875
378	-2.367367
379	-1.043013
380	1.581900
381	-3.366654
382	-2.288080
383	-1.428133
384	1.660107
385	-2.755737
386	-2.217526
387	-2.259480
388	-2.010126
389	-2.362090
390	1.166266
391	-2.253049
392	-1.954183
393	-2.157498
394	-1.610608
395	2.334145
396	2.582235
397	-0.866454
398	0.786912
399	-0.368523
400	-2.057361
401	-2.060141
402	-2.555879
403	-1.408385
404	-1.996361
405	-2.138694
406	-2.180871
407	-1.194445
408	-1.172940
409	-2.531126
410	0.714562
411	-2.089930
412	1.545704
413	-1.881179
414	-2.310134
415	0.487000
416	-2.936870
417	-1.742579
418	-2.345294
419	2.131344
420	-0.628532
421	0.591083
422	0.279414
423	-0.289928
424	-0.830735
425	0.746012
426	-2.118199
427	-2.212391
428	-1.719768
429	-2.488101
430	0.483277
431	0.201104
432	1.252812
433	-1.557957
434	-2.446527
435	-1.623642
436	0.324165
437	-2.535485
438	-1.718871
439	2.188609
440	-1.625019
441	-0.640053
442	1.062540
443	0.561779
444	1.643534
445	-1.625825
446	-2.474678
447	-1.708052
448	0.206783
449	-2.240643
450	-1.488157
451	-1.601790
452	1.360872
453	1.748085
454	0.979380
455	1.571764
456	1.491012
457	-2.253659
458	-2.129395
459	-1.249335
460	2.139356
461	1.149468
462	1.667755
463	-1.943614
464	-1.595454
465	-2.384020
466	1.449271
467	1.897118
468	-2.373283
469	-2.553844
470	-2.212647
471	-2.757626
472	-1.610754
473	-1.426036
474	-2.664470
475	1.008468
476	-2.226620
477	-1.098838
478	-2.299778
479	1.145351
480	1.829544
481	-0.362907
482	-1.727858
483	1.166812
484	2.279261
485	-1.849293
486	2.031685
487	-1.369221
488	-1.478971
489	-0.837302
490	-1.399592
491	-1.238942
492	-1.780330
493	-1.667135
494	1.868939
495	-0.470908
496	-1.664001
497	1.256166
498	-1.627606
499	-1.826615
500	1.966656
501	-1.776403
502	-1.650517
503	1.662468
504	-1.685676
505	-1.922965
506	-2.698296
507	0.740925
508	-1.899096
509	-1.736068
510	-2.501341
511	-1.945072
512	-1.236712
513	1.662446
514	-2.060154
515	-1.887507
516	0.762969
517	-2.460892
518	0.167963
519	-1.781382
520	-1.188409
521	-1.417803
522	-1.759679
523	-2.612448
524	-2.180738
525	-2.216256
526	1.859021
527	-0.483884
528	-0.174561
529	-1.829987
530	0.272616
531	0.297443
532	-1.965040
533	-2.143925
534	1.029545
535	-2.709966
536	-2.540284
537	1.027149
538	-2.003609
539	-2.698754
540	0.824890
541	-1.554739
542	-1.936662
543	-1.588410
544	-2.497078
545	-0.457722
546	-1.842792
547	-1.700565
548	1.812479
549	-0.817268
550	0.662603
551	-1.744251
552	-3.317208
553	-0.345344
554	-1.034685
555	-2.044281
556	0.836320
557	-2.098660
558	-2.445965
559	0.178443
560	2.353586
561	-2.267842
562	-2.716573
563	0.640279
564	0.472917
565	-2.128796
566	-2.238046
567	-1.794310
568	0.769236
569	-1.382398
570	-2.139255
571	2.478888
572	-2.132041
573	-1.723783
574	-1.805515
575	2.146131
576	-2.624776
577	1.718913
578	-1.918334
579	1.946688
580	-2.310585
581	-0.765502
582	-1.698949
583	1.652692
584	-1.240875
585	0.610515
586	-2.322969
587	-1.959253
588	0.086575
589	0.318345
590	-2.404944
591	-1.711973
592	1.839745
593	-1.453860
594	-1.636395
595	1.469185
596	-1.713889
597	-1.692994
598	-1.906680
599	-1.907035
600	2.620248
601	1.914291
602	1.415397
603	0.894690
604	-1.391366
605	0.599280
606	-2.219896
607	-1.374829
608	0.463899
609	0.849318
610	-2.427429
611	0.287935
612	1.651789
613	-1.872978
614	-1.507827
615	2.249548
616	-2.169951
617	0.674949
618	-2.350723
619	2.512122
620	-0.784759
621	2.153714
622	-1.633777
623	1.384583
624	-2.462874
625	-1.884762
626	0.714575
627	0.861087
628	-1.054071
629	-2.502044
630	-2.301262
631	2.181849
632	0.718739
633	-2.104634
634	-2.198641
635	-2.591355
636	-3.150295
637	0.226228
638	-2.228793
639	1.240718
640	-2.463601
641	-1.311137
642	1.190437
643	-2.757719
644	0.860969
645	-2.058532
646	-1.835062
647	1.278333
648	-2.022236
649	0.795652
650	-1.893989
651	1.190218
652	-1.873206
653	-1.989234
654	-2.425200
655	-1.996976
656	1.033101
657	-1.149908
658	-1.783456
659	0.893979
660	-2.126900
661	2.218932
662	-2.725774
663	1.646510
664	-2.340100
665	0.440965
666	-1.676327
667	1.087324
668	2.578285
669	-2.010794
670	-1.713852
671	-2.511646
672	-2.869130
673	-2.158508
674	-1.428481
675	-1.866554
676	0.898052
677	1.297783
678	-1.599666
679	1.381119
680	0.891594
681	-1.681538
682	-2.078380
683	0.439308
684	1.431389
685	-1.905270
686	0.661995
687	-2.084078
688	-1.312468
689	-1.781393
690	1.764788
691	-1.550435
692	-2.271350
693	-2.057338
694	-2.036365
695	-2.017255
696	-1.943741
697	0.636245
698	-2.754190
699	-2.300420
700	0.397813
701	-2.386996
702	-1.952494
703	-2.205655
704	1.320736
705	-1.925201
706	1.624799
707	3.120713
708	-1.459159
709	-1.889053
710	0.290288
711	-1.485004
712	-2.421915
713	-2.136428
714	-1.308078
715	-2.646372
716	-1.324512
717	1.313881
718	-1.664581
719	-2.305585
720	-3.209862
721	-2.207645
722	1.001266
723	0.068670
724	-1.600265
725	0.181480
726	-1.343082
727	-2.654065
728	-1.998722
729	-1.082900
730	-2.425854
731	-2.300982
732	-1.887256
733	-1.051217
734	-1.835499
735	-1.904188
736	-1.265801
737	-2.417896
738	-2.773284
739	-2.183679
740	-1.693497
741	-1.470822
742	0.918381
743	-1.622216
744	0.130935
745	-1.267610
746	1.597662
747	-2.505168
748	0.912348
749	-2.437099
750	0.164488
751	-2.079968
752	-2.476999
753	-1.531953
754	-1.892005
755	-1.804414
756	-1.144169
757	2.554619
758	-1.497144
759	-1.874783
760	0.733934
761	0.244414
762	-2.057692
763	-2.594567
764	-0.200798
765	-1.386869
766	-2.519282
767	-1.384928
768	1.616954
769	1.796643
770	-0.154890
771	1.124320
772	-1.282654
773	-2.489656
774	-2.055928
775	-1.902475
776	-0.328144
777	-2.687450
778	1.881910
779	0.646404
780	-0.029172
781	-2.005208
782	1.563107
783	-1.067314
784	-2.487109
785	-1.943376
786	1.037312
787	0.652875
788	-1.325668
789	-1.051159
790	-1.540165
791	-1.699816
792	-2.636033
793	-2.638734
794	-2.031851
795	-0.161899
796	-1.557552
797	1.966999
798	-0.730347
799	-2.844218
800	-2.758587
801	-2.186025
802	0.871043
803	-1.372117
804	2.031336
805	1.254793
806	0.659855
807	-1.510846
808	1.735932
809	0.902115
810	2.607394
811	-2.244101
812	-2.203066
813	-1.711429
814	0.732220
815	-3.015436
816	0.856142
817	0.993039
818	-1.597888
819	0.503849
820	-0.540941
821	0.088904
822	-1.918342
823	-1.646980
824	1.174158
825	-1.878876
826	3.052511
827	-1.570672
828	-1.437678
829	-1.857235
830	-0.314490
831	-2.090239
832	-2.008021
833	-1.916968
834	-1.606916
835	0.430477
836	-1.711149
837	-2.250582
838	1.142782
839	-2.252377
840	0.713926
841	1.451126
842	-2.221205
843	-2.293389
844	-1.979421
845	-2.367520
846	1.036876
847	-1.537175
848	-2.339190
849	-3.100038
850	-1.573922
851	-1.573576
852	-2.341848
853	1.536820
854	1.228884
855	1.125405
856	-1.738199
857	3.100374
858	-2.691168
859	-2.072686
860	-1.398900
861	-2.370952
862	-0.244841
863	0.384040
864	0.633026
865	-0.361017
866	-2.005196
867	-2.465963
868	0.233806
869	-1.705589
870	-2.703441
871	-1.169686
872	1.359490
873	0.562737
874	0.299915
875	-1.230445
876	0.974052
877	-2.331909
878	-1.903600
879	1.200810
880	3.043640
881	-0.614763
882	-2.357382
883	-1.575947
884	1.080963
885	-1.645644
886	-2.164140
887	0.420770
888	-3.211719
889	-1.328063
890	0.667513
891	-2.329012
892	1.323265
893	-1.308613
894	-1.722280
895	-2.124427
896	-2.637110
897	-2.154680
898	-1.656727
899	1.247956
900	1.713809
901	-2.514697
902	0.396628
903	0.537700
904	-1.745903
905	-1.992486
906	-2.222428
907	1.203790
908	-2.510125
909	0.483443
910	0.240711
911	-2.703100
912	0.965907
913	0.307289
914	0.457604
915	-1.727903
916	-1.755650
917	-1.147993
918	-2.170799
919	0.402677
920	-0.061122
921	-1.754297
922	1.132272
923	-2.853306
924	0.922688
925	-2.726213
926	-2.014902
927	1.193720
928	-2.687124
929	1.545336
930	-1.214140
931	0.448729
932	-2.243181
933	-1.925761
934	-2.735687
935	-2.262835
936	-2.665692
937	-2.501855
938	-2.210753
939	3.176173
940	-1.669203
941	-2.404952
942	-1.016194
943	-1.577024
944	0.996355
945	1.004562
946	1.307973
947	-1.328127
948	-2.131724
949	-2.037670
950	-0.447801
951	-1.735369
952	-2.189833
953	-1.935181
954	0.820245
955	-1.899249
956	-2.058990
957	0.593682
958	1.367978
959	2.315447
960	2.134844
961	-1.692221
962	-1.520491
963	-0.025066
964	-1.774038
965	0.370989
966	0.835589
967	-1.445600
968	-1.057442
969	-1.389021
970	0.883103
971	0.602110
972	1.282452
973	-2.242185
974	2.397941
975	-2.253408
976	3.118243
977	-1.975078
978	-2.105558
979	-1.700878
980	-2.008318
981	-1.685374
982	1.677288
983	1.644898
984	1.607246
985	-1.745443
986	-2.330518
987	-1.713820
988	-0.764029
989	0.365996
990	-2.095401
991	-2.349773
992	-1.898884
993	-1.549136
994	0.194068
995	-2.986875
996	0.965108
997	0.655044
998	-1.967250
999	-1.371756
