0	-0.202439
1	-2.559278
2	-2.461959
3	-2.373483
4	-2.697594
5	-1.307159
6	-2.394015
7	3.244484
8	2.421983
9	2.264545
10	-2.998388
11	1.645624
12	-2.349511
13	-2.207732
14	1.635133
15	-1.681041
16	-0.809288
17	-1.972493
18	-1.113558
19	0.166734
20	-2.081566
21	-2.122134
22	-2.138686
23	-1.626151
24	-1.042536
25	0.904155
26	1.490787
27	-1.927552
28	-2.014693
29	-2.234413
30	-1.681029
31	-2.522250
32	-1.347243
33	1.381579
34	4.371019
35	0.682960
36	-1.683500
37	-1.512044
38	0.277381
39	2.415678
40	-1.804326
41	1.349357
42	0.776630
43	1.083667
44	0.700284
45	-2.097332
46	2.275057
47	-2.304555
48	0.804948
49	-1.555418
50	-1.008651
51	-0.186156
52	-1.468273
53	-2.743240
54	-2.246003
55	1.372109
56	1.037465
57	-1.832238
58	-2.166598
59	1.609096
60	-2.029041
61	-1.265564
62	-2.661568
63	-2.153325
64	-1.852906
65	-1.492868
66	0.481326
67	-1.310294
68	-2.171142
69	-0.416766
70	2.832177
71	-2.538426
72	0.405631
73	-1.861411
74	-2.234050
75	-2.414664
76	-2.005889
77	-1.463920
78	-2.002164
79	0.058788
80	-1.558632
81	0.320425
82	1.356240
83	1.219200
84	-2.740688
85	1.629161
86	-2.135175
87	0.704210
88	-2.078460
89	-0.010302
90	-1.719104
91	-0.320081
92	-2.533404
93	-1.512673
94	1.730972
95	-2.576064
96	-2.531144
97	-2.659990
98	0.795287
99	-2.138809
100	-1.729758
101	0.006213
102	-2.642944
103	-0.269486
104	-0.526927
105	-2.111988
106	-2.017817
107	-1.444563
108	-2.496457
109	-1.632750
110	-1.859246
111	0.682832
112	0.444802
113	-2.323008
114	3.234004
115	-2.318670
116	1.874438
117	-1.992627
118	0.954872
119	1.744736
120	-1.796367
121	2.325255
122	1.762166
123	-2.079102
124	-3.355189
125	-2.153250
126	-2.624623
127	-1.160183
128	0.287964
129	-1.513612
130	1.394276
131	1.942130
132	-1.530809
133	-1.632851
134	-1.973148
135	-2.662453
136	-1.259789
137	-2.368300
138	-1.900219
139	-1.018281
140	0.477999
141	-1.965719
142	-3.429865
143	-1.781717
144	1.260682
145	0.841851
146	-1.638055
147	-2.301699
148	0.565877
149	-2.830936
150	1.462565
151	0.392386
152	0.264313
153	-1.974097
154	-3.003244
155	-3.179617
156	-2.060341
157	1.855630
158	1.780140
159	-1.465743
160	-2.108992
161	1.703049
162	1.037839
163	-1.338168
164	-1.959935
165	1.081884
166	-1.538767
167	2.004003
168	3.377384
169	-2.052812
170	-1.971333
171	-2.872649
172	-1.880993
173	-1.429166
174	-1.858990
175	1.593128
176	-2.782781
177	2.799880
178	-1.569116
179	0.117879
180	-1.959430
181	-2.179007
182	-1.126590
183	0.395036
184	-3.304874
185	-1.679823
186	-2.257780
187	1.085489
188	0.719605
189	2.833046
190	-1.924875
191	-2.156955
192	-2.171619
193	-1.914662
194	2.601314
195	-0.159426
196	2.045416
197	-1.311840
198	0.429582
199	-2.220924
200	-2.205757
201	-2.262400
202	-2.082563
203	-1.878638
204	1.572860
205	-2.109817
206	-2.893314
207	-1.457523
208	2.887331
209	-2.093298
210	-0.990967
211	-2.719908
212	-2.871467
213	1.613131
214	-2.047799
215	-1.680431
216	-0.047223
217	-1.943879
218	0.425820
219	-2.233760
220	2.208852
221	-1.764834
222	1.217145
223	-1.659628
224	1.158249
225	-1.391502
226	1.457306
227	-2.173606
228	1.187747
229	-1.453683
230	2.212248
231	0.921411
232	1.858848
233	-2.194956
234	1.343523
235	-1.720181
236	1.587954
237	0.419346
238	1.831366
239	-2.789853
240	0.684419
241	-2.402920
242	-1.901377
243	-0.330437
244	-2.930228
245	-1.878558
246	-1.926762
247	1.880699
248	-1.623366
249	-0.662295
250	-1.879615
251	-1.844973
252	-2.278347
253	-2.774482
254	-2.153739
255	-1.388388
256	2.319688
257	1.389891
258	-2.543586
259	-2.555767
260	-2.086445
261	1.888757
262	-2.178604
263	2.416016
264	1.576376
265	-1.844679
266	1.063688
267	0.403290
268	-2.466639
269	0.026662
270	-2.171208
271	2.042683
272	-0.655348
273	0.248906
274	-2.338380
275	-2.293170
276	-2.581210
277	2.398815
278	-1.960243
279	-1.733931
280	0.239343
281	1.930835
282	0.759168
283	-0.898644
284	-2.128573
285	2.726459
286	-3.013144
287	0.993826
288	-1.405732
289	-2.040162
290	-1.839883
291	-0.944557
292	1.670030
293	-2.248455
294	-1.156256
295	-3.029123
296	-0.575609
297	1.298938
298	-1.460614
299	-0.073293
300	0.502804
301	-2.394334
302	-0.320664
303	-1.906662
304	-2.032130
305	1.391549
306	-1.966248
307	-1.536119
308	-1.457802
309	-2.529910
310	2.294561
311	0.579855
312	-2.259049
313	-2.310385
314	-0.352298
315	1.361407
316	-1.234974
317	-2.376533
318	-1.921195
319	-2.657222
320	1.609640
321	0.738596
322	-1.431566
323	-2.242701
324	0.231919
325	-1.932473
326	1.473770
327	1.301629
328	2.380216
329	-3.042364
330	-2.208446
331	-2.673161
332	-0.516998
333	1.056354
334	-2.227312
335	-1.790668
336	-1.951911
337	-1.342067
338	-1.951173
339	-2.192079
340	-1.265929
341	-0.260072
342	-0.655770
343	-2.442999
344	0.446313
345	2.431662
346	-2.195677
347	-1.893641
348	-1.936963
349	0.277198
350	-2.068969
351	-1.803808
352	-1.013164
353	-1.956865
354	0.512753
355	-2.160495
356	-2.613134
357	-2.469432
358	3.066575
359	0.068862
360	-1.296960
361	-2.293312
362	-1.952810
363	-1.465400
364	-1.745762
365	-2.197872
366	0.469146
367	-1.710214
368	0.181533
369	1.393370
370	-1.004003
371	-0.856099
372	0.721425
373	-2.268514
374	-2.358628
375	0.346942
376	-1.594987
377	-0.393230
378	-0.972059
379	-2.252071
380	-1.910748
381	-1.912065
382	-1.878694
383	2.018726
384	-2.382188
385	1.387994
386	0.471764
387	-2.129131
388	1.938887
389	-2.099146
390	1.054150
391	-1.037758
392	1.252159
393	-2.793241
394	-2.624759
395	-0.787766
396	-1.561913
397	-2.019702
398	-1.617002
399	-2.344329
400	1.690185
401	-1.673534
402	-2.251878
403	-2.378895
404	0.855901
405	0.275894
406	-2.791322
407	-2.354269
408	0.604556
409	-2.619147
410	3.209112
411	0.123052
412	-2.164160
413	0.556455
414	-2.235530
415	-2.347313
416	-2.430064
417	-1.775928
418	2.199860
419	3.281432
420	1.552364
421	-2.269573
422	1.484919
423	-2.083414
424	1.603183
425	-1.614340
426	-1.527806
427	-1.754973
428	0.510379
429	-1.592000
430	-2.516135
431	-2.592441
432	-2.310192
433	-1.599065
434	-0.713894
435	-1.979058
436	-1.962807
437	2.542992
438	-1.512709
439	1.649465
440	-2.258202
441	1.384134
442	0.744048
443	-2.105994
444	-1.852139
445	0.963290
446	-1.488757
447	0.492878
448	2.105858
449	0.162107
450	-2.206365
451	0.865591
452	-2.141998
453	-0.475208
454	-1.352583
455	0.321801
456	1.094193
457	2.548639
458	-2.411981
459	0.551982
460	-1.531527
461	-1.703743
462	-0.436027
463	-1.683333
464	-2.282845
465	-1.454303
466	0.831911
467	-2.218377
468	-1.369953
469	-1.500816
470	-2.919529
471	-2.385647
472	-0.783594
473	-2.449000
474	-2.010258
475	-1.742591
476	-1.703107
477	-1.945707
478	-3.275934
479	-1.705606
480	-1.620719
481	0.564484
482	-2.167202
483	-1.742760
484	-1.641144
485	-2.906859
486	-2.800966
487	0.441479
488	-2.135700
489	-2.074807
490	-2.303266
491	-0.605481
492	-1.851998
493	-2.056396
494	-2.365112
495	-0.125527
496	-1.577095
497	-1.689997
498	-1.542520
499	-0.357118
500	2.243113
501	0.650119
502	0.990823
503	1.061590
504	-2.127434
505	0.882616
506	0.876396
507	0.244306
508	-2.267955
509	-2.179680
510	2.181903
511	0.971116
512	-2.434675
513	-1.325500
514	1.176709
515	-1.335075
516	-1.593748
517	2.460591
518	-1.883673
519	1.379611
520	-1.259657
521	-1.146995
522	-1.385973
523	-1.490876
524	-1.727626
525	-1.924715
526	-2.015491
527	-2.104183
528	0.704056
529	1.137119
530	2.059321
531	0.438649
532	-2.384714
533	-2.412204
534	-2.308048
535	0.733298
536	-0.076626
537	1.291374
538	-1.704013
539	1.703502
540	0.594866
541	2.198653
542	1.363236
543	-1.648897
544	1.945229
545	-1.774269
546	-0.170795
547	0.621990
548	-2.485773
549	-0.997854
550	0.520521
551	1.095043
552	-2.567357
553	-0.775090
554	-1.794852
555	-2.900728
556	0.177455
557	0.503738
558	2.283884
559	-1.579962
560	-2.329431
561	-2.761193
562	-1.887772
563	-1.591441
564	-1.557069
565	0.477753
566	-0.420576
567	-1.879470
568	2.665914
569	-2.403122
570	-1.713140
571	-1.602144
572	-1.953755
573	1.046108
574	0.937124
575	-1.453204
576	1.793310
577	1.627798
578	-1.393447
579	-1.838500
580	-2.364510
581	-2.661152
582	-2.265000
583	-2.664770
584	-2.209991
585	-0.905883
586	1.591311
587	-2.131967
588	-2.495659
589	-2.247179
590	-2.085103
591	-1.182518
592	-1.133349
593	-1.752524
594	-0.065923
595	1.619071
596	-2.916993
597	-0.627902
598	0.246584
599	-2.479938
600	1.176746
601	0.711676
602	-2.488249
603	1.638721
604	-2.193074
605	-2.796557
606	-2.381302
607	1.261457
608	-2.444894
609	-1.886730
610	-0.888722
611	-0.130414
612	-1.711532
613	0.919833
614	1.504235
615	-2.233984
616	-1.860633
617	1.819170
618	0.694253
619	-2.848491
620	-2.187966
621	-2.493131
622	-2.204755
623	-2.467187
624	-2.379367
625	-1.459045
626	-1.717722
627	-1.965826
628	-2.087299
629	-2.090117
630	1.235437
631	-1.859508
632	0.752061
633	-2.658198
634	-1.587413
635	-3.325156
636	-0.794512
637	0.495507
638	-2.182957
639	-0.930194
640	1.893471
641	0.807966
642	-2.846051
643	-2.288051
644	1.626949
645	-1.262010
646	1.315210
647	1.443515
648	-1.374271
649	-1.490346
650	0.364381
651	2.200988
652	-2.623489
653	1.968426
654	-1.768038
655	-1.546009
656	-2.168566
657	-1.845806
658	-2.198305
659	-2.042772
660	-2.571602
661	1.505401
662	0.608318
663	-1.655329
664	-2.306442
665	2.148788
666	1.864716
667	-2.523892
668	-2.001616
669	1.808426
670	-2.845033
671	-1.919651
672	2.079050
673	-2.534140
674	-2.398872
675	0.303732
676	-0.356874
677	-1.634912
678	-1.543682
679	-1.758002
680	-1.852472
681	-1.879529
682	-1.067540
683	-2.055769
684	-1.380388
685	-2.322116
686	-1.885947
687	-1.456546
688	1.876409
689	-2.163566
690	1.224592
691	0.218604
692	-1.691114
693	0.908720
694	-1.873478
695	-0.730768
696	1.079020
697	1.055937
698	-2.463910
699	-0.395330
700	-0.496565
701	0.362416
702	-2.709235
703	-1.529953
704	1.449473
705	1.038861
706	-2.003832
707	-1.069280
708	-1.583557
709	1.117964
710	1.962229
711	0.796267
712	0.259669
713	-2.311932
714	-1.346128
715	-1.233934
716	-2.639538
717	2.579777
718	-2.486465
719	1.228705
720	-1.425925
721	3.303599
722	-1.586663
723	-0.569681
724	-1.908794
725	0.195532
726	2.862493
727	-2.240969
728	-0.179404
729	-1.612295
730	-2.166063
731	2.268974
732	0.701887
733	-1.875668
734	-1.695562
735	-1.500341
736	-2.274001
737	0.596040
738	-0.809674
739	-2.500907
740	-1.947968
741	-2.020478
742	-1.227724
743	-2.694530
744	-1.351344
745	-3.101416
746	-2.789963
747	-2.743740
748	-1.391855
749	-1.853324
750	1.664997
751	-0.358011
752	-2.257071
753	1.428843
754	-2.562082
755	0.329598
756	0.737318
757	2.341977
758	1.502888
759	-1.732122
760	-2.315546
761	1.851966
762	-1.991308
763	-1.571517
764	-1.777769
765	2.279493
766	2.580953
767	-2.134543
768	-2.165463
769	0.899661
770	-1.795272
771	1.332762
772	0.904363
773	-2.017541
774	-2.186090
775	0.131066
776	-0.640023
777	0.185822
778	-1.835821
779	0.386029
780	-1.929336
781	-0.876328
782	1.672221
783	-2.223626
784	-1.956335
785	-1.701644
786	-0.330026
787	-2.595647
788	1.897734
789	-1.795008
790	-1.656182
791	3.628700
792	1.709729
793	-1.244267
794	2.824988
795	-1.812686
796	1.332533
797	1.079648
798	2.230045
799	-1.970603
800	0.887817
801	-0.235324
802	-2.111420
803	-2.208257
804	-1.965347
805	0.520105
806	-1.610509
807	3.438854
808	-2.352293
809	-2.827251
810	1.906374
811	-1.496125
812	-1.497164
813	1.575362
814	1.450700
815	0.885016
816	-2.113446
817	1.887671
818	-2.079441
819	-2.302866
820	0.346460
821	2.640622
822	-2.894649
823	-2.274990
824	-2.604271
825	-1.121251
826	-1.627749
827	1.617657
828	-1.615943
829	1.908361
830	2.318257
831	0.854721
832	-2.121106
833	-2.909363
834	-1.535994
835	-2.146031
836	-1.555787
837	-1.860960
838	-0.799084
839	1.079003
840	2.212568
841	-1.681715
842	-2.765694
843	-2.141833
844	2.105100
845	-1.535978
846	1.680573
847	-1.479978
848	1.495775
849	-0.499977
850	-0.018805
851	1.202278
852	-0.816419
853	-1.106758
854	-2.528651
855	-2.040636
856	-2.121535
857	0.335093
858	-1.829590
859	-1.973069
860	-2.227632
861	-2.180650
862	-1.865753
863	-0.304968
864	-2.727514
865	-2.228619
866	-1.918175
867	0.126709
868	-1.446195
869	-1.933989
870	0.744408
871	1.169129
872	1.010549
873	-1.980728
874	-1.823240
875	-1.232983
876	-0.516819
877	-0.132026
878	-2.798841
879	-2.190589
880	-0.498929
881	1.724838
882	0.285864
883	-1.382255
884	-0.402590
885	-2.215932
886	-2.006999
887	1.880475
888	-2.610140
889	-2.212136
890	-1.981098
891	-1.901869
892	1.761217
893	-1.946418
894	-0.340083
895	-1.697813
896	-1.632625
897	0.355131
898	-2.341210
899	-2.179663
900	0.115375
901	-1.473012
902	1.979539
903	1.582255
904	-2.546702
905	1.312293
906	1.870436
907	-1.474770
908	-1.583074
909	-1.365211
910	0.730299
911	-2.192030
912	1.368445
913	1.230958
914	-1.863183
915	1.600328
916	-2.156161
917	-1.610768
918	1.410769
919	-2.054464
920	-1.756288
921	0.034994
922	-3.264778
923	0.791625
924	-2.167679
925	1.360044
926	0.599274
927	0.752693
928	1.484377
929	-2.034568
930	0.028842
931	1.416106
932	-2.600001
933	-1.442879
934	-1.610972
935	-2.077719
936	2.550813
937	-1.802175
938	-0.419017
939	2.496044
940	0.577545
941	1.774815
942	2.596619
943	3.396362
944	-2.898226
945	1.607987
946	-2.454858
947	2.289187
948	2.353702
949	-2.225899
950	2.933631
951	-1.971330
952	0.007352
953	0.257388
954	1.900220
955	0.302944
956	-1.307463
957	-0.588468
958	-1.520164
959	-0.497368
960	-2.637534
961	1.422803
962	1.213945
963	-1.957274
964	-1.615983
965	-2.891826
966	-1.873722
967	0.923839
968	3.081579
969	-1.429418
970	-1.811218
971	0.897406
972	-1.609568
973	-2.961676
974	-1.558689
975	3.504632
976	-2.649628
977	1.577961
978	2.147567
979	-2.146290
980	-1.429291
981	-2.776873
982	1.618877
983	-1.329548
984	-2.254235
985	2.252835
986	-2.498177
987	1.695122
988	-2.169447
989	-2.350661
990	1.274032
991	1.786052
992	-1.931039
993	-1.958091
994	1.559786
995	-1.869919
996	-2.174689
997	2.303446
998	-1.737607
999	-2.496152
1000	-1.205365
1001	-1.542678
1002	-2.213852
1003	-1.292315
1004	-1.273183
1005	1.481974
1006	0.152587
1007	0.673465
1008	-1.332805
1009	0.658858
1010	-1.943172
1011	2.661263
1012	-1.558477
1013	-1.331146
1014	0.389204
1015	-1.408886
1016	-2.933900
1017	-1.412145
1018	-1.695369
1019	-2.393154
1020	-1.314343
1021	-1.959943
1022	0.363308
1023	1.144705
1024	-1.986955
1025	0.250583
1026	-1.462395
1027	-1.909594
1028	-2.120665
1029	-1.732370
1030	-2.058800
1031	-1.720557
1032	-1.782666
1033	-2.253225
1034	-0.430291
1035	0.162684
1036	-2.287286
1037	0.507308
1038	-2.719328
1039	0.697219
1040	3.125911
1041	-2.045531
1042	-0.933151
1043	2.262814
1044	-2.792372
1045	-2.086945
1046	-1.541887
1047	-1.870741
1048	-2.079504
1049	0.116315
1050	2.258320
1051	-1.926867
1052	-1.054090
1053	-1.894083
1054	-1.789866
1055	0.036927
1056	-1.932068
1057	4.185653
1058	-2.024488
1059	-1.277159
1060	2.810846
1061	2.690803
1062	-0.966750
1063	2.027884
1064	-1.705871
1065	-1.809646
1066	-2.138604
1067	3.266826
1068	-2.180727
1069	-1.884780
1070	-1.943225
1071	-1.919161
1072	-1.316354
1073	-1.518522
1074	0.325408
1075	0.507029
1076	-1.496791
1077	-1.085613
1078	-2.571801
1079	2.506233
1080	-2.550305
1081	-1.273012
1082	-1.879408
1083	2.326575
1084	-2.512512
1085	-1.726388
1086	2.277093
1087	0.943604
1088	-1.434190
1089	-1.751197
1090	-1.945740
1091	0.788545
1092	-2.189023
1093	0.569378
1094	-1.402997
1095	-2.484050
1096	-1.661973
1097	-2.660235
1098	0.189864
1099	-1.782506
1100	-2.534895
1101	-1.848714
1102	-2.295594
1103	0.944837
1104	0.470122
1105	0.993541
1106	-1.971206
1107	-0.212981
1108	0.415668
1109	-1.486385
1110	-1.406483
1111	-2.316049
1112	1.869778
1113	-2.307785
1114	1.845873
1115	-1.355791
1116	0.374858
1117	-2.142073
1118	-1.480413
1119	2.119224
1120	-2.074054
1121	1.283216
1122	-0.484544
1123	-1.924221
1124	-1.829037
1125	-2.351088
1126	-2.035528
1127	1.545670
1128	1.348428
1129	0.617103
1130	1.878762
1131	2.457552
1132	0.172275
1133	1.832884
1134	1.548695
1135	-1.894901
1136	0.252695
1137	-2.699407
1138	-2.271826
1139	-2.423903
1140	-1.231579
1141	-2.164846
1142	0.340601
1143	-2.385742
1144	-1.887465
1145	-1.227825
1146	-3.007770
1147	1.723551
1148	-1.619542
1149	0.652104
1150	0.372912
1151	-3.108389
1152	1.634741
1153	-2.410551
1154	1.189013
1155	0.764702
1156	2.370322
1157	-0.117469
1158	0.968965
1159	-2.350621
1160	1.609144
1161	-2.563224
1162	-1.999576
1163	1.326575
1164	0.737729
1165	-2.283532
1166	1.276537
1167	-1.541624
1168	1.830023
1169	0.880885
1170	-1.625192
1171	1.221475
1172	-1.417665
1173	2.325355
1174	-1.535209
1175	0.960183
1176	-1.064566
1177	-2.626023
1178	-3.235261
1179	-1.357308
1180	-3.000000
1181	1.583552
1182	-2.348693
1183	-2.400005
1184	-0.197303
1185	-0.583926
1186	-1.555217
1187	1.011177
1188	-2.266439
1189	-2.387128
1190	-0.025546
1191	-1.991552
1192	-2.554445
1193	-2.331979
1194	0.836303
1195	-0.679891
1196	1.487948
1197	-2.290860
1198	1.349745
1199	-2.752233
1200	-1.422365
1201	-1.221806
1202	-2.701197
1203	-0.372965
1204	-1.332399
1205	-1.988582
1206	-1.805726
1207	-1.567961
1208	-2.542152
1209	-1.372613
1210	-2.842957
1211	1.978522
1212	-2.161890
1213	-2.431338
1214	-3.129958
1215	-0.903466
1216	0.615083
1217	-1.496066
1218	0.382509
1219	-1.766361
1220	-2.268668
1221	-2.103911
1222	-3.157754
1223	-2.099863
1224	0.564430
1225	-0.731247
1226	-1.729311
1227	-2.069096
1228	0.848577
1229	0.904887
1230	1.578888
1231	1.139067
1232	0.687406
1233	-2.129181
1234	1.187452
1235	-2.736596
1236	0.030796
1237	-1.357122
1238	1.162844
1239	-0.458396
1240	-1.666663
1241	-2.490489
1242	-1.843125
1243	0.041312
1244	-2.716183
1245	-1.851876
1246	-1.201429
1247	1.366608
1248	2.407180
1249	0.279743
1250	-1.338461
1251	-2.445565
1252	-0.876751
1253	-0.687323
1254	1.918602
1255	-1.549264
1256	2.713708
1257	-2.846998
1258	0.623285
1259	-0.889413
1260	-3.003046
1261	-1.836119
1262	2.110455
1263	1.753057
1264	-0.229894
1265	-1.672132
1266	-2.488061
1267	-1.924500
1268	3.133065
1269	1.262690
1270	-0.950560
1271	-2.176075
1272	-1.634201
1273	-1.010014
1274	1.312516
1275	0.123695
1276	-2.049570
1277	0.592940
1278	-2.148601
1279	-1.937490
1280	-0.991093
1281	-2.080049
1282	-1.358359
1283	0.742929
1284	-2.700352
1285	1.500199
1286	-2.060724
1287	-2.407841
1288	-1.530953
1289	3.458313
1290	-1.852862
1291	2.203601
1292	2.549717
1293	-3.426112
1294	0.654621
1295	1.349337
1296	-0.713563
1297	-2.513099
1298	0.642463
1299	-1.850747
1300	0.989413
1301	-2.564531
1302	0.059975
1303	-2.576374
1304	-1.386222
1305	-2.282966
1306	-0.650855
1307	-2.075766
1308	-1.250162
1309	-2.510555
1310	1.279720
1311	0.252819
1312	-2.199035
1313	-0.003768
1314	1.629600
1315	-0.643846
1316	-1.484963
1317	-2.374245
1318	2.157402
1319	-1.740306
1320	-2.073667
1321	-0.513441
1322	-0.117047
1323	-2.089321
1324	-1.692177
1325	2.539874
1326	1.460390
1327	-1.936671
1328	-1.403864
1329	-2.065835
1330	-1.428733
1331	-1.610898
1332	1.147408
1333	-2.237076
1334	1.765038
1335	-1.952330
1336	-1.014603
1337	2.620733
1338	-1.784393
1339	-0.119865
1340	-1.818381
1341	-2.684899
1342	1.062016
1343	-1.347506
1344	-2.488836
1345	1.878816
1346	-1.381333
1347	1.752249
1348	0.766864
1349	-2.208358
1350	-2.213498
1351	0.021881
1352	-2.587330
1353	-1.927775
1354	-1.361768
1355	2.391516
1356	1.731366
1357	-1.930904
1358	1.381345
1359	-1.760778
1360	-3.288253
1361	-1.936495
1362	-0.795836
1363	0.241490
1364	-1.304241
1365	-1.674104
1366	-1.136649
1367	-2.075984
1368	-1.776815
1369	0.019628
1370	-2.787167
1371	-1.906614
1372	1.242550
1373	2.547751
1374	-1.915573
1375	-2.603573
1376	-1.468921
1377	-2.422651
1378	-2.630313
1379	-1.096229
1380	-1.591147
1381	-2.411368
1382	-1.864740
1383	-1.870716
1384	-1.087189
1385	-2.379933
1386	-0.357788
1387	0.043019
1388	-1.751441
1389	0.222989
1390	-2.488831
1391	0.043926
1392	1.313136
1393	0.277577
1394	0.306435
1395	-1.812721
1396	0.178585
1397	-2.284652
1398	0.939691
1399	-2.862004
1400	-2.447108
1401	-1.724634
1402	0.128775
1403	-2.207219
1404	-0.839686
1405	1.173739
1406	-1.860650
1407	0.897260
1408	-2.382065
1409	-1.807865
1410	-1.302546
1411	-1.293980
1412	-2.427164
1413	-1.304443
1414	-2.017725
1415	-2.050509
1416	-1.253492
1417	1.648742
1418	-1.698162
1419	1.115421
1420	-1.852539
1421	-2.060235
1422	-1.894456
1423	-1.751055
1424	1.394601
1425	1.204199
1426	-1.287427
1427	-1.321032
1428	-2.315317
1429	-1.656327
1430	1.556286
1431	0.953008
1432	-1.837159
1433	0.536829
1434	-2.154593
1435	-0.488792
1436	1.015982
1437	0.637626
1438	-3.362395
1439	3.320804
1440	-0.177411
1441	-1.131821
1442	-2.399770
1443	-0.200039
1444	1.657114
1445	-2.405003
1446	-2.128143
1447	1.803618
1448	-1.737708
1449	0.584316
1450	0.424878
1451	-2.240136
1452	-0.478749
1453	0.805671
1454	-1.991583
1455	-1.661552
1456	-2.543615
1457	-0.570455
1458	-3.257484
1459	-1.885453
1460	-1.880801
1461	2.029153
1462	0.133881
1463	-2.013136
1464	0.050314
1465	-1.291930
1466	-2.379259
1467	-2.703967
1468	-2.315541
1469	-3.042234
1470	0.484903
1471	1.362363
1472	0.771549
1473	1.861730
1474	-2.390851
1475	2.608477
1476	0.294804
1477	-2.462746
1478	-2.233700
1479	0.834624
1480	0.737262
1481	-1.067511
1482	0.286016
1483	1.488920
1484	-2.767178
1485	-1.523424
1486	0.627105
1487	0.320730
1488	-2.397237
1489	1.718256
1490	-3.155079
1491	1.407296
1492	-2.996884
1493	-1.563002
1494	-2.146175
1495	-2.050959
1496	-1.346700
1497	-1.017786
1498	-0.930057
1499	-1.111946
1500	-0.244692
1501	-0.240485
1502	1.156467
1503	-2.515965
1504	1.906584
1505	-1.578629
1506	-3.100266
1507	-1.898549
1508	-1.554424
1509	3.304200
1510	-2.163639
1511	1.499888
1512	0.553652
1513	-1.961013
1514	0.972786
1515	0.566582
1516	-1.245252
1517	-1.945978
1518	-2.210588
1519	-1.706467
1520	-1.445338
1521	0.860669
1522	-3.010872
1523	-2.289750
1524	-2.006750
1525	1.562612
1526	-2.324035
1527	-1.684345
1528	1.381074
1529	1.324354
1530	-2.151211
1531	2.305509
1532	-1.873434
1533	-3.435651
1534	-2.117453
1535	-2.322887
1536	1.908967
1537	-2.154172
1538	-2.045498
1539	3.349883
1540	-0.742125
1541	0.582048
1542	-1.715778
1543	-2.715007
1544	-1.171816
1545	-1.173287
1546	-2.102953
1547	-1.527243
1548	-2.316848
1549	0.255289
1550	2.546380
1551	-2.258356
1552	-2.330067
1553	-2.362782
1554	-2.538487
1555	-0.784881
1556	-0.109726
1557	-1.697206
1558	-2.540387
1559	-2.270202
1560	-3.341388
1561	-2.065449
1562	1.498846
1563	-1.723595
1564	-1.877320
1565	0.142966
1566	-1.696117
1567	-2.261300
1568	-1.153048
1569	0.966831
1570	0.956703
1571	0.419826
1572	-2.462474
1573	0.271462
1574	-2.175489
1575	-1.703955
1576	1.243939
1577	1.131974
1578	3.126803
1579	-1.934717
1580	-1.566589
1581	-1.751017
1582	-0.627081
1583	-1.670783
1584	-1.385108
1585	-2.720453
1586	-1.543214
1587	-2.657397
1588	2.047874
1589	-1.887996
1590	3.231500
1591	1.445660
1592	1.848244
1593	0.270020
1594	-1.194821
1595	-2.189007
1596	0.882536
1597	-1.912066
1598	1.257164
1599	1.758070
1600	-2.284954
1601	2.120406
1602	1.899652
1603	-2.071466
1604	-0.863627
1605	-1.835992
1606	1.379111
1607	-1.920873
1608	-2.318249
1609	-2.256297
1610	1.925611
1611	-3.210522
1612	1.502067
1613	-1.877455
1614	-3.317650
1615	0.847634
1616	-1.948476
1617	-0.027720
1618	-2.188005
1619	0.855976
1620	-1.731763
1621	-1.963448
1622	0.568439
1623	-2.989793
1624	-2.450293
1625	-1.400283
1626	-1.661941
1627	0.786571
1628	1.996376
1629	0.302151
1630	-1.679070
1631	0.301381
1632	-1.974174
1633	-1.700963
1634	1.961155
1635	-2.591128
1636	-1.887696
1637	-1.768907
1638	-1.426778
1639	0.728055
1640	-1.800789
1641	-2.333541
1642	0.663006
1643	-2.044174
1644	-2.290234
1645	-2.284198
1646	1.706524
1647	-2.574356
1648	0.774361
1649	-2.824418
1650	1.694818
1651	-2.171677
1652	-3.015867
1653	-2.444952
1654	-1.910132
1655	1.643824
1656	0.664128
1657	0.978557
1658	-2.300245
1659	-1.252143
1660	-0.220038
1661	1.371878
1662	-1.452307
1663	-1.659824
1664	1.626292
1665	-1.978114
1666	-1.663701
1667	-2.146549
1668	1.380761
1669	-2.632947
1670	-2.481510
1671	-2.903302
1672	-1.639712
1673	-1.533573
1674	-0.250676
1675	0.760266
1676	-1.638321
1677	-1.631257
1678	-1.173130
1679	-1.241003
1680	-0.153944
1681	-2.417754
1682	-2.146863
1683	1.485475
1684	-0.140199
1685	0.472664
1686	1.412279
1687	2.275940
1688	-3.227393
1689	-2.015538
1690	2.120794
1691	2.692492
1692	0.858121
1693	-2.229286
1694	-2.632966
1695	0.890300
1696	0.666109
1697	-2.167859
1698	1.305711
1699	-2.361419
1700	0.845027
1701	0.337175
1702	-2.600787
1703	0.409524
1704	2.152741
1705	-1.935197
1706	1.426117
1707	-2.079485
1708	-1.830420
1709	-1.450598
1710	-2.307488
1711	1.751607
1712	1.740853
1713	-2.238242
1714	-1.604266
1715	0.863395
1716	-2.170457
1717	-3.345460
1718	0.087250
1719	-2.147179
1720	-2.047355
1721	-2.780122
1722	0.487762
1723	2.333267
1724	-1.624165
1725	0.610107
1726	0.662561
1727	-1.282287
1728	0.580360
1729	-0.864833
1730	-2.005181
1731	1.184166
1732	-2.047157
1733	-0.119544
1734	-1.719199
1735	-1.736183
1736	-1.392822
1737	-2.124437
1738	-1.826617
1739	-2.066566
1740	-1.739603
1741	1.413020
1742	-0.988759
1743	-2.000011
1744	-3.162535
1745	-2.809263
1746	2.341134
1747	-1.607054
1748	-0.595961
1749	-2.096999
1750	-1.891875
1751	1.787869
1752	-1.653567
1753	-1.566952
1754	-1.590395
1755	1.076432
1756	1.589947
1757	-1.966253
1758	-0.252662
1759	0.927163
1760	0.359824
1761	1.428790
1762	-1.701852
1763	-2.010966
1764	-2.616014
1765	-1.703985
1766	-1.568435
1767	-1.682785
1768	1.285888
1769	-0.277124
1770	-1.896492
1771	-1.280470
1772	-1.817560
1773	1.440561
1774	-2.255953
1775	1.509706
1776	-2.368698
1777	1.196642
1778	-0.620147
1779	-2.585797
1780	0.752423
1781	-1.819589
1782	-2.358904
1783	1.048518
1784	1.329446
1785	-0.968029
1786	-0.436294
1787	-1.857970
1788	-2.511429
1789	-0.780995
1790	-1.843544
1791	1.167567
1792	-0.754003
1793	2.530690
1794	-1.495243
1795	1.790138
1796	-2.819850
1797	1.706504
1798	-1.889301
1799	1.780299
1800	1.196260
1801	-1.612740
1802	-2.098224
1803	-1.609225
1804	-1.897124
1805	-0.981738
1806	3.028695
1807	1.865136
1808	-1.725690
1809	-2.423537
1810	-1.040257
1811	0.949805
1812	3.125269
1813	-1.747242
1814	-1.927172
1815	-2.157041
1816	-1.888517
1817	-1.584407
1818	-2.540184
1819	1.684714
1820	-2.170010
1821	-2.369441
1822	0.753323
1823	-0.005353
1824	1.524676
1825	-1.967212
1826	-2.281215
1827	-1.713595
1828	0.082774
1829	-1.870788
1830	1.747509
1831	-1.870304
1832	2.882411
1833	-1.705842
1834	-3.716826
1835	-2.094531
1836	-1.894011
1837	-2.243022
1838	-0.311848
1839	-1.446592
1840	-2.354890
1841	3.633992
1842	-1.330611
1843	-1.533923
1844	-2.079069
1845	-1.667140
1846	1.566071
1847	-1.052811
1848	0.056494
1849	0.318878
1850	0.632281
1851	0.622142
1852	-1.409880
1853	0.739969
1854	-1.684593
1855	-1.500289
1856	-2.308870
1857	0.260047
1858	-2.513968
1859	-3.021783
1860	1.290065
1861	-2.272090
1862	-1.365640
1863	-2.879465
1864	0.958828
1865	-2.794501
1866	0.386227
1867	1.773371
1868	-1.526711
1869	-2.696153
1870	-0.167606
1871	2.220861
1872	-1.788902
1873	-1.230526
1874	-2.076545
1875	-1.442916
1876	-3.034461
1877	-2.419485
1878	-1.149117
1879	-1.372681
1880	0.948117
1881	-2.061731
1882	-1.823736
1883	-1.502666
1884	3.239416
1885	-2.551712
1886	-1.493696
1887	-2.308497
1888	-2.875120
1889	0.423370
1890	-2.540694
1891	2.902380
1892	-2.065429
1893	1.693041
1894	1.796558
1895	-1.086965
1896	1.280074
1897	-1.513461
1898	1.729130
1899	-1.790851
1900	-2.154830
1901	-2.292701
1902	-1.668112
1903	1.517558
1904	1.438959
1905	-1.460223
1906	-2.271949
1907	2.181226
1908	-1.721809
1909	0.412676
1910	-1.638573
1911	-2.558521
1912	-2.602923
1913	1.195958
1914	-2.195098
1915	0.223102
1916	-1.973275
1917	-2.223435
1918	-1.991642
1919	-1.866253
1920	-1.223053
1921	-1.582497
1922	1.675628
1923	0.822154
1924	1.133662
1925	0.362424
1926	-2.097759
1927	-1.214973
1928	-1.617302
1929	-1.928575
1930	0.302370
1931	-1.512678
1932	-2.172004
1933	-2.752395
1934	-0.703361
1935	-2.470549
1936	-1.888566
1937	-2.140639
1938	-1.647226
1939	-1.851295
1940	0.245924
1941	-1.969134
1942	1.556545
1943	1.032781
1944	-3.139722
1945	-2.343414
1946	-2.641913
1947	1.609324
1948	-1.765116
1949	-1.339218
1950	-2.067871
1951	1.428346
1952	-2.333554
1953	-2.323392
1954	1.229522
1955	-2.453779
1956	0.301703
1957	0.723208
1958	-1.380326
1959	-2.034538
1960	-2.128293
1961	-2.405782
1962	1.695578
1963	1.372078
1964	-2.343312
1965	2.260646
1966	1.004071
1967	2.954841
1968	2.294433
1969	-1.680373
1970	-2.992927
1971	1.863091
1972	-1.765076
1973	-2.773033
1974	-1.227006
1975	-0.552211
1976	-2.243830
1977	-1.825958
1978	-2.180567
1979	-2.584034
1980	1.888140
1981	-1.278699
1982	-2.020531
1983	2.153417
1984	-2.772776
1985	-2.999470
1986	-0.803376
1987	-2.010955
1988	-1.809606
1989	-2.832996
1990	3.023286
1991	-1.767794
1992	0.718911
1993	-0.140171
1994	-2.665210
1995	0.395717
1996	-2.246402
1997	-2.261136
1998	-2.187831
1999	-0.970213
