0	1.255479
1	-2.523449
2	-2.488877
3	-2.049635
4	-2.101206
5	1.160213
6	0.030700
7	1.387840
8	-1.741343
9	1.237963
10	-1.624409
11	2.272197
12	-1.506758
13	-2.472013
14	-1.862785
15	-2.094527
16	-0.970453
17	-1.698369
18	-1.938518
19	-1.251160
20	1.014431
21	-0.400838
22	-1.974911
23	0.939098
24	-1.544634
25	1.053988
26	0.449013
27	0.611879
28	-1.827426
29	-1.837434
30	0.104119
31	0.920600
32	-2.429217
33	1.670958
34	-1.937611
35	-2.045483
36	2.774388
37	-0.979110
38	-1.797116
39	-2.352254
40	-1.950264
41	1.982365
42	-2.133759
43	-1.116495
44	-2.131981
45	1.797691
46	-2.332145
47	1.704885
48	-0.952604
49	0.954190
50	-0.609767
51	-2.381757
52	1.041059
53	0.730870
54	-2.651041
55	1.532583
56	-2.123626
57	-2.037149
58	-0.216243
59	1.154489
60	-2.926721
61	2.718454
62	2.331063
63	-1.617866
64	-2.469916
65	-1.736945
66	-2.080927
67	-1.522787
68	0.460155
69	-1.954461
70	-2.004744
71	0.530305
72	-0.224421
73	-2.334072
74	-1.297336
75	-1.745819
76	-2.771844
77	1.478829
78	2.648383
79	-2.512999
80	1.330831
81	-1.872136
82	-2.222258
83	-1.361619
84	-1.809295
85	1.475124
86	0.386783
87	-1.664241
88	-1.595873
89	-2.748383
90	0.303027
91	0.210368
92	2.005935
93	-1.380156
94	-2.367968
95	1.166906
96	-2.463381
97	0.770836
98	1.637468
99	-1.564017
100	-2.329192
101	0.895715
102	-1.819094
103	2.909011
104	-1.659593
105	0.809168
106	-1.689300
107	-1.449642
108	-2.370793
109	-2.578729
110	1.134653
111	-2.012163
112	1.832280
113	0.903952
114	-0.855400
115	-2.881471
116	1.145035
117	1.413110
118	0.050988
119	0.098319
120	2.673021
121	-2.984594
122	-2.397199
123	3.107886
124	-1.887361
125	-1.849023
126	1.953684
127	-2.061842
128	-2.171777
129	1.395437
130	-2.559876
131	1.616278
132	1.474806
133	1.391373
134	1.307187
135	-2.065308
136	-2.413425
137	0.179370
138	-1.397574
139	-2.169079
140	-2.129499
141	0.504618
142	-2.192258
143	-2.131891
144	0.624665
145	-1.488218
146	-2.082224
147	-2.004911
148	-2.013193
149	-2.149847
150	-1.689161
151	0.354831
152	-1.695447
153	-2.230668
154	0.467125
155	-2.239827
156	-1.774926
157	-1.957538
158	2.255788
159	0.452051
160	0.753225
161	-1.964015
162	0.595439
163	-1.594710
164	0.918783
165	-2.054325
166	-1.937024
167	1.754213
168	-2.197186
169	-2.072817
170	1.168620
171	-3.043823
172	-1.824111
173	0.449150
174	3.222925
175	-1.566462
176	-1.746883
177	-2.067799
178	-2.321094
179	1.250775
180	-1.787973
181	-2.172715
182	2.263692
183	1.491303
184	1.352634
185	1.244667
186	1.711990
187	1.159088
188	-1.905300
189	0.993287
190	-2.302142
191	1.254021
192	-0.515599
193	-2.159332
194	-2.631151
195	-2.673235
196	-1.190847
197	1.037760
198	-0.736505
199	-1.871837
200	-2.322810
201	2.239276
202	0.357920
203	-1.969720
204	0.617077
205	-1.656330
206	1.890014
207	-2.380917
208	-1.569979
209	0.789790
210	-2.640819
211	-1.222725
212	-1.726538
213	-0.073862
214	1.597820
215	-2.589609
216	0.422909
217	0.854119
218	0.762059
219	-2.600431
220	0.197068
221	-1.247570
222	-2.354453
223	0.492969
224	-2.247012
225	-1.360954
226	-2.199521
227	-1.441009
228	0.038725
229	-1.579078
230	0.407153
231	-0.596813
232	-2.310097
233	-1.594159
234	-2.525058
235	-2.079131
236	-2.497603
237	-0.479729
238	0.676371
239	-1.896469
240	1.234300
241	-1.376667
242	-1.918449
243	-2.176080
244	-0.175434
245	-1.372046
246	-1.463759
247	1.994604
248	2.152392
249	-1.491318
250	1.999360
251	-1.722723
252	-1.073206
253	-1.372870
254	-2.220552
255	-1.830656
256	-2.437667
257	-2.320608
258	-1.804292
259	-1.899763
260	-2.233744
261	1.307281
262	0.050594
263	-2.538056
264	2.406479
265	2.209129
266	-1.251172
267	-2.395888
268	-1.806351
269	1.404642
270	-1.873520
271	-1.525315
272	0.556447
273	0.066386
274	2.072127
275	-1.353451
276	-1.906071
277	1.792149
278	0.579347
279	-1.788921
280	-2.604406
281	2.922726
282	-2.223989
283	-1.250275
284	-1.797807
285	-1.554778
286	-1.896747
287	-2.194190
288	-1.863915
289	0.846763
290	-2.012486
291	-3.191686
292	2.562344
293	0.648406
294	-1.365632
295	-1.521293
296	0.123176
297	1.023954
298	0.297863
299	-2.389576
300	0.590543
301	-1.896153
302	0.881977
303	-2.246125
304	-2.153980
305	-1.567172
306	-2.181562
307	-1.685950
308	-2.377625
309	0.325962
310	0.626766
311	1.591363
312	-1.994037
313	-2.252729
314	-0.368983
315	-1.128160
316	-1.350735
317	-2.409315
318	-2.038445
319	-1.799196
320	1.937890
321	-1.756388
322	-2.901267
323	-0.168143
324	-2.301898
325	-2.280203
326	-0.138077
327	-0.293472
328	-1.855877
329	-2.206450
330	1.391597
331	-1.870465
332	-2.255098
333	-1.368620
334	-2.750221
335	-1.906598
336	1.498151
337	-2.311046
338	-1.960261
339	-1.928473
340	-1.922989
341	-2.160948
342	1.339362
343	1.273162
344	-2.087077
345	0.780010
346	2.565499
347	-2.252816
348	0.977607
349	0.741840
350	-3.297412
351	-0.888296
352	-1.546655
353	-1.174521
354	-2.195526
355	-2.192112
356	-1.024179
357	-2.543449
358	1.896600
359	1.559003
360	-1.693785
361	-1.730842
362	-1.852213
363	0.629630
364	-1.888598
365	-1.845063
366	0.768268
367	1.183374
368	-1.848260
369	1.665290
370	1.011612
371	0.865590
372	-2.455191
373	-1.226200
374	-2.821145
375	1.534746
376	-3.624123
377	-1.664819
378	-1.751203
379	-2.377946
380	-2.726654
381	-1.789381
382	-1.973242
383	-2.976885
384	0.716633
385	1.041979
386	1.181856
387	-2.535194
388	1.028723
389	-2.632959
390	0.971104
391	1.749359
392	-2.572790
393	-1.879751
394	-1.992092
395	-0.202466
396	-2.219067
397	1.165499
398	0.918616
399	-2.143291
400	-2.231826
401	0.007146
402	-2.526509
403	-1.907646
404	1.183200
405	1.371107
406	1.252238
407	-0.023487
408	-1.687334
409	-1.567293
410	0.534255
411	1.070705
412	-1.234366
413	3.488864
414	-2.255576
415	1.357716
416	-2.038249
417	0.095006
418	-2.244315
419	-1.651492
420	-1.678949
421	-2.197651
422	-2.108630
423	-1.866657
424	-2.692030
425	-2.189298
426	1.408740
427	-2.399224
428	-1.242501
429	0.405925
430	-1.958578
431	-1.932858
432	-2.250496
433	-1.770938
434	-1.969480
435	0.597894
436	-0.977435
437	1.657094
438	0.656946
439	-1.545768
440	-1.781179
441	0.921247
442	-2.220827
443	1.787164
444	-0.634722
445	-1.755917
446	-0.511271
447	0.129032
448	-0.521764
449	-2.384586
450	-2.356063
451	-2.063475
452	-2.045981
453	0.035854
454	0.148557
455	2.370516
456	-2.834509
457	1.458044
458	1.593183
459	-1.820481
460	2.820367
461	0.393915
462	0.597437
463	2.477093
464	-2.918179
465	2.152048
466	1.520279
467	-2.062403
468	-2.327175
469	-1.516112
470	1.719424
471	-2.325680
472	-1.712189
473	0.481983
474	-1.952473
475	-1.906742
476	-1.732074
477	-1.501704
478	-2.035717
479	-1.057717
480	-1.997866
481	0.584468
482	-1.899936
483	0.914351
484	-0.119165
485	-2.272336
486	-1.723509
487	-1.676392
488	-1.686406
489	-1.908533
490	-3.051721
491	0.746608
492	-2.018075
493	0.922113
494	-1.043882
495	1.526034
496	-0.728534
497	0.709178
498	0.515748
499	-2.033278
500	0.016833
501	-1.861501
502	-1.135583
503	2.961329
504	2.121317
505	-2.314352
506	-2.552340
507	-1.899461
508	2.332352
509	-2.466144
510	-0.457149
511	1.983611
512	1.176672
513	-1.433268
514	-0.833509
515	0.062934
516	-1.763827
517	-2.642765
518	-2.544392
519	-2.198203
520	1.606202
521	-2.708739
522	2.089655
523	-2.498616
524	-1.197005
525	0.874046
526	0.571901
527	0.568416
528	0.554518
529	0.374147
530	-1.944272
531	-0.055689
532	-0.077758
533	-1.983990
534	-2.133963
535	-2.686984
536	-1.235819
537	-1.644184
538	-2.369304
539	1.341151
540	1.160995
541	0.212298
542	0.101513
543	-2.132087
544	-1.476661
545	1.939522
546	1.642718
547	1.081443
548	-1.581342
549	-2.055130
550	-1.843593
551	-1.722518
552	-1.908112
553	1.419722
554	2.271232
555	1.131717
556	-2.064062
557	-1.809347
558	-1.679558
559	-1.688625
560	-2.027024
561	0.955088
562	2.175382
563	0.308925
564	-2.119915
565	0.791351
566	2.781167
567	-2.206768
568	1.458241
569	-1.749129
570	-0.350052
571	-1.463179
572	-1.751128
573	-1.269068
574	1.025970
575	-1.855071
576	-2.635961
577	-2.642131
578	-1.432835
579	-2.277629
580	-2.261911
581	-1.672257
582	-1.805795
583	-2.111527
584	-2.089819
585	-1.625422
586	-2.486654
587	-1.722794
588	-1.978128
589	-2.270150
590	1.513244
591	1.035588
592	-2.277716
593	-2.007497
594	2.511717
595	-2.422974
596	-2.111223
597	-0.240555
598	-1.414781
599	-2.540003
600	-2.031662
601	-1.912495
602	-2.794952
603	-2.418165
604	1.746450
605	-2.641429
606	-1.919827
607	-2.033907
608	-1.945846
609	0.085957
610	-1.246088
611	-1.258410
612	-1.397968
613	-1.470836
614	-1.779298
615	-2.120642
616	1.545188
617	0.888030
618	-2.329527
619	-1.998740
620	-2.477627
621	-1.383232
622	1.701823
623	1.361336
624	-1.684315
625	1.773392
626	-2.684673
627	2.107440
628	-0.846672
629	-1.861493
630	0.080993
631	-2.584967
632	-2.096483
633	-1.966351
634	-1.756370
635	-1.258248
636	-1.178390
637	-1.279646
638	-2.431490
639	-2.129558
640	-1.988584
641	0.065865
642	-1.808839
643	-2.251145
644	0.370469
645	1.748956
646	-1.709586
647	1.144928
648	-1.968186
649	1.910292
650	-2.078522
651	-1.732215
652	2.919133
653	-1.656462
654	2.081433
655	2.716951
656	0.821399
657	0.837594
658	-1.224438
659	2.470405
660	1.431409
661	-2.123797
662	-1.380935
663	-2.278397
664	-1.656720
665	-2.476937
666	1.613646
667	-2.041896
668	-2.827513
669	-1.719927
670	-2.667574
671	-1.683443
672	2.015714
673	0.042665
674	-2.023613
675	-2.213721
676	2.142661
677	-1.542308
678	-2.227608
679	-1.182276
680	0.610227
681	-2.762055
682	-2.358559
683	0.968005
684	-2.738100
685	1.631278
686	-2.562131
687	1.281654
688	-1.037448
689	-1.655007
690	-2.111537
691	-1.728377
692	-2.178594
693	-0.921552
694	0.933972
695	-2.087564
696	-1.863892
697	-2.763937
698	-1.872924
699	-1.576192
700	-2.007898
701	-1.561238
702	-1.282041
703	-2.878184
704	0.958015
705	-0.529059
706	0.095251
707	-1.326358
708	-1.899182
709	-1.637042
710	1.331490
711	1.695461
712	0.786082
713	2.270547
714	-1.815499
715	-3.042594
716	0.531466
717	-0.027474
718	-1.207477
719	-1.720352
720	-1.584522
721	-3.190312
722	-2.084215
723	-2.205829
724	2.118794
725	0.335497
726	-2.357704
727	1.861359
728	-1.819597
729	-1.800541
730	-1.142300
731	-1.564002
732	-2.992574
733	-1.612005
734	-2.107792
735	-2.839004
736	2.089328
737	-2.171007
738	-1.605288
739	1.327094
740	-1.250037
741	1.260571
742	1.622315
743	-2.271299
744	-1.643985
745	-1.504712
746	0.331232
747	1.163804
748	-2.404409
749	1.168818
750	0.093003
751	-2.926513
752	-2.552442
753	-2.487081
754	-0.934740
755	-2.353461
756	-1.626713
757	-2.345907
758	-2.373683
759	-1.675954
760	-0.587001
761	-0.701146
762	-0.154827
763	-1.791209
764	-2.650760
765	-1.731634
766	0.612804
767	-1.512063
768	1.161465
769	2.518742
770	-2.290787
771	1.487777
772	-2.772378
773	-2.520584
774	-2.754136
775	-2.624499
776	1.706679
777	-1.701251
778	-2.072517
779	-1.878819
780	-2.057552
781	0.629978
782	0.075353
783	-1.095809
784	0.568476
785	-0.401706
786	-1.828755
787	-1.664908
788	-3.554722
789	-2.437490
790	-2.253300
791	-2.607713
792	-1.640830
793	-2.098684
794	-2.609586
795	1.267872
796	-1.784504
797	-1.544042
798	-0.910377
799	0.436065
800	0.766683
801	0.386024
802	-2.073347
803	-1.173920
804	0.124069
805	0.376912
806	1.260245
807	0.207059
808	-1.863877
809	-1.690658
810	-2.482341
811	1.917594
812	3.457899
813	-1.828506
814	-1.702871
815	-2.078101
816	-2.149275
817	-1.319379
818	-1.548726
819	-2.584525
820	1.784921
821	-0.031954
822	-2.291479
823	-1.780923
824	-2.223050
825	-2.515243
826	1.821233
827	-2.030854
828	-2.133479
829	-2.022939
830	-0.600711
831	-0.142487
832	-1.211289
833	-1.069884
834	-1.775743
835	2.922790
836	-0.100113
837	-1.317402
838	-1.995471
839	-2.031927
840	-1.521503
841	1.031845
842	-2.011862
843	-2.606295
844	0.974572
845	-2.772032
846	-0.622654
847	0.387267
848	-2.532569
849	-2.168768
850	-1.530064
851	1.480738
852	-2.982473
853	-1.413053
854	-1.493925
855	1.589174
856	1.771718
857	-0.023754
858	-0.647436
859	-1.415762
860	-2.134656
861	-1.646633
862	0.708220
863	0.978279
864	-1.345512
865	-2.377366
866	-2.082761
867	-1.825357
868	-0.100178
869	0.790073
870	-1.941793
871	-2.452756
872	0.613436
873	0.430168
874	-1.558106
875	0.726235
876	-1.790456
877	0.336319
878	-1.578186
879	0.912896
880	-1.982770
881	1.929598
882	1.084784
883	-1.846855
884	-1.992014
885	3.198560
886	-2.674145
887	1.671072
888	0.628233
889	-2.459680
890	2.145847
891	-0.204616
892	-2.008829
893	-1.854380
894	-1.574294
895	-2.296781
896	-0.316005
897	-2.313013
898	-1.481395
899	-0.961148
900	-2.359949
901	1.281576
902	-2.801836
903	0.439237
904	1.887490
905	-2.226028
906	1.575868
907	-1.852172
908	0.410860
909	1.541613
910	-2.452582
911	-2.131082
912	-2.223538
913	-1.842564
914	-0.068845
915	-1.237957
916	-1.646928
917	-1.611303
918	0.369422
919	0.136732
920	-2.177514
921	-0.220024
922	0.651732
923	-3.469034
924	1.331500
925	0.420189
926	-2.774887
927	0.417682
928	-0.932306
929	1.197869
930	2.857333
931	-1.588591
932	0.486606
933	1.059837
934	-0.180477
935	-2.306746
936	-1.810799
937	-2.029093
938	-1.494061
939	0.601447
940	-1.831644
941	-1.775736
942	-2.832993
943	-2.492730
944	0.552846
945	0.410559
946	0.675501
947	-0.872268
948	1.777439
949	-1.535912
950	2.366908
951	-0.174751
952	-1.279673
953	-1.627989
954	1.510677
955	1.493166
956	0.186874
957	-1.303746
958	0.972894
959	-0.214899
960	-2.167651
961	-1.744721
962	1.292966
963	2.212237
964	-1.910617
965	-2.091867
966	0.051728
967	-1.481285
968	1.361087
969	-1.236974
970	2.387446
971	0.550236
972	2.562783
973	-1.657847
974	0.791597
975	-1.590133
976	0.638742
977	-1.202946
978	-2.030379
979	-1.172935
980	-1.994328
981	0.357534
982	0.454178
983	0.621392
984	-2.059383
985	-1.577622
986	-2.565161
987	-1.413938
988	-2.303575
989	-2.451829
990	-1.274677
991	0.471655
992	-2.400159
993	0.297886
994	-1.614416
995	0.389070
996	-2.463852
997	-2.931893
998	-2.163600
999	-0.213335
1000	-0.232647
1001	-0.900419
1002	-2.134981
1003	-1.585356
1004	1.282292
1005	-0.845916
1006	-2.871859
1007	-1.714407
1008	-1.519430
1009	2.839139
1010	-2.481974
1011	1.768635
1012	-2.958493
1013	-1.936121
1014	-1.958810
1015	-1.600597
1016	-0.262486
1017	-2.719103
1018	-1.647030
1019	-0.990285
1020	-0.208833
1021	0.278042
1022	-1.706515
1023	-1.522726
1024	-1.322123
1025	-2.334555
1026	-1.464519
1027	0.312033
1028	1.333355
1029	-1.788441
1030	-1.948031
1031	0.305923
1032	0.182185
1033	-1.966341
1034	-2.819984
1035	2.683691
1036	0.251269
1037	0.124751
1038	-1.110129
1039	-3.164898
1040	-2.029090
1041	-2.799547
1042	1.320756
1043	1.634773
1044	1.380149
1045	-2.028510
1046	-1.548648
1047	-1.957331
1048	1.613465
1049	0.669715
1050	-1.912597
1051	0.671915
1052	0.977638
1053	-0.052885
1054	-1.753311
1055	1.528068
1056	-0.864110
1057	2.154864
1058	-2.040379
1059	-2.177729
1060	-0.693730
1061	-1.177859
1062	-1.654180
1063	-1.453457
1064	-1.687917
1065	0.756352
1066	-1.725453
1067	0.717980
1068	-2.357581
1069	-2.225191
1070	-2.222291
1071	0.513517
1072	1.389378
1073	0.584037
1074	1.480988
1075	-2.042395
1076	-1.956106
1077	-0.146581
1078	1.044171
1079	0.682500
1080	1.866315
1081	0.725803
1082	-2.560839
1083	-1.197700
1084	1.107859
1085	-2.095394
1086	-2.676235
1087	-2.082293
1088	-1.994748
1089	2.860296
1090	2.569459
1091	-2.328249
1092	-1.977943
1093	-1.741258
1094	-2.051560
1095	-2.394908
1096	-1.855530
1097	-1.953740
1098	-2.120643
1099	-2.508353
1100	1.094462
1101	0.902876
1102	-1.664646
1103	0.714705
1104	-2.100473
1105	-2.568771
1106	-2.694217
1107	-2.209701
1108	0.235174
1109	-2.078387
1110	-2.489505
1111	0.655038
1112	0.992480
1113	-1.930586
1114	0.411318
1115	-1.629198
1116	-0.086056
1117	-1.915388
1118	-1.598601
1119	-2.551528
1120	-0.094537
1121	0.716443
1122	-2.453728
1123	-2.893959
1124	-1.559364
1125	1.538245
1126	-2.475181
1127	-2.393622
1128	-2.062052
1129	-1.738763
1130	-1.464471
1131	-1.803224
1132	-2.574137
1133	1.266182
1134	-1.697258
1135	1.581727
1136	-2.299407
1137	0.289362
1138	-0.592707
1139	-2.127685
1140	-1.982204
1141	0.576630
1142	-2.458840
1143	-2.886588
1144	3.120392
1145	-0.490455
1146	-1.860139
1147	-0.095960
1148	1.141832
1149	0.416005
1150	-1.935807
1151	-1.606145
1152	2.413921
1153	-1.977357
1154	-0.054231
1155	1.869146
1156	-1.567826
1157	-0.031769
1158	1.279868
1159	-1.756998
1160	-2.865258
1161	-1.715572
1162	-1.864293
1163	-0.688463
1164	-1.236609
1165	-1.481037
1166	1.637303
1167	0.023303
1168	-2.728787
1169	-1.797812
1170	-0.111090
1171	-1.932509
1172	-2.109506
1173	3.528256
1174	1.618869
1175	0.610209
1176	1.460900
1177	1.010395
1178	1.380380
1179	-2.141581
1180	-2.244457
1181	-1.908919
1182	-1.687833
1183	-1.567673
1184	-2.323234
1185	-1.470640
1186	1.727657
1187	-2.093480
1188	-1.841119
1189	-2.150287
1190	-2.049824
1191	1.355865
1192	-2.269800
1193	-1.884386
1194	-1.967486
1195	2.301216
1196	-1.593300
1197	-2.333825
1198	-1.466007
1199	2.153082
1200	1.354323
1201	-1.865491
1202	-1.461198
1203	-2.071742
1204	-1.362982
1205	-1.512569
1206	2.760910
1207	0.643094
1208	-2.675705
1209	1.826055
1210	-1.830808
1211	-2.930554
1212	2.657353
1213	-1.353281
1214	-1.800848
1215	1.425470
1216	-0.300632
1217	1.662809
1218	-1.490602
1219	-1.767573
1220	-2.474962
1221	1.491945
1222	-1.924959
1223	-0.984399
1224	0.861829
1225	1.951237
1226	-2.433496
1227	0.921086
1228	-1.604009
1229	2.037052
1230	-1.215184
1231	-2.135082
1232	-0.482649
1233	-1.109260
1234	-1.122605
1235	-2.447246
1236	-1.177650
1237	2.310533
1238	3.013507
1239	2.481245
1240	2.238313
1241	-1.293617
1242	-2.112036
1243	2.439053
1244	2.254937
1245	0.532846
1246	-1.713542
1247	1.702633
1248	1.132688
1249	-1.470194
1250	-2.480173
1251	-1.536913
1252	0.647199
1253	-1.490061
1254	-2.850004
1255	0.680996
1256	1.252854
1257	-1.199265
1258	-0.190934
1259	0.813219
1260	-0.466317
1261	-0.715948
1262	-2.187156
1263	0.680356
1264	1.956137
1265	-0.022417
1266	-1.674425
1267	-2.474847
1268	-2.625470
1269	0.810355
1270	1.514694
1271	-2.288785
1272	1.704204
1273	-2.383831
1274	-2.351491
1275	-2.648472
1276	-2.648402
1277	1.221360
1278	-1.832806
1279	1.828381
1280	0.411807
1281	-1.021296
1282	-2.037781
1283	-1.853359
1284	0.049102
1285	1.419439
1286	-1.260337
1287	0.925120
1288	-1.405904
1289	-2.597522
1290	-2.382170
1291	-1.897746
1292	-2.417451
1293	-1.464405
1294	-1.762906
1295	1.917227
1296	-2.651478
1297	-2.809664
1298	0.239490
1299	-2.084166
1300	-2.776996
1301	0.004794
1302	-2.438240
1303	0.211452
1304	0.225131
1305	-1.227022
1306	0.421255
1307	-2.222509
1308	-2.277632
1309	1.755878
1310	-1.751831
1311	-1.755212
1312	-0.439868
1313	1.712864
1314	1.315547
1315	-1.864494
1316	-1.824759
1317	-2.342195
1318	-0.991436
1319	-2.098820
1320	1.367923
1321	-2.280547
1322	-1.430676
1323	2.663560
1324	-1.172472
1325	-2.004360
1326	1.071207
1327	2.101533
1328	-2.627732
1329	-2.738736
1330	0.690291
1331	-1.736307
1332	-2.108301
1333	-2.720205
1334	-2.871722
1335	-1.421296
1336	-2.667201
1337	2.862014
1338	-0.967698
1339	0.352026
1340	-2.427029
1341	-1.213055
1342	0.568969
1343	-1.622410
1344	-3.500776
1345	0.334432
1346	1.092569
1347	-2.051371
1348	-1.819459
1349	-1.890694
1350	-1.794951
1351	-0.714029
1352	-2.585004
1353	0.491571
1354	-2.088686
1355	0.771381
1356	-1.744947
1357	-1.896387
1358	-2.323498
1359	-0.020863
1360	-2.796956
1361	-1.882937
1362	-1.796784
1363	2.673530
1364	-2.198280
1365	1.140808
1366	-0.041131
1367	-2.091321
1368	-2.367516
1369	1.826478
1370	1.561765
1371	-1.405044
1372	1.876036
1373	-1.068785
1374	-2.468838
1375	-2.035585
1376	1.793999
1377	-1.640344
1378	-0.559343
1379	-1.918716
1380	-2.229685
1381	-2.046608
1382	1.751332
1383	-2.371382
1384	-2.005316
1385	-1.444836
1386	-0.108589
1387	-1.829920
1388	-1.486418
1389	-1.581887
1390	-2.121311
1391	-3.207149
1392	-0.271953
1393	-2.105568
1394	0.210498
1395	-1.254513
1396	-1.140919
1397	-1.725275
1398	-2.324258
1399	-0.654226
1400	-2.605675
1401	-2.080283
1402	0.995296
1403	-2.446160
1404	-2.765336
1405	-0.625990
1406	-1.668712
1407	-1.846096
1408	-2.028853
1409	-1.603325
1410	1.074229
1411	-3.216095
1412	-3.004079
1413	0.627526
1414	-1.590840
1415	1.381592
1416	0.849017
1417	-1.138248
1418	-0.589966
1419	-1.963497
1420	-1.941948
1421	-0.828670
1422	-1.751579
1423	0.907222
1424	3.597242
1425	0.441069
1426	-2.363688
1427	-1.980726
1428	1.183050
1429	2.298210
1430	-0.222807
1431	0.046941
1432	-2.619794
1433	-2.377521
1434	-1.849954
1435	0.021906
1436	-2.805632
1437	0.496816
1438	0.191319
1439	-0.926391
1440	-1.902781
1441	-1.473097
1442	1.370735
1443	-2.928411
1444	0.755377
1445	-2.455403
1446	1.033993
1447	1.268692
1448	-1.027637
1449	-2.140021
1450	0.408730
1451	-1.653950
1452	-1.945992
1453	-2.128537
1454	-1.696151
1455	-1.625364
1456	-2.376664
1457	-1.189176
1458	-3.591135
1459	0.804670
1460	-2.244391
1461	-3.044100
1462	-2.390654
1463	0.253713
1464	-0.802940
1465	-1.532937
1466	-2.434902
1467	0.530512
1468	-1.587391
1469	-2.616661
1470	-0.172616
1471	0.406135
1472	-1.855048
1473	0.788450
1474	0.924498
1475	1.468229
1476	-1.793356
1477	-2.104128
1478	0.525228
1479	0.565926
1480	-3.090767
1481	1.321912
1482	1.437519
1483	-2.357889
1484	1.258738
1485	-1.762560
1486	2.356473
1487	1.657475
1488	1.161093
1489	-1.703552
1490	-2.595779
1491	-1.250510
1492	-1.509353
1493	-1.584749
1494	0.916611
1495	1.790842
1496	-2.153025
1497	-1.418351
1498	-2.513876
1499	-2.409166
1500	1.429593
1501	-1.454478
1502	-1.428722
1503	-2.000949
1504	-1.820025
1505	-1.873468
1506	-1.952530
1507	-2.563490
1508	0.773918
1509	-1.997183
1510	-0.099886
1511	-2.289400
1512	-2.384865
1513	-1.648844
1514	2.260425
1515	-1.034390
1516	1.920422
1517	-0.634695
1518	-1.841907
1519	-2.584677
1520	-1.360436
1521	-1.725557
1522	3.889492
1523	-2.818083
1524	0.598260
1525	2.366529
1526	-1.275026
1527	-2.084197
1528	-2.592808
1529	-2.383000
1530	2.191166
1531	-1.806995
1532	2.934874
1533	-1.814823
1534	-1.829046
1535	1.680168
1536	-2.195830
1537	-2.081437
1538	-1.974642
1539	-0.825906
1540	2.328559
1541	-1.533174
1542	-1.407562
1543	-1.895022
1544	-1.489576
1545	-1.337742
1546	0.446768
1547	-1.565823
1548	0.493857
1549	2.001055
1550	-1.581400
1551	0.652209
1552	-0.764370
1553	-2.210449
1554	-2.688616
1555	-1.787661
1556	-2.117646
1557	2.949004
1558	-1.352392
1559	2.644263
1560	-1.116678
1561	-1.717006
1562	1.642136
1563	0.507171
1564	-1.288243
1565	-1.971609
1566	-1.136142
1567	1.547503
1568	-2.078798
1569	1.877735
1570	-2.105843
1571	-1.798848
1572	-1.336674
1573	1.221452
1574	-1.962479
1575	-1.446281
1576	-1.721736
1577	-2.500658
1578	-1.472283
1579	1.429130
1580	0.980725
1581	-1.979689
1582	1.313283
1583	1.755885
1584	-0.573135
1585	-2.137696
1586	-1.809708
1587	0.008225
1588	-2.112003
1589	-2.013110
1590	-2.455153
1591	0.850871
1592	-0.209901
1593	1.319250
1594	-1.517427
1595	-2.014505
1596	0.395742
1597	1.049961
1598	-3.047122
1599	2.946463
1600	-2.335378
1601	-1.047453
1602	-1.700031
1603	-1.883739
1604	0.286085
1605	-2.002822
1606	-1.857172
1607	-1.741464
1608	-1.670453
1609	0.142840
1610	-0.216383
1611	-1.098526
1612	1.141154
1613	-2.076317
1614	2.084954
1615	-1.863761
1616	2.169959
1617	-1.426233
1618	0.291455
1619	-1.246351
1620	0.956912
1621	-1.746037
1622	0.798641
1623	-2.744291
1624	-2.321050
1625	-1.113491
1626	-2.437046
1627	1.000108
1628	-1.081042
1629	-2.835736
1630	2.419533
1631	3.070114
1632	-2.287449
1633	0.664129
1634	-2.146976
1635	-2.285080
1636	-1.380220
1637	0.712388
1638	0.511253
1639	-2.629875
1640	1.023124
1641	-2.783357
1642	0.722423
1643	0.806782
1644	-2.088154
1645	1.594104
1646	2.314261
1647	0.766444
1648	-2.548673
1649	0.394270
1650	1.967327
1651	-2.538901
1652	-2.179906
1653	-2.568041
1654	-1.922321
1655	-1.523035
1656	-2.151791
1657	-1.145468
1658	-1.818726
1659	0.693290
1660	-2.638662
1661	3.041919
1662	0.588438
1663	1.596745
1664	0.463200
1665	-1.962533
1666	-2.521881
1667	0.793707
1668	-2.669606
1669	-2.026449
1670	-0.858235
1671	-2.361453
1672	-2.043483
1673	-1.818444
1674	0.690383
1675	-2.516254
1676	-0.817671
1677	-1.217682
1678	-1.116347
1679	-2.027228
1680	-1.756980
1681	0.639822
1682	1.776759
1683	-1.677061
1684	-1.771256
1685	-3.039148
1686	-1.232126
1687	-2.598588
1688	-1.935342
1689	-1.952892
1690	-2.124565
1691	-1.432651
1692	1.954767
1693	0.505625
1694	-2.240043
1695	2.411698
1696	0.438809
1697	-2.361296
1698	0.016484
1699	0.148359
1700	-2.303275
1701	-2.559894
1702	-3.044755
1703	1.784883
1704	-0.904562
1705	1.446686
1706	-1.571629
1707	-1.426982
1708	-2.451861
1709	-1.994287
1710	0.683329
1711	1.439615
1712	1.023447
1713	-1.617463
1714	-1.459608
1715	-2.452752
1716	-2.408366
1717	-2.478772
1718	-1.741341
1719	-1.274769
1720	-1.896835
1721	-1.315627
1722	-2.116980
1723	2.004422
1724	0.188991
1725	-1.578008
1726	1.607324
1727	1.449676
1728	0.453567
1729	0.260034
1730	-1.938188
1731	0.702869
1732	-3.263145
1733	-1.750976
1734	-1.855646
1735	-2.712755
1736	1.874106
1737	-1.053778
1738	-1.782022
1739	1.180148
1740	2.603701
1741	-2.884444
1742	0.884365
1743	0.962192
1744	2.453170
1745	1.360414
1746	0.834679
1747	-3.094037
1748	-2.225505
1749	-1.299349
1750	0.183868
1751	-1.086155
1752	-2.340566
1753	-2.212986
1754	-0.210597
1755	-2.291149
1756	-2.082620
1757	1.551351
1758	0.353310
1759	-1.300308
1760	0.759832
1761	-2.000070
1762	-0.028129
1763	-1.288164
1764	-2.187446
1765	-2.244393
1766	2.842516
1767	-0.943671
1768	0.523971
1769	-2.241831
1770	0.498070
1771	1.352999
1772	-2.005786
1773	-0.120588
1774	3.086042
1775	0.800042
1776	-0.594891
1777	-2.439261
1778	1.251111
1779	-2.337526
1780	-2.222646
1781	1.947193
1782	1.676052
1783	-2.901437
1784	-2.894349
1785	-0.656493
1786	-2.230487
1787	1.665085
1788	0.251098
1789	-2.752459
1790	-1.424506
1791	2.016091
1792	-2.595502
1793	2.176367
1794	0.354032
1795	-1.598378
1796	-2.110305
1797	-1.752185
1798	0.200418
1799	-0.907780
1800	-1.561173
1801	2.019786
1802	-2.422212
1803	0.548965
1804	-0.326656
1805	-2.439653
1806	-2.142423
1807	0.982692
1808	-1.673374
1809	-1.700813
1810	-2.327434
1811	3.314431
1812	3.051071
1813	-2.082819
1814	-2.404542
1815	-0.696488
1816	0.836038
1817	1.751030
1818	-1.936341
1819	-2.234111
1820	-2.106226
1821	-2.693414
1822	-1.061448
1823	-1.569785
1824	-3.061394
1825	-2.222389
1826	-2.751400
1827	1.632711
1828	-2.383234
1829	1.600014
1830	-1.951060
1831	-2.512396
1832	1.097443
1833	-1.627604
1834	-2.014273
1835	2.410205
1836	-2.744806
1837	-2.246757
1838	-2.103613
1839	-0.517729
1840	-1.655089
1841	0.635791
1842	-2.000888
1843	-2.100736
1844	0.024433
1845	1.026697
1846	-1.935433
1847	-2.442644
1848	-2.217279
1849	-1.555326
1850	-2.605377
1851	-1.944482
1852	-2.374092
1853	1.737497
1854	-1.537077
1855	-2.345147
1856	-1.517304
1857	-2.387844
1858	-0.485834
1859	-1.194121
1860	2.157315
1861	-2.059144
1862	-1.988302
1863	-2.398423
1864	-2.501348
1865	0.706486
1866	-2.036087
1867	0.638453
1868	1.206451
1869	-1.538555
1870	-2.302820
1871	-1.840123
1872	0.711361
1873	-2.160287
1874	1.500970
1875	-2.491208
1876	0.643302
1877	-1.196710
1878	-2.303734
1879	-1.256272
1880	-2.237813
1881	-1.635385
1882	1.079079
1883	-3.102274
1884	-1.439039
1885	-2.329758
1886	-2.778221
1887	-1.843918
1888	-1.771703
1889	1.575433
1890	-2.454830
1891	-1.284114
1892	-1.855324
1893	-3.068523
1894	-0.737709
1895	-2.495228
1896	0.106045
1897	-1.687311
1898	0.322935
1899	-1.046440
1900	1.490490
1901	1.711351
1902	-2.558511
1903	-1.616716
1904	-2.548267
1905	0.785641
1906	2.165068
1907	-1.835310
1908	1.018495
1909	1.929157
1910	-2.030352
1911	-2.261595
1912	0.189758
1913	-2.152584
1914	0.256746
1915	2.439619
1916	0.922702
1917	-1.620348
1918	-1.947506
1919	-1.141352
1920	0.193646
1921	-2.417677
1922	1.137120
1923	2.061712
1924	-0.939521
1925	-2.134621
1926	-0.397057
1927	-1.931291
1928	1.448199
1929	-1.983435
1930	-1.009329
1931	-1.876863
1932	-0.369109
1933	-3.035052
1934	0.892138
1935	-1.814741
1936	-2.437625
1937	-2.618504
1938	-1.531669
1939	-2.717277
1940	-2.390970
1941	-1.516742
1942	1.306299
1943	-0.382688
1944	-1.686435
1945	-1.014917
1946	0.249735
1947	0.484987
1948	-2.065626
1949	-1.763713
1950	0.815926
1951	-0.808028
1952	-1.784749
1953	-2.127774
1954	-2.089216
1955	-1.872904
1956	1.223187
1957	1.466098
1958	0.868771
1959	-3.636413
1960	-1.151184
1961	1.784372
1962	-2.137829
1963	-2.194304
1964	-1.487366
1965	-2.157614
1966	-2.791372
1967	-2.970182
1968	-2.243793
1969	2.476010
1970	-1.605215
1971	-2.021433
1972	0.890191
1973	-2.220740
1974	-1.608089
1975	-2.125531
1976	0.585551
1977	0.672115
1978	-2.139009
1979	-2.105172
1980	1.741339
1981	0.004998
1982	1.613235
1983	-2.279333
1984	-2.934313
1985	-1.849625
1986	-2.163877
1987	0.669175
1988	-1.883471
1989	-1.863747
1990	-2.726570
1991	2.276689
1992	2.357070
1993	-2.603486
1994	-1.668124
1995	-2.676632
1996	-1.940350
1997	2.258132
1998	-1.850476
1999	-2.549739
2000	-1.645418
2001	-1.405154
2002	-2.255629
2003	2.373225
2004	-2.555772
2005	-0.751828
2006	-1.775817
2007	-1.800692
2008	-1.794485
2009	-2.204309
2010	-2.543396
2011	-2.114227
2012	-1.335604
2013	1.164288
2014	-1.603882
2015	-1.811217
2016	1.736728
2017	1.087720
2018	1.126460
2019	3.605892
2020	1.385476
2021	1.396455
2022	1.475795
2023	-2.480328
2024	-1.519813
2025	0.290006
2026	0.372302
2027	0.716954
2028	2.322220
2029	-1.714661
2030	-0.809890
2031	-1.982161
2032	-2.540131
2033	1.721309
2034	-0.482868
2035	-2.096639
2036	-2.106889
2037	-2.835056
2038	-2.519674
2039	0.571900
2040	-1.904714
2041	-1.992442
2042	2.142458
2043	-2.007732
2044	0.374272
2045	-2.110040
2046	-1.760046
2047	-2.002125
2048	1.675768
2049	1.128160
2050	-2.842599
2051	-2.392073
2052	-1.922777
2053	-2.596310
2054	2.290004
2055	-1.656486
2056	2.400367
2057	-2.418558
2058	1.321938
2059	-2.312519
2060	3.018011
2061	-0.286958
2062	-1.893442
2063	0.094088
2064	0.522656
2065	0.531728
2066	-1.994983
2067	-1.485904
2068	0.695472
2069	-0.694995
2070	2.355561
2071	-1.583081
2072	-1.859378
2073	-1.496389
2074	-2.027208
2075	-1.993246
2076	0.110508
2077	-2.447224
2078	1.124729
2079	-2.803098
2080	-1.668165
2081	-2.452989
2082	-2.440311
2083	1.275239
2084	-2.588944
2085	-2.674578
2086	1.538815
2087	-1.624775
2088	2.539381
2089	2.021745
2090	-0.980040
2091	-1.648827
2092	-2.110329
2093	-1.585660
2094	2.178351
2095	-2.110992
2096	-1.842972
2097	-2.159453
2098	-1.342811
2099	-2.109419
2100	-1.472740
2101	0.470095
2102	2.329893
2103	-1.670943
2104	-1.573963
2105	-1.373972
2106	-1.736484
2107	-1.979734
2108	-1.511788
2109	-2.128119
2110	-2.305946
2111	-2.449425
2112	3.254757
2113	1.725188
2114	0.007813
2115	-2.097803
2116	-1.702240
2117	-1.299336
2118	1.858525
2119	1.919842
2120	-0.973880
2121	1.209223
2122	0.148303
2123	-0.364448
2124	-1.835640
2125	-1.303853
2126	-1.687503
2127	1.127906
2128	0.171256
2129	-1.224668
2130	1.898582
2131	-1.905990
2132	-0.116637
2133	-1.395891
2134	-1.749724
2135	-2.007467
2136	-2.253167
2137	-2.383572
2138	-1.874528
2139	-2.817105
2140	-1.700980
2141	-0.336092
2142	-0.570373
2143	-1.829997
2144	2.610634
2145	-2.464774
2146	-0.411395
2147	-2.465076
2148	1.572966
2149	-1.154863
2150	-0.906067
2151	-3.156305
2152	-2.916707
2153	0.205304
2154	-2.031071
2155	1.621648
2156	-2.274534
2157	0.427900
2158	0.798234
2159	2.359269
2160	-1.600213
2161	-2.610637
2162	0.544619
2163	-1.728695
2164	-2.158530
2165	3.247667
2166	0.274245
2167	1.254132
2168	1.102372
2169	-2.520946
2170	0.621423
2171	1.987069
2172	-2.008125
2173	-2.242537
2174	-1.546099
2175	-2.063706
2176	-1.816054
2177	-1.141531
2178	2.345984
2179	2.267642
2180	1.099981
2181	2.107915
2182	-2.208551
2183	-1.823679
2184	-1.941338
2185	0.864897
2186	2.592938
2187	1.402460
2188	-2.701701
2189	0.255394
2190	-2.119302
2191	1.187723
2192	-2.197366
2193	-2.091758
2194	0.544673
2195	0.689478
2196	-2.041577
2197	-1.816409
2198	1.998214
2199	0.958125
2200	3.340392
2201	-1.954794
2202	0.703654
2203	-0.515601
2204	-1.122857
2205	-1.538905
2206	-1.133939
2207	-2.373294
2208	-0.292387
2209	-2.255673
2210	-1.895665
2211	-2.436797
2212	-2.264091
2213	-2.755737
2214	-2.263706
2215	0.755818
2216	-2.032213
2217	-2.272306
2218	1.753014
2219	-1.136118
2220	-2.763211
2221	0.977388
2222	-2.365161
2223	-1.869412
2224	-2.750224
2225	-1.843921
2226	0.386144
2227	0.685353
2228	1.887474
2229	-1.708297
2230	1.984957
2231	-1.753210
2232	0.346934
2233	2.688677
2234	-0.476937
2235	-2.084006
2236	-1.598393
2237	-2.230666
2238	-1.944856
2239	-2.031445
2240	3.371443
2241	-1.646298
2242	-1.988570
2243	0.590396
2244	-2.476032
2245	0.701566
2246	0.945059
2247	-0.763634
2248	1.475187
2249	0.984688
2250	3.523611
2251	2.251048
2252	0.107318
2253	-1.083272
2254	-2.868008
2255	-2.507039
2256	-2.609602
2257	0.270681
2258	1.516149
2259	-2.157384
2260	0.052247
2261	1.615029
2262	0.502758
2263	1.639058
2264	0.813930
2265	0.568197
2266	-2.405882
2267	-1.886318
2268	1.051432
2269	-1.042162
2270	-1.772594
2271	-1.898846
2272	-1.880994
2273	-1.709151
2274	-0.413943
2275	-2.556986
2276	0.019949
2277	0.643485
2278	-2.320732
2279	1.132259
2280	-2.253266
2281	1.330794
2282	-0.936954
2283	1.948904
2284	-1.494640
2285	-1.004596
2286	3.264100
2287	-0.651584
2288	-2.735415
2289	-2.449161
2290	1.848060
2291	-1.521289
2292	-1.336101
2293	-1.949193
2294	0.237666
2295	-1.991400
2296	-2.617220
2297	-2.702746
2298	-3.288453
2299	-1.982089
2300	0.962794
2301	-2.338872
2302	2.372093
2303	0.499428
2304	-1.591113
2305	-1.743692
2306	-0.498661
2307	-2.367593
2308	2.096201
2309	-1.989568
2310	-2.389321
2311	-1.207143
2312	1.925575
2313	-0.600591
2314	-2.215278
2315	-2.952068
2316	1.178485
2317	-1.542981
2318	-2.122180
2319	-1.873242
2320	-2.336549
2321	-1.665939
2322	2.105576
2323	-0.012499
2324	-2.094940
2325	-3.117338
2326	-1.868202
2327	0.126409
2328	-1.624053
2329	-2.267427
2330	1.672812
2331	-2.458511
2332	-2.639117
2333	0.847481
2334	1.747942
2335	-2.545891
2336	-2.355680
2337	-1.736363
2338	-1.713034
2339	0.973367
2340	-1.388513
2341	-1.646431
2342	-1.791267
2343	-1.354822
2344	-2.052100
2345	-1.905184
2346	-1.699901
2347	-2.081559
2348	-2.104240
2349	-2.235497
2350	-2.047832
2351	-2.336301
2352	0.715479
2353	-2.158049
2354	-2.218295
2355	-0.032460
2356	-1.661389
2357	-1.956141
2358	1.096212
2359	-2.649761
2360	-2.521587
2361	0.837798
2362	-1.925839
2363	-1.351304
2364	-2.862806
2365	-1.648351
2366	-2.385162
2367	-2.187434
2368	-1.944641
2369	-0.013758
2370	4.229045
2371	1.886811
2372	1.228248
2373	-1.520433
2374	-1.889606
2375	-1.884953
2376	2.486018
2377	-1.343566
2378	-2.064747
2379	-0.959102
2380	-1.698436
2381	1.429276
2382	0.299910
2383	-1.141679
2384	-1.917722
2385	1.403231
2386	-1.537627
2387	-1.700740
2388	-1.695410
2389	1.079466
2390	0.405079
2391	-1.645428
2392	-1.839267
2393	0.877683
2394	0.243267
2395	-2.113285
2396	-1.872655
2397	-2.255847
2398	1.587571
2399	1.168977
2400	2.746550
2401	-2.031643
2402	1.910534
2403	1.520906
2404	-1.781391
2405	2.514591
2406	1.346384
2407	2.248512
2408	-1.346068
2409	-2.003843
2410	0.897464
2411	1.055621
2412	2.147251
2413	-1.459602
2414	-1.733545
2415	-0.330349
2416	1.372567
2417	-0.123132
2418	0.573797
2419	-2.143931
2420	1.505216
2421	-2.752059
2422	-2.039326
2423	0.520643
2424	-1.896375
2425	-1.552037
2426	-2.026689
2427	-1.612597
2428	-2.451755
2429	-1.808338
2430	-2.002251
2431	-1.440566
2432	-0.015165
2433	-1.380825
2434	0.547773
2435	2.535628
2436	1.862509
2437	0.610275
2438	-2.490666
2439	-1.823329
2440	-2.186040
2441	-0.254347
2442	1.935887
2443	-1.853443
2444	-1.713151
2445	-2.030498
2446	-0.651551
2447	-0.160862
2448	-1.820569
2449	-2.335560
2450	-1.469746
2451	0.917097
2452	-2.030724
2453	-1.960946
2454	-1.460868
2455	-0.524610
2456	-1.579357
2457	-0.066697
2458	0.790994
2459	-1.668857
2460	-2.763734
2461	-0.960838
2462	-2.431014
2463	-2.004754
2464	-2.291382
2465	-1.659678
2466	-2.346559
2467	1.993443
2468	-2.349309
2469	-1.947873
2470	-2.001592
2471	-2.841337
2472	-1.762137
2473	-1.514136
2474	-1.660307
2475	-1.637955
2476	-2.569313
2477	-2.520170
2478	-0.370639
2479	-1.671284
2480	1.230854
2481	1.094407
2482	0.579841
2483	-2.176608
2484	-2.976566
2485	0.819717
2486	-1.681691
2487	1.004823
2488	-1.127522
2489	-1.364634
2490	-1.218799
2491	-2.799268
2492	-1.742411
2493	-2.265778
2494	-1.793518
2495	1.285841
2496	-1.941073
2497	-1.823810
2498	-1.581211
2499	-2.314439
2500	-2.208783
2501	-1.867494
2502	-3.091313
2503	-0.931164
2504	-1.826697
2505	-1.905597
2506	-2.359487
2507	0.582761
2508	0.959312
2509	-2.338967
2510	-2.050666
2511	0.594729
2512	-1.675533
2513	-2.223841
2514	2.239829
2515	-0.137755
2516	-1.801101
2517	0.966164
2518	-1.112600
2519	-0.782014
2520	-1.899363
2521	1.111598
2522	-2.083107
2523	-1.897133
2524	-2.281593
2525	-1.389178
2526	1.539792
2527	-2.220802
2528	-2.046411
2529	-2.138961
2530	2.108250
2531	0.514846
2532	-0.485553
2533	-2.248548
2534	-2.831512
2535	-0.289962
2536	3.158379
2537	2.280473
2538	-1.334145
2539	-2.237936
2540	-1.812996
2541	-2.053121
2542	-2.317445
2543	1.309354
2544	0.282463
2545	0.637819
2546	-0.809781
2547	-1.623506
2548	-1.930818
2549	-1.295368
2550	0.101665
2551	-2.147882
2552	0.180774
2553	1.067747
2554	-2.559152
2555	1.885993
2556	-0.395125
2557	-1.705637
2558	-1.861556
2559	0.714317
2560	-2.192856
2561	-0.666802
2562	3.577663
2563	1.388589
2564	-2.024786
2565	-0.236077
2566	-2.420099
2567	-1.832844
2568	-1.894460
2569	-1.100822
2570	0.203151
2571	-1.508817
2572	0.954845
2573	-2.358298
2574	-1.736136
2575	-1.337307
2576	-2.165903
2577	0.733061
2578	2.340968
2579	-1.735016
2580	-2.035749
2581	-1.936108
2582	-0.980453
2583	-1.781730
2584	-1.910720
2585	-1.472965
2586	0.829306
2587	0.540905
2588	2.174859
2589	-2.018135
2590	-1.862240
2591	-2.128278
2592	0.335558
2593	-1.271905
2594	-2.509018
2595	1.307739
2596	-2.148016
2597	1.580012
2598	0.821924
2599	-1.994608
2600	0.843669
2601	-0.361903
2602	-1.575426
2603	-1.992994
2604	-2.173558
2605	-2.408440
2606	-0.200051
2607	-1.834180
2608	-2.026809
2609	0.477126
2610	-2.311051
2611	-0.139069
2612	1.973362
2613	-2.258913
2614	-2.138596
2615	-1.588954
2616	0.612170
2617	-0.432483
2618	-2.682008
2619	-1.877720
2620	1.722874
2621	1.111599
2622	-2.606495
2623	-2.576017
2624	-1.538782
2625	-1.379577
2626	-1.823302
2627	-2.795526
2628	0.885800
2629	0.937688
2630	0.992034
2631	-1.288201
2632	0.204321
2633	-2.611468
2634	2.296342
2635	1.420422
2636	-1.486130
2637	-2.431048
2638	-1.386071
2639	-1.857346
2640	-2.722278
2641	-2.516969
2642	1.211467
2643	-2.170659
2644	-1.327877
2645	-1.576388
2646	2.004463
2647	-2.208247
2648	-2.650997
2649	1.488205
2650	-2.223636
2651	-2.719248
2652	-2.050414
2653	2.497135
2654	-2.404873
2655	-2.496500
2656	-1.501015
2657	-1.184834
2658	-2.169922
2659	-0.262886
2660	0.626315
2661	-2.515787
2662	-2.142648
2663	-1.620740
2664	-1.606886
2665	-2.622548
2666	0.896691
2667	-1.536750
2668	0.907446
2669	-2.100038
2670	-2.313849
2671	0.275469
2672	-2.980557
2673	-1.485914
2674	3.702801
2675	1.436070
2676	0.299128
2677	-2.445076
2678	-2.090504
2679	-1.093363
2680	-1.396097
2681	-1.024933
2682	-2.851243
2683	-2.513820
2684	1.872963
2685	-2.544775
2686	-1.649727
2687	-2.056323
2688	-1.951300
2689	0.342654
2690	-1.590723
2691	2.191694
2692	-0.958464
2693	-2.098881
2694	0.353415
2695	-1.590638
2696	-1.258383
2697	1.664042
2698	1.213052
2699	-1.997864
2700	-2.380436
2701	-1.900288
2702	-2.014489
2703	0.389318
2704	-0.107285
2705	2.164751
2706	-1.775084
2707	1.798896
2708	-0.024309
2709	-2.055146
2710	-1.979709
2711	-1.979995
2712	2.105766
2713	-1.214609
2714	1.438089
2715	1.934876
2716	-2.045185
2717	-2.028283
2718	0.861653
2719	-2.100766
2720	0.988768
2721	0.290227
2722	1.983410
2723	-1.342791
2724	-1.828416
2725	1.592479
2726	1.449943
2727	-1.960732
2728	-2.095612
2729	1.427621
2730	-2.286157
2731	-1.569918
2732	-1.956617
2733	-0.657210
2734	-1.925593
2735	-3.379093
2736	-2.000632
2737	1.724188
2738	-2.995521
2739	2.730588
2740	0.616807
2741	0.742603
2742	-1.891472
2743	-1.102826
2744	-2.085621
2745	-0.200301
2746	-0.855749
2747	-2.279733
2748	1.348177
2749	2.577354
2750	-2.329316
2751	-2.002594
2752	-1.337028
2753	1.438491
2754	-1.733413
2755	-0.861447
2756	-1.216096
2757	-2.447101
2758	-2.914061
2759	-2.479363
2760	-1.692966
2761	0.449428
2762	-0.334504
2763	-1.738457
2764	2.806683
2765	-2.453580
2766	-1.915537
2767	-2.665195
2768	1.499955
2769	1.931986
2770	-2.079329
2771	-1.193212
2772	1.219097
2773	-2.237776
2774	1.884419
2775	0.510662
2776	1.649315
2777	0.430442
2778	-2.995384
2779	-2.349562
2780	-2.324623
2781	-1.570876
2782	-2.562551
2783	1.853598
2784	0.245592
2785	-1.787368
2786	1.553751
2787	-0.081516
2788	-1.934236
2789	-0.217322
2790	-0.301619
2791	-0.089929
2792	1.297608
2793	1.130244
2794	-1.562619
2795	-2.690493
2796	-2.436525
2797	-0.500866
2798	1.266067
2799	-1.973719
2800	0.652876
2801	1.631837
2802	-0.301348
2803	-1.561957
2804	-2.192330
2805	-1.895509
2806	-1.785461
2807	-1.722444
2808	-2.135033
2809	-1.718617
2810	0.665543
2811	-1.998876
2812	-1.926376
2813	3.040144
2814	1.582032
2815	-2.724498
2816	-1.139936
2817	-2.133069
2818	-1.436062
2819	-0.035874
2820	-1.455713
2821	-2.496345
2822	0.946008
2823	-2.389869
2824	-2.120186
2825	-1.959546
2826	-1.417809
2827	-1.742619
2828	-1.630799
2829	-2.483812
2830	-1.506859
2831	-2.086046
2832	-2.670084
2833	1.681642
2834	0.927631
2835	-1.628613
2836	0.476120
2837	-2.334881
2838	0.068474
2839	-1.610300
2840	2.488888
2841	1.551609
2842	-1.277709
2843	-1.990715
2844	-1.189535
2845	-1.111813
2846	-1.747985
2847	-1.601254
2848	-2.100745
2849	-1.980071
2850	-2.431726
2851	-1.137717
2852	0.531640
2853	0.120722
2854	-2.488556
2855	-1.186965
2856	2.178131
2857	-1.802257
2858	-1.770462
2859	0.752049
2860	-1.926916
2861	-3.582403
2862	-2.525773
2863	-2.155147
2864	1.549133
2865	-1.466654
2866	-1.567128
2867	-1.643384
2868	0.477414
2869	2.384006
2870	-1.381503
2871	-1.712527
2872	-1.563886
2873	-1.892164
2874	-1.944355
2875	0.172758
2876	-1.558576
2877	2.216089
2878	-1.829863
2879	-1.707039
2880	0.416487
2881	1.074551
2882	-2.695759
2883	-2.183953
2884	-1.395413
2885	1.373860
2886	-1.883579
2887	0.957680
2888	0.880698
2889	-2.734134
2890	-1.436012
2891	1.925073
2892	-1.976294
2893	-2.022639
2894	-2.148397
2895	-2.625717
2896	0.512016
2897	-0.444365
2898	-1.173592
2899	0.529744
2900	0.391618
2901	-1.161067
2902	-1.092085
2903	-2.380913
2904	-2.504799
2905	-2.823306
2906	-1.806572
2907	-1.941676
2908	-1.481317
2909	-0.738936
2910	-2.479653
2911	-1.724032
2912	-1.591587
2913	-2.048211
2914	2.333089
2915	-2.118528
2916	-1.840905
2917	-1.724768
2918	-1.281149
2919	-2.145608
2920	-1.567421
2921	1.267665
2922	-0.011867
2923	-1.413264
2924	-1.818879
2925	-2.385353
2926	-1.701014
2927	0.946857
2928	-1.775804
2929	-1.844683
2930	-1.828664
2931	1.262460
2932	-2.067066
2933	-2.129960
2934	-2.354762
2935	-1.923383
2936	-1.708637
2937	1.779236
2938	-0.948914
2939	-0.462475
2940	-2.083867
2941	-2.199014
2942	2.181537
2943	1.125224
2944	1.478303
2945	0.468104
2946	-2.630212
2947	2.053134
2948	-1.997888
2949	-2.180764
2950	-2.274043
2951	-2.108609
2952	0.662245
2953	0.664421
2954	-1.884527
2955	0.889223
2956	-1.255442
2957	-1.730455
2958	-0.091945
2959	-2.095071
2960	1.729309
2961	2.010681
2962	-2.309635
2963	-0.167033
2964	-1.669123
2965	-2.252820
2966	-2.671439
2967	-1.611971
2968	-1.789781
2969	-2.061504
2970	-1.659486
2971	-1.432512
2972	-1.600152
2973	-2.197823
2974	-2.127075
2975	0.696170
2976	1.326333
2977	1.359030
2978	1.479048
2979	-2.536175
2980	-1.137073
2981	-0.952851
2982	1.395117
2983	-1.408481
2984	-0.961657
2985	0.631300
2986	-1.532246
2987	-2.632148
2988	-1.863527
2989	0.585890
2990	-1.626035
2991	-1.749533
2992	-1.191539
2993	-0.252727
2994	1.787382
2995	-2.518526
2996	3.668531
2997	-1.789042
2998	0.607728
2999	-2.178982
3000	0.488562
3001	-0.852368
3002	0.034233
3003	-1.272216
3004	-2.205339
3005	-2.416883
3006	1.301767
3007	-2.651515
3008	-2.239247
3009	-1.526783
3010	2.070224
3011	-2.273788
3012	1.810655
3013	-1.666403
3014	-2.047566
3015	-0.968107
3016	-0.914450
3017	-0.846646
3018	-2.313791
3019	-2.107473
3020	0.413149
3021	2.244227
3022	1.505334
3023	-1.967514
3024	-1.920615
3025	3.616326
3026	2.018655
3027	-1.635598
3028	-1.951308
3029	1.305102
3030	2.516411
3031	0.331871
3032	1.161063
3033	-1.986587
3034	1.846636
3035	-2.412807
3036	-1.546904
3037	0.915056
3038	2.345318
3039	-1.406416
3040	-2.103114
3041	-1.810109
3042	1.557466
3043	-2.169196
3044	-1.504380
3045	-0.512850
3046	-2.004639
3047	-2.695781
3048	0.629166
3049	-2.030570
3050	0.911815
3051	-2.627731
3052	-1.985684
3053	-3.032692
3054	-1.608253
3055	-2.773060
3056	-1.948596
3057	-1.195562
3058	2.218067
3059	1.558926
3060	-1.434358
3061	-1.355147
3062	-2.449543
3063	1.268252
3064	-1.399643
3065	1.910543
3066	-1.427104
3067	-1.945591
3068	0.808927
3069	3.778930
3070	-1.666919
3071	-1.554171
3072	-1.249253
3073	1.461644
3074	1.152408
3075	-1.765180
3076	1.841215
3077	1.325749
3078	-1.277094
3079	-1.694186
3080	-2.458928
3081	-3.179793
3082	-2.634094
3083	0.794724
3084	0.071909
3085	0.493162
3086	3.047879
3087	-2.013690
3088	-2.751294
3089	0.416197
3090	-2.804216
3091	-2.143163
3092	-1.097713
3093	-1.949909
3094	-2.726056
3095	-2.679625
3096	-1.248701
3097	1.529816
3098	-1.943983
3099	-1.665178
3100	-1.274911
3101	-2.176889
3102	0.870077
3103	-1.811962
3104	-1.884553
3105	0.129025
3106	-2.511124
3107	0.955505
3108	1.305502
3109	-2.471172
3110	0.632346
3111	-2.519623
3112	2.883350
3113	-1.681646
3114	-1.524693
3115	-1.895488
3116	-1.532165
3117	-1.781913
3118	1.052393
3119	-1.771299
3120	0.513246
3121	0.130513
3122	1.906186
3123	-2.247221
3124	-1.545879
3125	-2.228174
3126	0.122260
3127	-1.728360
3128	1.079164
3129	0.092633
3130	-2.864945
3131	1.115763
3132	0.823775
3133	0.707419
3134	1.107345
3135	-2.443494
3136	1.938289
3137	-0.558689
3138	0.519473
3139	0.097950
3140	1.437550
3141	-1.611254
3142	1.215424
3143	0.493462
3144	-1.893295
3145	-1.532270
3146	-2.387266
3147	0.371271
3148	-2.063821
3149	-1.508087
3150	-2.355117
3151	1.669250
3152	2.907136
3153	-2.813713
3154	-2.506335
3155	-2.061886
3156	-2.661333
3157	-2.229257
3158	1.688110
3159	-1.989914
3160	-1.331103
3161	-1.636352
3162	-1.176665
3163	-1.529061
3164	-1.343552
3165	-1.509646
3166	-1.351844
3167	1.693418
3168	-2.102238
3169	1.104665
3170	2.061055
3171	2.471523
3172	-1.150746
3173	0.432621
3174	-1.799229
3175	1.053655
3176	0.367012
3177	2.582881
3178	-2.258975
3179	2.284493
3180	-2.721451
3181	1.426168
3182	0.230049
3183	-1.939159
3184	1.839256
3185	-2.210442
3186	1.457372
3187	-2.447057
3188	2.124367
3189	-1.413986
3190	2.193242
3191	-2.846613
3192	-0.294842
3193	-1.347503
3194	-2.150692
3195	2.146200
3196	-2.418937
3197	0.968499
3198	0.670003
3199	0.962006
3200	-1.715967
3201	1.077546
3202	-1.828745
3203	-0.751739
3204	-1.990856
3205	1.395146
3206	-2.139182
3207	-1.860875
3208	-1.694539
3209	-1.854911
3210	-1.887521
3211	-1.282978
3212	-2.408606
3213	1.134675
3214	-0.054771
3215	-1.751158
3216	-2.973530
3217	-2.132760
3218	-2.696501
3219	-2.825594
3220	-1.446994
3221	0.273843
3222	1.334071
3223	-2.053247
3224	-2.211502
3225	0.307159
3226	-0.717475
3227	-0.966079
3228	2.043651
3229	1.052446
3230	-2.237931
3231	-2.754079
3232	1.296920
3233	0.707864
3234	3.182036
3235	1.312127
3236	0.377779
3237	-2.915550
3238	2.178168
3239	-2.337633
3240	-2.657899
3241	0.996803
3242	-1.694780
3243	-1.641538
3244	-2.683022
3245	0.074558
3246	-2.224085
3247	-1.957830
3248	0.056334
3249	-2.139907
3250	-1.704911
3251	1.204245
3252	-2.141629
3253	3.091463
3254	0.978523
3255	-2.409101
3256	2.968117
3257	-1.670476
3258	2.200568
3259	0.070366
3260	1.205349
3261	3.121799
3262	-1.202496
3263	-1.404890
3264	-0.907404
3265	-2.434398
3266	-2.171952
3267	-2.582570
3268	-1.806524
3269	2.897004
3270	0.457505
3271	-1.937009
3272	1.945767
3273	-2.171799
3274	0.195192
3275	-1.467540
3276	2.035798
3277	-1.990098
3278	-1.858002
3279	2.407005
3280	-1.480721
3281	-2.232306
3282	-2.251648
3283	-0.262521
3284	1.445829
3285	-0.951724
3286	1.481473
3287	1.004950
3288	-0.929762
3289	-2.684291
3290	-0.369214
3291	-1.536100
3292	-0.132326
3293	-1.993718
3294	0.499482
3295	-2.194080
3296	1.064617
3297	-2.538333
3298	-1.637097
3299	-0.903507
3300	1.432909
3301	1.649048
3302	-2.443128
3303	-2.749980
3304	-1.967226
3305	-1.430545
3306	-1.656618
3307	-1.095556
3308	-1.407026
3309	-1.703341
3310	-1.898611
3311	-1.743969
3312	-0.073775
3313	-2.940773
3314	0.229610
3315	-1.428728
3316	-2.848110
3317	-1.858951
3318	2.897613
3319	2.076033
3320	-2.243134
3321	2.048784
3322	-2.225393
3323	-1.792889
3324	-2.104143
3325	-2.088778
3326	-2.110257
3327	1.807410
3328	0.828082
3329	-1.116698
3330	-2.034044
3331	-2.146082
3332	-2.345943
3333	-1.425516
3334	0.216076
3335	-1.909895
3336	-1.533935
3337	0.696112
3338	1.775517
3339	-0.215547
3340	-1.977783
3341	2.404939
3342	-1.738333
3343	1.916429
3344	2.657886
3345	-1.178830
3346	-0.841253
3347	-1.563061
3348	-1.685548
3349	0.312641
3350	-1.957294
3351	1.017884
3352	1.985258
3353	-1.627127
3354	-0.931984
3355	-1.647046
3356	-1.238828
3357	1.267021
3358	-2.679512
3359	-0.493242
3360	-1.782966
3361	-3.157933
3362	-3.070609
3363	0.081603
3364	1.358543
3365	2.439414
3366	-2.071364
3367	1.642945
3368	1.663695
3369	1.858400
3370	1.073227
3371	-0.949813
3372	-1.716140
3373	1.093178
3374	0.988475
3375	2.752645
3376	-2.214826
3377	1.033759
3378	-1.535868
3379	-3.320595
3380	-1.271989
3381	-2.324434
3382	0.955852
3383	-1.015676
3384	3.248362
3385	-1.732224
3386	1.237538
3387	-2.239733
3388	-2.216205
3389	-1.932891
3390	-1.890306
3391	-0.779254
3392	-2.082485
3393	-2.797667
3394	-3.173197
3395	0.786515
3396	-2.421483
3397	-2.426371
3398	2.038830
3399	-1.411179
3400	-2.170743
3401	-2.031833
3402	-1.900067
3403	-2.122439
3404	2.112061
3405	-1.362692
3406	2.822862
3407	-2.027534
3408	-0.602065
3409	0.103551
3410	0.677780
3411	-1.287009
3412	1.411514
3413	1.252757
3414	-0.668682
3415	-0.943151
3416	1.024001
3417	1.114568
3418	0.988900
3419	2.061474
3420	0.236405
3421	-1.323292
3422	2.163127
3423	-0.582040
3424	-1.972630
3425	-1.535090
3426	-1.933254
3427	-2.459014
3428	1.248145
3429	-1.699772
3430	0.620755
3431	-2.251991
3432	-2.743003
3433	-2.221231
3434	1.202239
3435	-2.535252
3436	-2.873124
3437	-1.094551
3438	0.718299
3439	1.165082
3440	-2.198753
3441	0.732964
3442	-2.174610
3443	-0.097712
3444	-2.485371
3445	-1.668759
3446	-0.813542
3447	-2.103328
3448	1.261443
3449	-1.940057
3450	-1.487596
3451	-1.785881
3452	-1.595738
3453	2.791755
3454	-2.016510
3455	-0.378603
3456	-1.918533
3457	1.150069
3458	-1.195454
3459	0.422147
3460	-2.075515
3461	-1.753955
3462	-0.991081
3463	1.453464
3464	-2.027184
3465	-1.868415
3466	2.158885
3467	-1.529910
3468	0.263726
3469	2.246634
3470	-1.828530
3471	0.625041
3472	-1.085828
3473	0.820443
3474	-1.326177
3475	-2.505978
3476	1.907881
3477	2.381130
3478	0.062789
3479	-1.637948
3480	-1.407072
3481	-1.270824
3482	0.638464
3483	-1.420665
3484	-0.255582
3485	-1.673565
3486	-2.036255
3487	-2.075144
3488	1.425170
3489	-1.811862
3490	-2.084819
3491	-2.904965
3492	2.714070
3493	-2.371080
3494	3.773396
3495	-0.480986
3496	-1.806720
3497	-2.233296
3498	-2.027839
3499	-2.112332
3500	-1.606029
3501	-1.986471
3502	0.990372
3503	-0.290720
3504	-1.270960
3505	0.770299
3506	-1.648260
3507	-0.849836
3508	-2.219243
3509	2.233278
3510	0.474609
3511	1.802620
3512	-2.833238
3513	1.495836
3514	-2.881770
3515	1.801395
3516	2.233810
3517	-1.032466
3518	1.150354
3519	1.077414
3520	-1.233148
3521	-2.113538
3522	0.814537
3523	-2.241420
3524	1.988511
3525	0.721603
3526	-2.308603
3527	0.139509
3528	-2.558801
3529	2.049249
3530	-2.251394
3531	-0.746411
3532	-1.393263
3533	-2.976139
3534	-1.643209
3535	0.440249
3536	-2.205267
3537	0.593541
3538	-2.517520
3539	-2.577746
3540	0.562802
3541	-2.198540
3542	-2.402548
3543	0.633990
3544	-2.129549
3545	-0.030744
3546	-1.307229
3547	-2.021250
3548	0.940415
3549	-0.529522
3550	-1.790293
3551	-2.230951
3552	-1.500497
3553	-0.808983
3554	1.299191
3555	-1.972413
3556	-1.848135
3557	-1.632689
3558	-1.974704
3559	-2.740880
3560	1.341253
3561	-2.695533
3562	-1.642412
3563	1.168034
3564	1.495816
3565	-2.785684
3566	-0.784258
3567	-3.041240
3568	-0.381725
3569	0.976286
3570	0.512290
3571	-1.069901
3572	-1.641782
3573	-1.981080
3574	-1.970872
3575	0.822244
3576	-2.654180
3577	-2.428853
3578	2.334465
3579	-1.752760
3580	1.249547
3581	1.430347
3582	1.268503
3583	-1.870033
3584	-2.197701
3585	-1.848323
3586	-0.078124
3587	1.868775
3588	-1.689552
3589	-1.615863
3590	0.193196
3591	0.303328
3592	0.210405
3593	-2.034938
3594	-2.172770
3595	1.180552
3596	-2.604727
3597	-1.253082
3598	3.105198
3599	0.376969
3600	-2.578070
3601	-2.334612
3602	-1.398369
3603	-1.936804
3604	-2.378847
3605	-2.267981
3606	-2.539794
3607	-2.201708
3608	-1.432482
3609	0.276509
3610	-0.889774
3611	2.557144
3612	-2.188439
3613	-2.744290
3614	-2.494611
3615	-2.561701
3616	2.337486
3617	-1.349403
3618	2.078195
3619	2.051616
3620	-1.514436
3621	-2.293636
3622	-1.548124
3623	-2.519485
3624	-0.022900
3625	-2.582406
3626	-2.120410
3627	-0.239569
3628	-1.794405
3629	-2.003978
3630	-2.100455
3631	-2.068383
3632	-0.997181
3633	-3.309043
3634	0.878518
3635	-2.199162
3636	-1.590690
3637	1.109723
3638	0.158957
3639	0.511261
3640	-2.938807
3641	3.161800
3642	-2.528799
3643	-1.743795
3644	-2.365220
3645	1.859794
3646	-1.786106
3647	-2.021903
3648	1.675682
3649	-1.817808
3650	-2.577574
3651	1.125014
3652	1.436782
3653	-1.989537
3654	0.864632
3655	-1.710018
3656	1.688631
3657	-0.891485
3658	0.466742
3659	-2.240574
3660	-2.431307
3661	2.112349
3662	0.524019
3663	-2.200181
3664	-1.955589
3665	-2.334997
3666	-2.034812
3667	-0.791735
3668	0.201666
3669	1.609216
3670	-2.024042
3671	-1.107462
3672	-2.102313
3673	-1.566452
3674	1.036065
3675	-2.134088
3676	-0.190306
3677	-2.283527
3678	1.139629
3679	-2.842736
3680	-1.834887
3681	0.367847
3682	-1.937331
3683	-1.543581
3684	-2.058047
3685	-1.546774
3686	-1.917377
3687	-2.163277
3688	1.403423
3689	-1.596659
3690	-1.730974
3691	-1.815110
3692	0.678616
3693	1.340893
3694	-2.236527
3695	-1.522214
3696	0.040673
3697	0.301720
3698	0.722420
3699	0.526723
3700	-2.171363
3701	0.483380
3702	-1.752213
3703	0.301567
3704	0.899016
3705	-2.787687
3706	1.202150
3707	-1.500104
3708	-1.693390
3709	-2.471795
3710	-2.340950
3711	-2.239467
3712	-2.680143
3713	-1.155303
3714	-1.865182
3715	-1.204499
3716	0.815891
3717	-2.372886
3718	-1.538201
3719	-2.445736
3720	-3.479734
3721	-1.365067
3722	1.133519
3723	2.540171
3724	0.811809
3725	2.953480
3726	0.612940
3727	-1.220510
3728	1.141769
3729	-2.342536
3730	-1.325540
3731	-1.968151
3732	-2.164810
3733	-1.778026
3734	-1.317803
3735	-1.699491
3736	1.481570
3737	1.291253
3738	1.741683
3739	-1.491703
3740	2.259530
3741	-0.498116
3742	-2.194303
3743	-1.902405
3744	0.953188
3745	-1.830235
3746	-2.207252
3747	-0.307788
3748	1.204592
3749	-2.235548
3750	-1.690189
3751	-2.180755
3752	-2.030194
3753	0.217802
3754	-1.871813
3755	-1.798955
3756	0.212288
3757	-1.601285
3758	2.583710
3759	-1.829644
3760	-1.494469
3761	-1.372678
3762	0.617127
3763	1.799140
3764	-2.109221
3765	0.757910
3766	-1.874363
3767	1.623479
3768	0.038746
3769	-1.701635
3770	-0.586407
3771	-2.382013
3772	0.871409
3773	-1.354226
3774	1.423130
3775	-2.312926
3776	-1.824273
3777	-1.271541
3778	-2.221657
3779	-1.567864
3780	-1.289427
3781	-1.060765
3782	-0.050879
3783	-1.200387
3784	-2.166701
3785	-2.268669
3786	0.120037
3787	-1.862977
3788	-2.072673
3789	-1.886256
3790	1.177571
3791	2.125335
3792	-1.751623
3793	-2.444140
3794	-2.355848
3795	-1.316019
3796	-1.574946
3797	1.543488
3798	-2.692031
3799	0.381427
3800	-2.161841
3801	-1.762825
3802	1.500755
3803	1.675250
3804	-1.896687
3805	-1.133266
3806	-1.340418
3807	-1.328683
3808	-0.098463
3809	-0.188931
3810	-0.553444
3811	-1.639868
3812	-2.294701
3813	2.411709
3814	1.875244
3815	-1.425776
3816	0.370105
3817	-2.982560
3818	-2.144329
3819	-0.056141
3820	-1.590210
3821	-1.143449
3822	-1.508737
3823	-2.072618
3824	1.425748
3825	-0.773202
3826	-0.768408
3827	-1.583512
3828	-2.529223
3829	0.632639
3830	-2.585029
3831	-3.015430
3832	-2.730685
3833	-1.992467
3834	-1.435431
3835	-1.773514
3836	1.401195
3837	0.315029
3838	-2.235831
3839	0.273200
3840	-1.891461
3841	0.100294
3842	-2.527420
3843	0.856608
3844	1.272781
3845	-1.100991
3846	-2.289956
3847	-1.709015
3848	-2.470907
3849	-0.496672
3850	-2.322832
3851	-2.605877
3852	-1.918688
3853	2.717343
3854	-2.294171
3855	-1.656217
3856	-1.480625
3857	-1.852369
3858	-1.741666
3859	-1.505201
3860	-2.389407
3861	-1.477435
3862	1.321135
3863	0.335803
3864	1.575024
3865	-1.728420
3866	-2.096083
3867	2.341422
3868	0.711831
3869	-1.448909
3870	-0.106182
3871	-1.432499
3872	-1.984725
3873	1.323586
3874	1.609818
3875	0.632539
3876	1.499812
3877	-1.684886
3878	-2.025369
3879	0.385650
3880	-2.743362
3881	-1.844950
3882	-1.280249
3883	-1.675520
3884	-1.343358
3885	-2.494294
3886	0.192893
3887	0.927076
3888	1.880568
3889	2.649034
3890	-2.170287
3891	0.539410
3892	-0.132678
3893	1.028197
3894	-2.604682
3895	2.649434
3896	0.867106
3897	-2.568743
3898	1.481961
3899	-1.905112
3900	-2.019552
3901	-1.604761
3902	1.585773
3903	-0.134521
3904	-2.004533
3905	-2.777136
3906	2.343302
3907	0.409130
3908	0.861746
3909	2.420271
3910	-0.515064
3911	-1.622365
3912	-2.664215
3913	-1.254647
3914	-2.344526
3915	-1.304147
3916	1.504081
3917	-2.444599
3918	-1.637213
3919	-2.050859
3920	-2.375086
3921	-0.791676
3922	-0.623446
3923	-2.208644
3924	-1.982229
3925	-1.503850
3926	-1.740050
3927	2.064873
3928	-2.060451
3929	2.477674
3930	-1.949411
3931	-2.165374
3932	1.368287
3933	-1.731343
3934	-1.189132
3935	-1.399938
3936	-1.581840
3937	-2.314521
3938	0.991263
3939	-2.400721
3940	-2.063362
3941	-0.878421
3942	0.625327
3943	-1.586025
3944	1.573205
3945	-2.271542
3946	-2.345867
3947	-2.069657
3948	-1.978895
3949	-3.005955
3950	-0.642671
3951	-2.116449
3952	1.608063
3953	-2.308778
3954	1.216466
3955	-2.213078
3956	-2.539311
3957	-2.180194
3958	0.838222
3959	2.404777
3960	0.775026
3961	-2.185241
3962	0.844351
3963	2.205337
3964	-2.603552
3965	0.934777
3966	-1.881011
3967	-2.193827
3968	0.326950
3969	-2.053827
3970	1.451052
3971	-1.293062
3972	-2.287698
3973	-2.748603
3974	-1.284861
3975	-1.777235
3976	-2.137844
3977	2.131594
3978	-1.783671
3979	-1.342482
3980	-1.314999
3981	1.101725
3982	-2.579718
3983	1.969428
3984	-0.076120
3985	-2.751979
3986	-1.462074
3987	0.958860
3988	2.952140
3989	-2.968166
3990	-2.447769
3991	-2.288864
3992	1.253290
3993	-2.624030
3994	0.479801
3995	-1.835525
3996	1.040744
3997	1.131214
3998	0.669670
3999	0.696997
4000	-1.818935
4001	-2.675897
4002	-0.702633
4003	-1.663334
4004	1.788826
4005	-2.773932
4006	0.318365
4007	-1.552947
4008	-2.471394
4009	-2.371351
4010	-1.999251
4011	0.322528
4012	0.975262
4013	-2.458330
4014	-0.747003
4015	-1.473822
4016	-2.497089
4017	-1.863710
4018	-2.546734
4019	-1.256090
4020	2.308748
4021	0.976220
4022	0.637539
4023	-0.519919
4024	-2.312130
4025	-2.060152
4026	-1.091265
4027	-1.434235
4028	-1.743046
4029	0.243668
4030	-2.322220
4031	-2.850911
4032	-1.683670
4033	-2.322045
4034	-2.104295
4035	-2.317953
4036	-1.670996
4037	-2.125429
4038	1.242031
4039	-1.287774
4040	-1.725083
4041	-2.216345
4042	1.335474
4043	-1.496646
4044	-1.991757
4045	1.797904
4046	-1.419958
4047	-1.402429
4048	0.302685
4049	-2.685898
4050	0.557099
4051	0.174600
4052	1.195977
4053	-2.397959
4054	-1.379598
4055	-0.264284
4056	0.467056
4057	-1.700135
4058	-2.252100
4059	-2.558937
4060	-2.129641
4061	-1.857556
4062	2.413673
4063	0.234555
4064	-1.511524
4065	-1.782989
4066	0.546429
4067	-2.841580
4068	-1.891870
4069	-2.213321
4070	-1.183936
4071	-2.276954
4072	1.456292
4073	0.475486
4074	-1.305352
4075	-0.030244
4076	2.041916
4077	-2.670684
4078	-2.195175
4079	1.750389
4080	-0.498774
4081	1.179306
4082	-1.978538
4083	1.219743
4084	0.752343
4085	-2.253290
4086	-2.433506
4087	0.798816
4088	-2.123594
4089	2.702246
4090	3.033427
4091	-1.861499
4092	-2.609500
4093	-2.477212
4094	2.681968
4095	0.501820
4096	-1.978620
4097	1.093361
4098	-1.825601
4099	2.214306
4100	-0.934521
4101	-1.846174
4102	-1.231267
4103	2.383524
4104	1.948848
4105	0.392583
4106	-3.076708
4107	-1.409059
4108	-2.266499
4109	-1.846436
4110	-1.610202
4111	-1.940658
4112	0.255959
4113	-2.661243
4114	-2.401606
4115	-0.841329
4116	1.139076
4117	-1.822523
4118	-1.380878
4119	-2.358693
4120	-1.479364
4121	-2.838506
4122	-1.886891
4123	1.682973
4124	-0.164027
4125	-2.850217
4126	-1.925012
4127	-1.146164
4128	1.016566
4129	-2.394863
4130	2.191015
4131	-1.521316
4132	-1.582699
4133	1.875670
4134	-2.274175
4135	-1.443148
4136	-2.604409
4137	-2.206496
4138	1.323447
4139	-2.477314
4140	-0.161235
4141	-2.230067
4142	1.665943
4143	-1.983623
4144	-1.338955
4145	-0.265268
4146	-2.215668
4147	-2.054369
4148	-2.449034
4149	0.832342
4150	-0.029432
4151	3.399262
4152	-2.317752
4153	0.981818
4154	0.212701
4155	-2.321774
4156	-2.027998
4157	-1.750968
4158	1.923195
4159	-1.572633
4160	-2.984751
4161	-1.921908
4162	-1.455689
4163	-2.899852
4164	-2.172851
4165	-2.160438
4166	0.449149
4167	1.652226
4168	1.076785
4169	1.622070
4170	-1.024945
4171	1.869837
4172	0.524102
4173	-1.101936
4174	-1.959631
4175	2.188063
4176	1.304119
4177	-1.982378
4178	-2.797400
4179	-1.989776
4180	-3.184893
4181	-1.674295
4182	-1.733601
4183	1.269659
4184	1.727773
4185	-2.188758
4186	-0.251261
4187	-1.894072
4188	-3.090758
4189	1.532941
4190	-2.930926
4191	0.754902
4192	-2.256051
4193	-2.413665
4194	2.279253
4195	-2.415911
4196	-1.308604
4197	-1.697839
4198	1.257018
4199	-1.408426
4200	0.577300
4201	1.497432
4202	0.879537
4203	1.067114
4204	2.548490
4205	-1.985689
4206	-1.756898
4207	-1.787099
4208	-1.227838
4209	0.509301
4210	-1.818155
4211	1.827899
4212	0.890516
4213	1.017664
4214	-1.811931
4215	0.534428
4216	-2.200950
4217	-1.872142
4218	-2.600981
4219	1.416242
4220	-1.831768
4221	-2.076482
4222	1.268988
4223	-2.822036
4224	-1.585946
4225	-1.616759
4226	-0.017012
4227	-1.789752
4228	1.661329
4229	1.051476
4230	-1.670040
4231	-2.292667
4232	-1.546375
4233	0.205847
4234	0.862510
4235	0.176833
4236	1.551591
4237	-1.847655
4238	1.819112
4239	3.069049
4240	0.444809
4241	-1.580773
4242	-2.011965
4243	-1.880309
4244	1.483929
4245	-2.104240
4246	1.504329
4247	-1.855920
4248	-2.993226
4249	-2.104028
4250	0.660887
4251	-0.503755
4252	2.475872
4253	1.171850
4254	-0.701734
4255	-1.038690
4256	-2.305009
4257	-1.403841
4258	-1.442180
4259	-2.335293
4260	-2.974408
4261	-0.489384
4262	-2.401434
4263	-1.530340
4264	2.496851
4265	-1.814896
4266	1.764815
4267	0.995572
4268	-1.317082
4269	0.258114
4270	0.651340
4271	-1.522604
4272	-2.549608
4273	-2.434002
4274	-1.842348
4275	-1.876451
4276	-1.955078
4277	0.989680
4278	-2.682303
4279	0.929358
4280	-1.923892
4281	-1.760755
4282	-1.732328
4283	-0.144913
4284	0.427814
4285	-2.188745
4286	1.270385
4287	-2.299157
4288	-2.105605
4289	0.599734
4290	-1.373932
4291	0.635755
4292	-2.411595
4293	0.768947
4294	1.205358
4295	-1.689157
4296	0.943052
4297	-2.504744
4298	-0.858072
4299	-2.685729
4300	-1.612383
4301	-2.882597
4302	-2.078813
4303	-2.531028
4304	0.209663
4305	2.671924
4306	0.576631
4307	0.348965
4308	-2.384011
4309	-1.616920
4310	-2.251504
4311	-1.657230
4312	-1.404766
4313	0.991766
4314	-0.413961
4315	-2.563919
4316	-1.885280
4317	0.039194
4318	-1.794712
4319	-2.042541
4320	-1.707157
4321	-1.749090
4322	-2.723121
4323	1.570004
4324	-2.183232
4325	-2.631757
4326	-1.545017
4327	-2.238065
4328	2.424813
4329	-1.988296
4330	0.189756
4331	-2.086734
4332	-1.402742
4333	0.524704
4334	1.547232
4335	0.222804
4336	1.914295
4337	-1.547921
4338	-2.808528
4339	-1.971489
4340	0.133177
4341	2.086718
4342	2.285137
4343	-1.868314
4344	1.736691
4345	-0.943135
4346	-2.432401
4347	-3.041748
4348	1.526278
4349	-1.639365
4350	0.765127
4351	-1.271763
4352	-1.669195
4353	-2.229967
4354	0.807509
4355	2.243807
4356	1.801166
4357	-2.530099
4358	-2.655514
4359	-1.784060
4360	-2.735494
4361	0.210111
4362	-1.946983
4363	-1.875483
4364	1.638859
4365	-2.047499
4366	1.431837
4367	-2.010295
4368	-0.425243
4369	-1.833652
4370	-1.722104
4371	0.208405
4372	-1.382918
4373	-2.202261
4374	-1.091711
4375	-2.717758
4376	-1.950720
4377	2.162554
4378	0.958690
4379	0.130842
4380	-3.515304
4381	0.767727
4382	-2.096744
4383	0.687504
4384	-2.302756
4385	-1.652685
4386	1.505595
4387	-2.118291
4388	0.381126
4389	-0.960423
4390	-1.373205
4391	0.965843
4392	-1.773146
4393	-2.093565
4394	2.985383
4395	-2.306222
4396	-1.623857
4397	-1.791022
4398	-1.618521
4399	-2.412657
4400	0.531152
4401	-0.283063
4402	-1.912036
4403	-2.709090
4404	-2.858031
4405	0.388349
4406	-1.861338
4407	-1.931992
4408	-1.777802
4409	-1.301663
4410	-0.665157
4411	-2.441462
4412	-0.934148
4413	-1.720747
4414	-2.097391
4415	-2.558405
4416	-1.341526
4417	0.564071
4418	-2.343827
4419	-2.348881
4420	-1.769494
4421	0.689377
4422	-1.729594
4423	-2.127866
4424	-2.825215
4425	2.580192
4426	-1.712562
4427	2.028884
4428	-1.769513
4429	2.035824
4430	-2.136838
4431	-1.690508
4432	-1.930841
4433	0.942813
4434	-1.353563
4435	-1.938584
4436	0.456036
4437	-1.117734
4438	0.620212
4439	-0.781684
4440	-1.266984
4441	-1.488281
4442	0.946645
4443	-2.375834
4444	2.412839
4445	0.396762
4446	2.175508
4447	-1.551579
4448	-1.640511
4449	-2.354460
4450	1.872743
4451	-1.134802
4452	-2.766822
4453	-1.191039
4454	-1.579735
4455	0.832019
4456	-1.223300
4457	0.356878
4458	-1.659492
4459	-1.947206
4460	-1.928358
4461	0.970551
4462	-1.613459
4463	0.343665
4464	2.169249
4465	-1.478845
4466	-0.796256
4467	-2.951664
4468	0.114031
4469	-1.782800
4470	1.868611
4471	-1.606132
4472	-2.569454
4473	-2.105042
4474	-1.361318
4475	-2.136278
4476	1.591143
4477	-1.582561
4478	-2.271214
4479	-0.310343
4480	-2.850138
4481	-2.545123
4482	-1.976616
4483	-1.881123
4484	-2.326430
4485	-2.347772
4486	-1.948181
4487	-2.313502
4488	-1.238681
4489	-0.703566
4490	-2.075810
4491	1.910797
4492	-2.069879
4493	0.846171
4494	-2.172747
4495	-2.560215
4496	1.334247
4497	0.727304
4498	-2.220603
4499	-1.830567
4500	-0.876452
4501	-1.976677
4502	2.110678
4503	-1.586499
4504	-3.042990
4505	-1.577144
4506	-2.102235
4507	1.607810
4508	-2.174645
4509	-1.759602
4510	-1.955538
4511	-0.688793
4512	2.223027
4513	1.772248
4514	1.786850
4515	-1.546484
4516	-2.000744
4517	-1.332961
4518	1.630696
4519	2.748021
4520	-1.918818
4521	0.424089
4522	-2.430774
4523	-2.084459
4524	0.486043
4525	-2.316418
4526	-1.593420
4527	-1.733555
4528	2.040829
4529	-1.319397
4530	-1.988084
4531	0.551128
4532	2.592246
4533	-2.562433
4534	-2.127131
4535	-1.503132
4536	-1.593459
4537	-1.656746
4538	-2.102182
4539	0.487581
4540	-2.291752
4541	-2.324833
4542	-2.075004
4543	2.042525
4544	-2.542067
4545	-2.017533
4546	-2.182447
4547	1.541350
4548	-0.519786
4549	0.781803
4550	0.171338
4551	-2.409696
4552	1.269167
4553	2.515365
4554	-1.070195
4555	-2.150018
4556	-2.516762
4557	-2.357333
4558	0.254662
4559	0.776868
4560	-2.408439
4561	-1.177411
4562	-1.730442
4563	1.841996
4564	-1.991367
4565	-1.957987
4566	-2.124232
4567	-2.659073
4568	-1.394347
4569	0.247810
4570	-2.256355
4571	-1.665132
4572	-1.658516
4573	1.526316
4574	-2.162976
4575	-2.015390
4576	-2.995334
4577	-2.543838
4578	-1.981146
4579	1.286019
4580	-2.645014
4581	-0.353766
4582	-1.875631
4583	-2.327949
4584	-2.438027
4585	-0.180242
4586	-1.945033
4587	0.087727
4588	-1.438425
4589	-1.698987
4590	1.801449
4591	-1.796424
4592	-1.579787
4593	1.311093
4594	-1.746579
4595	-2.620690
4596	-2.040261
4597	-1.804602
4598	-2.692355
4599	-0.083442
4600	-2.104967
4601	1.674775
4602	-2.222926
4603	-2.940370
4604	-1.518048
4605	0.618418
4606	2.698917
4607	-2.052684
4608	-2.328793
4609	-1.838625
4610	-1.800725
4611	-2.505002
4612	-2.923187
4613	-1.774969
4614	2.930906
4615	2.051837
4616	-2.930372
4617	-0.352811
4618	3.047703
4619	-1.950706
4620	1.991142
4621	-1.908886
4622	-0.782436
4623	-2.039856
4624	-0.113707
4625	-2.247648
4626	0.898924
4627	-1.036591
4628	-1.526032
4629	-2.017439
4630	-1.896809
4631	-1.738160
4632	2.255208
4633	-2.100920
4634	-2.286415
4635	-2.075768
4636	1.038796
4637	-2.466980
4638	-2.378494
4639	-1.989802
4640	3.293733
4641	-2.035457
4642	1.146567
4643	-1.635784
4644	-2.156411
4645	-2.731864
4646	-3.252671
4647	-2.361960
4648	0.051347
4649	-1.431159
4650	-2.160303
4651	0.523112
4652	1.180542
4653	-1.203442
4654	-1.899643
4655	-0.251577
4656	0.972331
4657	-0.501519
4658	1.451685
4659	-1.313535
4660	1.956988
4661	-1.346612
4662	-3.190861
4663	-2.187994
4664	-2.345015
4665	-1.949913
4666	1.869176
4667	1.277109
4668	0.305219
4669	0.062102
4670	1.945929
4671	-0.519644
4672	-2.214100
4673	-2.070685
4674	-2.461886
4675	-1.355602
4676	1.724409
4677	-1.472384
4678	-1.591499
4679	-2.066791
4680	1.937472
4681	-1.703847
4682	-1.971956
4683	0.620786
4684	-1.173365
4685	-2.620233
4686	1.510952
4687	-2.764297
4688	2.777094
4689	0.097501
4690	-2.521246
4691	-2.345403
4692	-2.082182
4693	-1.137921
4694	-2.774709
4695	-1.504665
4696	-1.702741
4697	-2.462524
4698	1.205855
4699	0.542961
4700	0.628818
4701	-2.478935
4702	-2.365021
4703	-1.422456
4704	-2.935791
4705	2.414329
4706	-3.268114
4707	-2.142816
4708	-1.650713
4709	-2.082873
4710	2.247237
4711	-1.790206
4712	0.703752
4713	-1.422553
4714	-1.241089
4715	-1.476682
4716	-1.558367
4717	1.647996
4718	0.516439
4719	0.076308
4720	-1.170514
4721	0.458429
4722	-1.821568
4723	2.096365
4724	-2.448792
4725	-1.701958
4726	-2.322825
4727	-1.128662
4728	-1.450721
4729	-0.914001
4730	-1.825742
4731	-1.915027
4732	0.374633
4733	-1.597653
4734	-1.581815
4735	-1.850852
4736	0.175473
4737	-2.143049
4738	-1.969598
4739	-2.243107
4740	2.091072
4741	-2.318570
4742	-1.080785
4743	-1.700699
4744	1.559859
4745	-2.661955
4746	-1.948853
4747	-2.048293
4748	-1.694824
4749	-1.529343
4750	-1.582031
4751	0.918123
4752	-0.477759
4753	-1.616104
4754	0.886180
4755	-2.029817
4756	-2.457333
4757	1.240804
4758	-2.110002
4759	-2.477912
4760	1.642059
4761	0.255196
4762	-2.752344
4763	2.289963
4764	-1.713138
4765	0.477352
4766	-2.115253
4767	1.128430
4768	-2.572313
4769	-2.344649
4770	-0.259870
4771	-2.181627
4772	-1.231401
4773	-2.633670
4774	-1.959992
4775	-1.668421
4776	0.798660
4777	1.134292
4778	0.547105
4779	-3.059718
4780	0.444800
4781	-1.843637
4782	1.271553
4783	2.074094
4784	1.672193
4785	0.882770
4786	0.297142
4787	-1.736451
4788	-1.692212
4789	1.066334
4790	-1.434148
4791	-1.734581
4792	-0.461874
4793	-1.990793
4794	-1.885082
4795	-2.333002
4796	2.881764
4797	0.213027
4798	-1.420244
4799	-2.729206
4800	-2.323083
4801	-1.455091
4802	-1.564803
4803	-2.352393
4804	-2.413540
4805	-0.210076
4806	1.101161
4807	-2.133293
4808	-2.183378
4809	-1.876609
4810	-1.738166
4811	-2.336751
4812	2.476355
4813	-1.978731
4814	-2.150675
4815	-1.982205
4816	0.462799
4817	-2.145058
4818	0.984763
4819	-1.667203
4820	2.445647
4821	-2.565732
4822	-2.462490
4823	-1.522908
4824	0.663189
4825	-1.579804
4826	-1.883006
4827	-1.797238
4828	-2.247296
4829	-1.881143
4830	-1.603227
4831	0.468192
4832	-2.296484
4833	-1.794024
4834	-2.383805
4835	-1.608859
4836	1.992868
4837	-2.018095
4838	1.763226
4839	-1.749485
4840	0.187746
4841	-2.601070
4842	-2.298793
4843	-2.645860
4844	1.119335
4845	1.143802
4846	1.816143
4847	-2.235254
4848	-1.822639
4849	0.812764
4850	1.540466
4851	-1.735135
4852	-2.390954
4853	1.525690
4854	1.390094
4855	-3.130325
4856	-1.172478
4857	-2.316481
4858	1.554222
4859	-0.194718
4860	0.515017
4861	-3.374372
4862	-0.326864
4863	-2.460201
4864	0.568849
4865	2.066597
4866	-2.515674
4867	-1.426422
4868	0.505344
4869	-1.676990
4870	1.228640
4871	-2.213805
4872	-1.440670
4873	-1.640264
4874	0.479369
4875	-1.773969
4876	-1.771349
4877	-2.099717
4878	-1.439998
4879	-0.564070
4880	-2.092487
4881	-1.574967
4882	-2.422553
4883	2.634986
4884	-2.478735
4885	-2.229777
4886	1.695124
4887	3.270629
4888	-0.802395
4889	-1.816621
4890	-2.822259
4891	-2.051383
4892	0.914530
4893	-2.052374
4894	-1.961049
4895	0.437031
4896	2.082513
4897	-2.042135
4898	0.584308
4899	-1.162082
4900	0.882455
4901	-1.668967
4902	2.467496
4903	-2.820563
4904	-1.869399
4905	-2.857337
4906	-2.041129
4907	2.217920
4908	-0.644664
4909	0.404807
4910	-1.271959
4911	-1.749810
4912	-1.663834
4913	-1.638071
4914	-2.358167
4915	-1.610411
4916	0.930037
4917	2.611679
4918	0.439014
4919	2.778097
4920	-1.625111
4921	-1.370302
4922	0.518304
4923	0.565643
4924	1.750732
4925	-0.777433
4926	1.255279
4927	-1.832812
4928	0.497837
4929	-2.381594
4930	1.306043
4931	-2.090061
4932	0.991656
4933	-1.970410
4934	-1.921485
4935	0.332124
4936	0.328670
4937	0.997493
4938	-2.790863
4939	-2.140722
4940	0.083526
4941	-0.148598
4942	-2.353731
4943	0.539658
4944	-2.234786
4945	-2.494564
4946	-2.481764
4947	2.785511
4948	-2.263909
4949	-1.478090
4950	-0.302910
4951	-2.643622
4952	-1.777669
4953	-2.211361
4954	-1.681827
4955	-1.225845
4956	-2.272230
4957	0.670833
4958	-2.442358
4959	1.405906
4960	1.663892
4961	-2.125065
4962	0.795487
4963	-2.115072
4964	0.709736
4965	-2.478654
4966	0.711978
4967	-0.055647
4968	-2.286236
4969	-2.232140
4970	-2.238958
4971	-1.977991
4972	0.549323
4973	-2.177782
4974	-2.056034
4975	-2.277877
4976	-2.559672
4977	-2.152798
4978	0.780525
4979	3.380257
4980	-1.982141
4981	1.428232
4982	-2.198145
4983	-1.947903
4984	-3.449740
4985	-2.710542
4986	1.674808
4987	1.280614
4988	1.258107
4989	-0.674127
4990	-1.980823
4991	-1.756418
4992	-1.717664
4993	0.827405
4994	1.352139
4995	-2.116058
4996	-1.751431
4997	-2.005604
4998	-0.610397
4999	-2.589947
