0	-1.998623
1	1.845465
2	-1.768333
3	0.224651
4	-2.309083
5	-2.245486
6	1.143394
7	-0.676371
8	-1.741796
9	1.152548
10	-2.607006
11	-2.146695
12	-1.630482
13	-0.450329
14	3.074947
15	-1.757455
16	-2.613767
17	1.767498
18	1.529304
19	-0.988741
20	-2.802527
21	-2.481120
22	-2.077277
23	-1.792990
24	-2.487107
25	-1.629990
26	-2.130433
27	0.299330
28	-1.019260
29	4.363615
30	-2.360921
31	1.426730
32	-2.426273
33	-2.422944
34	-1.940689
35	-2.080182
36	3.053839
37	1.175320
38	-2.359926
39	-1.974123
40	-2.375347
41	-2.511955
42	-1.944772
43	1.861629
44	1.664871
45	-2.069582
46	1.864659
47	-0.167358
48	2.570803
49	-2.209970
50	-0.034217
51	2.787814
52	-1.401278
53	1.954867
54	-2.386285
55	1.392125
56	-2.013656
57	-1.810125
58	-2.594128
59	1.748247
60	-1.560286
61	-1.997130
62	-2.043056
63	0.452172
64	0.620104
65	-2.368699
66	-2.174960
67	-0.238984
68	-2.757726
69	0.976486
70	-2.902076
71	0.740172
72	2.220868
73	2.319098
74	-1.731970
75	0.150665
76	-1.367692
77	-2.217595
78	1.833113
79	-2.102489
80	1.366198
81	0.179065
82	-1.980594
83	0.273793
84	-2.870508
85	1.159558
86	-2.081680
87	-1.817373
88	1.332789
89	-1.933107
90	1.208698
91	-2.724951
92	2.657679
93	-2.330288
94	2.171664
95	-1.584207
96	-2.232505
97	-2.497531
98	0.632021
99	-2.353736
100	-1.853274
101	-2.208745
102	-2.758682
103	1.328163
104	-2.080043
105	-1.960488
106	-2.141100
107	-2.557467
108	0.662824
109	-1.788034
110	-1.907620
111	-2.961454
112	2.009708
113	-2.404823
114	-2.269479
115	-1.794035
116	-1.983383
117	-0.974147
118	-1.707139
119	-2.693566
120	-2.109925
121	1.695249
122	-2.667679
123	-2.673372
124	-1.866712
125	-0.284488
126	-2.009233
127	-1.790393
128	-2.251795
129	-2.199760
130	1.461422
131	-1.967768
132	-2.149151
133	-1.605105
134	-2.401985
135	-2.057609
136	-1.872050
137	-1.762806
138	0.395421
139	-1.545908
140	-2.138420
141	1.691856
142	-2.358944
143	-1.677927
144	0.497585
145	-2.330007
146	0.490453
147	-1.320715
148	-1.052809
149	-2.398492
150	-2.392671
151	0.873672
152	2.705769
153	-1.631469
154	2.210247
155	1.581486
156	-2.531412
157	-2.933086
158	-2.213848
159	-2.677224
160	-1.844254
161	0.334816
162	-2.520443
163	-2.210205
164	1.202878
165	-1.772175
166	-2.007253
167	0.222679
168	-1.353683
169	0.384026
170	-1.886819
171	-2.202699
172	-0.472560
173	0.651963
174	1.701654
175	-1.823087
176	-1.842274
177	-1.866734
178	-1.924729
179	0.785085
180	-2.002442
181	-1.873455
182	-1.641520
183	-2.305717
184	-2.565094
185	2.681631
186	-2.520337
187	-2.392368
188	1.648931
189	0.801942
190	-2.313374
191	1.499453
192	2.805793
193	-1.618671
194	-2.630277
195	-2.257192
196	-1.957360
197	-0.067785
198	-2.232484
199	0.100607
200	0.990163
201	-1.630337
202	-1.322314
203	3.931128
204	-1.305918
205	2.931403
206	1.884549
207	-1.665198
208	-2.050671
209	1.399802
210	-1.439347
211	0.927860
212	-2.035595
213	2.531301
214	-2.117535
215	2.073302
216	0.353461
217	-2.456986
218	-2.240464
219	1.071305
220	1.658460
221	0.534029
222	1.126264
223	-2.147886
224	-1.870820
225	-2.478277
226	-2.316986
227	-2.766654
228	1.449835
229	-1.778320
230	-1.574831
231	-1.879514
232	0.138677
233	-2.064108
234	-2.366378
235	-0.875339
236	-0.265676
237	-1.455347
238	-2.218424
239	-2.260351
240	-1.322730
241	0.782604
242	0.109429
243	-2.085471
244	-3.068042
245	-2.355460
246	-2.493657
247	-1.562540
248	1.808042
249	-2.419933
250	-1.787012
251	1.008947
252	1.154028
253	0.872526
254	1.720849
255	-0.779510
256	-0.485401
257	0.307712
258	-2.175544
259	-2.180995
260	-2.530139
261	-1.323080
262	-2.248718
263	-2.550039
264	-1.781052
265	-2.192047
266	-2.412546
267	-2.049667
268	-2.317511
269	-2.477132
270	-1.426676
271	-2.311626
272	-0.027932
273	-1.970051
274	-1.882873
275	-1.770781
276	-2.441857
277	1.433454
278	-1.699195
279	-1.827776
280	0.522081
281	-1.925713
282	-1.347602
283	-0.093457
284	-2.801429
285	1.010973
286	-2.036398
287	-1.963785
288	-2.089427
289	1.856061
290	-1.482621
291	0.168833
292	-2.742622
293	-2.333704
294	0.884116
295	-1.802521
296	-1.756798
297	0.206733
298	-1.119713
299	0.989057
300	-2.496841
301	0.445250
302	-2.493219
303	0.019466
304	-0.007366
305	-1.031985
306	0.857832
307	-3.003435
308	1.987212
309	-0.329247
310	-1.778254
311	-2.735112
312	-2.679406
313	-1.620084
314	-1.609150
315	-0.390881
316	-2.457955
317	1.969742
318	-2.646348
319	1.308371
320	1.134634
321	-2.455294
322	1.757952
323	0.767408
324	1.229418
325	1.758422
326	-2.142248
327	1.749599
328	1.539032
329	1.073164
330	-2.093588
331	-2.183512
332	1.929464
333	-1.716868
334	0.084603
335	-1.379448
336	0.973261
337	-0.730454
338	0.598226
339	-1.931031
340	2.594826
341	1.584905
342	-2.575348
343	1.237364
344	-0.540106
345	0.905018
346	0.806336
347	-2.138545
348	-2.243820
349	0.802514
350	-2.330324
351	-0.257883
352	-2.442886
353	-2.074530
354	-2.121377
355	0.802879
356	-2.559940
357	0.020192
358	1.121174
359	-2.327376
360	1.936241
361	-0.931661
362	-2.158057
363	1.980794
364	-2.353096
365	-1.882520
366	3.300370
367	-2.263721
368	-1.485054
369	-2.031391
370	0.726704
371	-0.063227
372	-3.067074
373	-2.142960
374	-1.617586
375	-2.317247
376	-0.026070
377	0.727573
378	0.908408
379	-1.551327
380	-1.817571
381	-1.538857
382	2.067742
383	-1.190040
384	-1.840786
385	0.081323
386	-1.046761
387	-1.901430
388	-1.851360
389	-1.700691
390	-1.463073
391	0.246466
392	-1.606602
393	-2.414627
394	-1.826652
395	-1.747217
396	1.887397
397	-1.789396
398	-2.038722
399	-1.877895
400	2.071278
401	0.270531
402	0.971634
403	0.100605
404	-1.803726
405	-1.740093
406	-1.517645
407	-1.722644
408	-2.006018
409	-1.990392
410	-1.319555
411	1.176462
412	0.435115
413	-2.226396
414	-1.518009
415	-1.612848
416	0.317447
417	-2.485405
418	-2.130192
419	-1.439517
420	-1.928813
421	-1.542646
422	-1.654122
423	2.395201
424	-2.001456
425	-0.109498
426	-1.459385
427	-1.595544
428	2.240081
429	-1.431074
430	1.117497
431	-2.089314
432	-1.400995
433	-1.636185
434	-2.180641
435	-2.945752
436	0.753956
437	1.672232
438	-2.168205
439	1.616914
440	-2.039364
441	2.705505
442	-2.219611
443	2.165844
444	-2.677662
445	0.859362
446	-2.037334
447	1.300627
448	-0.079524
449	-1.852607
450	-2.429292
451	-1.541243
452	-1.859416
453	-1.942733
454	-1.844635
455	2.755277
456	-1.936319
457	-2.438694
458	-1.416416
459	1.277592
460	-2.052237
461	0.452457
462	-1.619388
463	-3.275095
464	-2.175783
465	-2.254341
466	-2.727074
467	-0.592555
468	-1.944399
469	0.809325
470	-0.553140
471	-1.420462
472	1.852638
473	-1.823859
474	1.960726
475	-0.574395
476	0.446409
477	-1.556098
478	-1.051304
479	1.162524
480	-0.137438
481	-2.851409
482	2.631375
483	-2.482925
484	2.279409
485	-1.603319
486	-2.359096
487	-1.569859
488	-0.125729
489	0.894805
490	-1.644019
491	-0.188861
492	-1.379349
493	-1.819299
494	0.916848
495	-1.991482
496	2.495610
497	-2.553662
498	-2.585697
499	-0.575482
500	-1.467485
501	-2.440839
502	-2.588810
503	0.711874
504	-2.119108
505	1.446469
506	-2.539050
507	0.704883
508	-1.804220
509	0.259225
510	-2.240552
511	-2.109926
512	1.451814
513	-0.550998
514	-1.818330
515	-2.599971
516	-2.373503
517	-2.648982
518	0.127327
519	-2.663416
520	-1.640553
521	3.325779
522	1.194269
523	1.443437
524	0.751714
525	-1.740099
526	-2.268125
527	-2.365175
528	1.895894
529	1.218550
530	1.645047
531	-2.825523
532	-0.967682
533	-2.262639
534	-0.228386
535	-2.303887
536	-2.442888
537	-2.206757
538	-1.977361
539	-1.594480
540	1.211708
541	0.983869
542	-2.821130
543	-2.520805
544	-2.770730
545	-1.662708
546	-2.678182
547	-2.404032
548	-1.793335
549	-1.963623
550	-0.309224
551	-2.310579
552	-1.696316
553	-2.050178
554	-1.965913
555	2.959055
556	0.772056
557	0.804348
558	-2.140416
559	-1.074013
560	0.872749
561	-1.700288
562	-0.789903
563	-2.565225
564	-2.193363
565	-1.370074
566	0.314353
567	0.739745
568	1.935126
569	1.216609
570	0.706634
571	-2.424056
572	-1.563489
573	-2.835366
574	-0.230520
575	-2.041704
576	-2.748494
577	-1.675992
578	-1.700913
579	0.537163
580	2.312508
581	-1.627087
582	-2.610818
583	-1.798024
584	-1.304534
585	-2.310081
586	-1.517090
587	-1.986667
588	-1.924819
589	1.651927
590	-2.083264
591	-2.358608
592	-2.281137
593	-2.095858
594	-1.971237
595	-2.045693
596	0.177960
597	-2.090909
598	-2.376961
599	1.860794
600	-2.883617
601	-2.071418
602	1.202281
603	-1.019799
604	1.552232
605	1.782372
606	-0.167242
607	2.592476
608	1.479496
609	2.899519
610	-2.099106
611	-1.794916
612	-2.091572
613	-2.358077
614	-1.382377
615	-2.386518
616	-1.314220
617	-1.325294
618	-0.355398
619	0.739826
620	-2.174438
621	-1.672353
622	-1.836133
623	-3.138213
624	1.172571
625	-2.323948
626	-2.457532
627	1.364612
628	-0.971070
629	-0.122291
630	-1.866091
631	1.182388
632	1.265621
633	-0.028631
634	-1.863433
635	-1.676578
636	-1.712300
637	-1.890559
638	0.317948
639	-2.345959
640	-1.920988
641	-0.424974
642	0.429883
643	-2.370265
644	-2.221433
645	0.533620
646	0.131171
647	0.995791
648	1.585165
649	-1.784129
650	0.362884
651	-1.531618
652	-2.474430
653	-1.647605
654	-1.413089
655	1.142416
656	-1.843215
657	1.492962
658	1.080249
659	-2.305476
660	1.684281
661	-3.027875
662	-1.540294
663	-1.897454
664	-1.818540
665	-2.120505
666	-2.528174
667	-1.689690
668	-2.081828
669	1.983197
670	0.918919
671	-2.374707
672	-0.165772
673	-1.467109
674	1.690754
675	0.516097
676	1.381056
677	-2.370904
678	-2.209363
679	-0.361759
680	0.737977
681	1.213867
682	-2.627660
683	1.114397
684	-2.380502
685	-0.992188
686	2.093091
687	-1.813350
688	1.348306
689	-2.643674
690	-2.604523
691	-2.422536
692	-2.971174
693	0.749676
694	-0.107297
695	-2.133660
696	-2.159717
697	-2.089134
698	-2.421765
699	-1.543517
700	0.122437
701	0.573962
702	0.582068
703	-2.118700
704	-1.968754
705	-1.896466
706	-1.358800
707	-2.777938
708	-1.456432
709	0.681201
710	-1.716892
711	-2.876010
712	-1.744885
713	1.504203
714	1.199930
715	-3.081350
716	-1.257181
717	-2.358679
718	-2.001425
719	-1.738321
720	-1.892290
721	0.963802
722	-2.324662
723	-1.067981
724	2.058056
725	-0.774469
726	-1.795649
727	-1.828139
728	1.061743
729	-0.886993
730	-2.437675
731	-2.290590
732	-1.458455
733	-1.672174
734	-1.897498
735	-1.751407
736	-2.737572
737	0.557111
738	-1.570892
739	-0.730598
740	-2.491521
741	-1.225238
742	-2.370957
743	-2.272705
744	-1.812680
745	-2.469686
746	1.391530
747	0.068499
748	-0.049992
749	0.240103
750	0.545783
751	0.500326
752	-2.082020
753	-2.663466
754	0.629385
755	-2.741718
756	0.970971
757	-1.651896
758	-2.403003
759	-2.544425
760	0.502721
761	-1.316619
762	-0.488742
763	1.422751
764	0.906119
765	-2.458075
766	-2.085587
767	-1.832389
768	-2.215407
769	1.063008
770	-0.770654
771	-1.826257
772	1.362953
773	0.905903
774	-2.253471
775	-1.369585
776	2.856989
777	-1.114694
778	-2.853524
779	-2.450067
780	-1.742584
781	-1.685807
782	2.293190
783	-2.169369
784	-1.502416
785	0.581685
786	-0.819428
787	1.252637
788	-2.281163
789	-1.365071
790	1.597245
791	0.203581
792	0.139677
793	-2.419996
794	-0.658190
795	-1.832233
796	-2.250971
797	-1.979729
798	-2.668669
799	0.557474
800	-1.922708
801	-2.007478
802	-1.274738
803	1.006184
804	1.636046
805	-1.401371
806	0.561566
807	-1.875168
808	-2.675176
809	-2.142689
810	-2.177387
811	0.268542
812	-2.293301
813	2.714872
814	-2.771522
815	-1.479731
816	0.568444
817	-1.952014
818	-2.420864
819	-0.698242
820	1.711181
821	-2.444785
822	0.961425
823	-2.140996
824	1.469227
825	-1.732213
826	-2.140502
827	-2.328697
828	1.411546
829	0.016232
830	0.652635
831	-2.663380
832	-2.887743
833	-2.434940
834	0.834508
835	0.201040
836	-1.733831
837	-1.789380
838	-1.067338
839	1.459155
840	-1.413908
841	0.671073
842	-1.337572
843	-2.931191
844	-1.347945
845	-2.188371
846	1.917995
847	-2.208350
848	-2.141812
849	1.033799
850	-3.113218
851	-1.464761
852	1.481952
853	-2.673317
854	0.758106
855	-2.519759
856	-2.381743
857	1.682504
858	-3.040101
859	-2.101520
860	-2.290836
861	1.144311
862	-1.487118
863	-1.745239
864	-2.063871
865	-1.803964
866	0.864566
867	-1.763128
868	-2.030390
869	-2.066576
870	0.804874
871	-0.235250
872	0.866521
873	-1.895824
874	0.576727
875	0.165898
876	-1.511159
877	-2.280846
878	-1.826616
879	-0.868008
880	-2.098109
881	1.099075
882	-1.465238
883	-2.144449
884	-2.597527
885	1.356085
886	-1.379656
887	-2.042298
888	-2.066914
889	2.073994
890	-2.562342
891	-1.547104
892	-2.088396
893	-2.354658
894	-2.344113
895	-1.264237
896	1.465463
897	-1.495303
898	-2.706206
899	0.042693
900	2.706840
901	-1.425116
902	-2.959485
903	-1.184466
904	-1.507519
905	-1.221410
906	-2.048335
907	-2.454670
908	-1.615430
909	0.939641
910	-2.052420
911	-1.328114
912	2.897896
913	-1.570071
914	-2.046053
915	1.223109
916	-1.622470
917	-2.387729
918	-1.966378
919	-0.119196
920	1.380682
921	-2.081558
922	-1.891547
923	-2.408644
924	0.491983
925	0.960487
926	-2.967930
927	-3.002985
928	1.500157
929	-2.327797
930	-2.296106
931	-1.277882
932	-1.508928
933	-1.831488
934	-1.867955
935	-0.077581
936	-1.835444
937	2.518150
938	1.542024
939	-2.442685
940	-2.193725
941	-2.009225
942	-2.405071
943	0.869738
944	1.857335
945	-2.328898
946	-1.883249
947	2.506327
948	-2.644209
949	-0.552436
950	-1.720312
951	-2.393374
952	-1.240955
953	1.243711
954	-2.222107
955	1.553648
956	1.134873
957	1.252575
958	-1.801944
959	-1.969346
960	-1.500474
961	-1.813768
962	1.425584
963	3.093382
964	-1.526149
965	-2.383344
966	-1.802997
967	-2.251732
968	-2.230461
969	-2.206203
970	-1.629251
971	-1.525389
972	-2.013838
973	-2.542618
974	-1.805990
975	0.870383
976	-1.375601
977	3.396170
978	2.794372
979	1.612469
980	-1.977719
981	-1.879671
982	-0.192759
983	0.628427
984	-1.511725
985	0.069475
986	-1.442847
987	-2.720516
988	-2.249040
989	-2.105574
990	0.775709
991	-2.158761
992	1.501159
993	0.094053
994	1.119705
995	-1.435147
996	2.483477
997	-1.454062
998	-1.588191
999	-1.791190
1000	-1.783934
1001	-1.805170
1002	-1.809446
1003	-1.949444
1004	-0.564210
1005	-1.749650
1006	0.190865
1007	1.640483
1008	1.347361
1009	-1.661635
1010	1.466536
1011	0.266503
1012	0.953134
1013	0.362453
1014	3.750668
1015	-1.304189
1016	2.379750
1017	-0.672606
1018	-1.620343
1019	-1.803181
1020	-2.317534
1021	-1.749285
1022	0.749004
1023	-1.395979
1024	0.587773
1025	-2.109403
1026	-2.195676
1027	-1.152448
1028	-2.296678
1029	1.561149
1030	1.170500
1031	-2.735143
1032	-1.557610
1033	-1.749110
1034	-1.774372
1035	2.435686
1036	-2.181367
1037	-1.293098
1038	3.112111
1039	0.745548
1040	-1.874468
1041	3.046336
1042	-2.569899
1043	-1.852229
1044	-2.235497
1045	-2.107754
1046	-1.849852
1047	-2.208573
1048	-1.624901
1049	1.054813
1050	-0.705333
1051	-2.071315
1052	-1.751567
1053	-0.109433
1054	0.267927
1055	-1.443946
1056	-2.452870
1057	-1.911922
1058	3.415477
1059	-1.660497
1060	-1.707023
1061	-1.077286
1062	-1.347179
1063	-1.841853
1064	-0.457730
1065	-1.702808
1066	-2.035930
1067	-1.573601
1068	-1.762944
1069	-1.509408
1070	0.557484
1071	-0.034383
1072	-2.140054
1073	0.364658
1074	1.327277
1075	-1.959597
1076	-1.443637
1077	-2.529658
1078	1.255462
1079	-1.563088
1080	-1.676218
1081	-1.515464
1082	-1.806489
1083	1.618155
1084	-1.879380
1085	0.427786
1086	-1.571995
1087	-0.459435
1088	0.685353
1089	-1.891485
1090	-1.621111
1091	-2.927647
1092	2.556310
1093	1.083620
1094	-1.467746
1095	-2.431626
1096	1.965715
1097	2.349778
1098	-2.114699
1099	-1.605532
1100	1.112703
1101	2.155692
1102	-1.453438
1103	0.871657
1104	-2.092140
1105	-0.483957
1106	-2.465296
1107	-3.485569
1108	-2.806085
1109	-1.437279
1110	-1.843704
1111	1.250874
1112	-1.499510
1113	-1.666330
1114	0.908632
1115	-0.222771
1116	0.818341
1117	-1.485670
1118	-2.494314
1119	1.238446
1120	-2.290613
1121	-2.595100
1122	-2.359151
1123	1.873774
1124	0.317049
1125	1.228702
1126	-1.436038
1127	-1.754905
1128	-2.056152
1129	-1.797083
1130	-1.784122
1131	1.567787
1132	-1.686969
1133	0.533076
1134	1.581075
1135	1.701325
1136	-1.620129
1137	0.231477
1138	-1.549485
1139	-2.058213
1140	0.832583
1141	-3.223378
1142	-2.583217
1143	-2.550316
1144	-1.346475
1145	-0.112288
1146	-1.275507
1147	-0.394001
1148	-1.969382
1149	-1.938853
1150	-2.179821
1151	0.682705
1152	-1.261581
1153	0.382907
1154	1.943925
1155	-1.858807
1156	-2.542270
1157	-1.581849
1158	0.888719
1159	-1.836001
1160	-1.232195
1161	-2.393488
1162	0.886548
1163	1.578323
1164	-1.932451
1165	-2.008340
1166	-1.663288
1167	-2.098563
1168	-1.027943
1169	1.184505
1170	0.826648
1171	-2.231307
1172	-2.862864
1173	-2.042202
1174	0.783604
1175	-2.942548
1176	-1.973659
1177	-1.870411
1178	2.499693
1179	-1.628007
1180	0.900891
1181	-1.639451
1182	-2.096348
1183	-1.539942
1184	-0.260046
1185	1.321759
1186	0.556045
1187	3.670027
1188	1.523278
1189	-1.884835
1190	-1.381239
1191	-3.395924
1192	-0.439927
1193	0.805672
1194	0.747384
1195	-1.801795
1196	-1.736950
1197	0.261473
1198	-0.848676
1199	-1.788672
1200	0.573035
1201	0.659960
1202	1.653756
1203	-3.508847
1204	-1.973258
1205	-0.471673
1206	-2.773417
1207	-1.565708
1208	-2.337316
1209	-1.266366
1210	-1.377351
1211	1.860365
1212	1.499388
1213	-1.544598
1214	-0.170729
1215	-2.399607
1216	-2.171441
1217	-0.453902
1218	-2.225884
1219	-1.321035
1220	-2.041031
1221	-2.111326
1222	-1.183215
1223	0.672217
1224	-1.594220
1225	-1.756620
1226	-2.994780
1227	0.394353
1228	2.072366
1229	0.697450
1230	-1.941640
1231	-2.589870
1232	-0.907752
1233	-1.417345
1234	-1.334593
1235	-2.352606
1236	1.730990
1237	-1.479705
1238	-1.942544
1239	-1.545293
1240	-1.850475
1241	1.981153
1242	-2.029351
1243	-2.938914
1244	2.308809
1245	2.755580
1246	0.319835
1247	-1.516861
1248	-2.039425
1249	-1.911887
1250	-1.255265
1251	1.232411
1252	0.034860
1253	-2.014639
1254	-1.600163
1255	-2.549918
1256	-1.250148
1257	-1.724664
1258	-1.809602
1259	-2.438704
1260	-1.509772
1261	-2.769317
1262	-1.909562
1263	-1.743829
1264	-3.200878
1265	0.911882
1266	-2.051859
1267	-1.445052
1268	-1.969193
1269	-2.094955
1270	-2.492410
1271	-1.430801
1272	-2.609234
1273	0.818878
1274	-2.407877
1275	-1.901956
1276	-0.837452
1277	0.976496
1278	-3.013640
1279	1.210773
1280	2.479334
1281	0.755125
1282	-2.081260
1283	-0.186791
1284	-1.954522
1285	-2.304155
1286	-1.759824
1287	-1.871668
1288	0.715583
1289	-1.663541
1290	-1.093759
1291	1.734579
1292	-1.575363
1293	-1.137426
1294	-1.600996
1295	1.253739
1296	-1.868256
1297	-2.059758
1298	1.455932
1299	-0.394947
1300	2.405486
1301	-1.817137
1302	0.865189
1303	1.474965
1304	0.704881
1305	1.953977
1306	-1.672014
1307	-2.586280
1308	2.291892
1309	-2.064625
1310	1.096648
1311	-1.476459
1312	1.278568
1313	-2.583899
1314	-1.027722
1315	-2.461045
1316	-2.218533
1317	1.067551
1318	-2.297521
1319	3.158114
1320	1.671445
1321	-0.929717
1322	-1.251517
1323	2.696990
1324	1.462707
1325	-2.336691
1326	-1.393736
1327	2.875211
1328	-1.999350
1329	-0.451188
1330	-2.546969
1331	-2.334329
1332	-1.470894
1333	-1.894100
1334	1.960237
1335	-1.477000
1336	-2.030406
1337	1.076033
1338	1.450920
1339	-2.490099
1340	2.085872
1341	0.707090
1342	-0.514351
1343	-0.205661
1344	-1.769808
1345	0.649235
1346	-2.090778
1347	2.316349
1348	-0.835731
1349	1.963987
1350	-2.569778
1351	-2.670818
1352	-2.117730
1353	2.856785
1354	-1.788111
1355	-3.225986
1356	-2.325660
1357	1.050521
1358	-1.774736
1359	-1.640808
1360	-2.721464
1361	-2.715124
1362	-1.995294
1363	-2.230597
1364	-1.981873
1365	1.451976
1366	-2.923149
1367	-1.963640
1368	1.570479
1369	-1.700215
1370	0.026951
1371	1.987931
1372	2.424337
1373	2.378774
1374	-1.471272
1375	1.066047
1376	2.121080
1377	-1.852794
1378	-2.311672
1379	-2.105090
1380	-1.124411
1381	-1.672217
1382	-1.814032
1383	1.068481
1384	2.926121
1385	3.009260
1386	-2.465946
1387	-2.272758
1388	0.411918
1389	1.743868
1390	-0.670085
1391	-1.899174
1392	-1.932926
1393	-1.750694
1394	-0.039654
1395	-2.093768
1396	-1.431695
1397	0.991631
1398	-1.425464
1399	1.970326
1400	-1.791788
1401	0.951740
1402	0.738052
1403	-2.382832
1404	-2.106052
1405	-0.576384
1406	-2.695779
1407	1.127073
1408	-2.420336
1409	0.824520
1410	-1.040105
1411	1.857371
1412	-1.710098
1413	1.456748
1414	1.834040
1415	0.806872
1416	1.287272
1417	0.857845
1418	-1.800012
1419	-0.104755
1420	1.159947
1421	1.959577
1422	-2.739852
1423	-2.192499
1424	-2.340046
1425	-0.682543
1426	-1.849458
1427	-2.470469
1428	0.684805
1429	0.416833
1430	-1.144536
1431	1.832169
1432	1.428849
1433	-1.712188
1434	-1.088235
1435	-1.979995
1436	-1.944201
1437	0.978072
1438	-2.133122
1439	0.345441
1440	-0.986887
1441	1.915436
1442	2.029090
1443	-2.210047
1444	-1.563335
1445	-0.440446
1446	1.904116
1447	-2.414218
1448	-2.335856
1449	-2.474602
1450	-2.602707
1451	-3.030222
1452	0.773610
1453	1.978435
1454	-2.206811
1455	0.613675
1456	0.940895
1457	-1.951607
1458	1.893829
1459	-0.373810
1460	-0.972985
1461	1.119451
1462	1.442783
1463	-1.987771
1464	0.076231
1465	-1.335470
1466	-2.480134
1467	2.984967
1468	-1.780698
1469	-2.291218
1470	2.725052
1471	1.717765
1472	-1.854893
1473	1.853777
1474	-2.152978
1475	0.852752
1476	-0.726472
1477	-2.283199
1478	-2.839483
1479	-2.191569
1480	0.074647
1481	-1.906769
1482	-2.153881
1483	-1.941207
1484	1.454503
1485	-1.942024
1486	-2.368015
1487	1.060338
1488	-3.254170
1489	1.626198
1490	1.143211
1491	2.124145
1492	-2.551814
1493	-2.136586
1494	-1.820777
1495	0.483865
1496	-3.074563
1497	-2.393429
1498	-2.449257
1499	-0.325756
1500	-2.462877
1501	-2.380218
1502	-2.210630
1503	0.283104
1504	-2.091291
1505	-2.135045
1506	0.603233
1507	-2.387164
1508	-1.522456
1509	0.392191
1510	-1.944206
1511	1.001445
1512	-2.738519
1513	-2.195435
1514	-1.972537
1515	-2.003353
1516	-2.552713
1517	-2.008644
1518	-2.437608
1519	-0.284535
1520	-1.212053
1521	-2.573241
1522	2.097904
1523	2.319995
1524	-2.043943
1525	-1.232284
1526	-1.583919
1527	-1.645111
1528	-2.274754
1529	1.577264
1530	-2.752644
1531	0.911910
1532	1.959061
1533	-1.724135
1534	-2.727054
1535	1.160295
1536	0.421355
1537	1.742647
1538	1.243688
1539	-1.851935
1540	-1.945316
1541	0.167148
1542	1.498425
1543	1.743828
1544	0.688267
1545	0.044091
1546	1.509251
1547	-0.357901
1548	-2.168225
1549	2.396770
1550	-1.671262
1551	0.556030
1552	0.599884
1553	1.085143
1554	1.578252
1555	-0.246542
1556	-1.195223
1557	-2.899170
1558	1.224722
1559	1.638236
1560	-1.908839
1561	0.196561
1562	-1.402920
1563	2.279920
1564	-2.202017
1565	-1.483800
1566	-1.755464
1567	2.192093
1568	-2.440147
1569	-2.347481
1570	0.298597
1571	-1.428631
1572	-2.652746
1573	0.911362
1574	0.424968
1575	-1.479896
1576	-1.034418
1577	0.713441
1578	-1.681410
1579	-1.882599
1580	-1.669904
1581	1.873961
1582	-1.087693
1583	2.075529
1584	-1.901243
1585	1.464658
1586	0.962093
1587	-1.880756
1588	0.070676
1589	-1.889033
1590	-2.553384
1591	-1.850171
1592	-2.410004
1593	-1.821077
1594	-1.640861
1595	1.592939
1596	0.745615
1597	-0.877272
1598	-1.240417
1599	0.257069
1600	2.471140
1601	-2.039736
1602	-0.996290
1603	-2.302726
1604	-1.825465
1605	0.094724
1606	-1.976085
1607	-1.729555
1608	-2.680325
1609	-2.126593
1610	1.034366
1611	-1.944868
1612	-2.142230
1613	-2.481482
1614	1.191900
1615	-2.020417
1616	1.497245
1617	2.904737
1618	-2.481373
1619	2.135044
1620	-2.117550
1621	0.795062
1622	-2.115308
1623	1.371593
1624	-2.420093
1625	-1.362639
1626	2.447579
1627	-2.237963
1628	-2.513060
1629	2.390850
1630	2.002636
1631	-0.585862
1632	0.141195
1633	2.027961
1634	-1.230422
1635	1.211394
1636	0.794919
1637	-2.194018
1638	-2.796898
1639	1.453826
1640	-1.158600
1641	-2.414258
1642	-2.266330
1643	-1.902764
1644	-1.411375
1645	-1.985168
1646	-2.415628
1647	-2.087542
1648	-2.212226
1649	-1.074353
1650	-2.467106
1651	-2.459791
1652	-2.198601
1653	0.144585
1654	-1.937834
1655	0.833087
1656	1.161714
1657	-1.569537
1658	-2.037187
1659	-2.147641
1660	0.210161
1661	-1.308988
1662	-1.872139
1663	-2.552639
1664	-2.216424
1665	-0.106915
1666	-1.808723
1667	-2.191219
1668	-0.701169
1669	-1.765986
1670	-1.978766
1671	0.631501
1672	-0.708301
1673	1.520798
1674	2.055732
1675	1.190196
1676	-2.129664
1677	-1.836789
1678	-0.225960
1679	-0.690929
1680	-1.341528
1681	0.781330
1682	2.040627
1683	1.673935
1684	-2.887951
1685	-2.044861
1686	-1.723019
1687	1.147584
1688	-2.570925
1689	0.199467
1690	-2.527978
1691	-1.924174
1692	-2.218443
1693	-2.051239
1694	2.161181
1695	1.906141
1696	-2.017773
1697	0.745924
1698	0.852553
1699	-2.897826
1700	1.029897
1701	-1.714654
1702	-1.421895
1703	-0.824540
1704	-2.470123
1705	-1.570369
1706	-1.491925
1707	1.938100
1708	-0.021453
1709	-1.714898
1710	-2.314470
1711	-2.008220
1712	-1.884077
1713	-2.457049
1714	1.301318
1715	-1.764828
1716	-0.560558
1717	-2.382271
1718	-2.771387
1719	1.276506
1720	0.925920
1721	0.381177
1722	-2.277804
1723	-1.661387
1724	-2.572733
1725	-2.855449
1726	-2.540903
1727	-2.523463
1728	-3.612320
1729	-1.869126
1730	-2.183269
1731	-2.424237
1732	1.759914
1733	-1.867003
1734	-2.525300
1735	2.347414
1736	-1.568836
1737	-0.867610
1738	1.600240
1739	-1.680237
1740	-2.808847
1741	-1.993339
1742	-2.126259
1743	-1.620872
1744	1.202162
1745	0.334753
1746	-2.543247
1747	-1.637962
1748	4.814454
1749	2.318001
1750	2.277407
1751	-1.905044
1752	-1.120024
1753	-1.369126
1754	-0.097815
1755	1.265119
1756	-2.484821
1757	-1.624974
1758	-1.707438
1759	-1.867692
1760	-1.992677
1761	1.218707
1762	-0.545005
1763	-1.279595
1764	-2.728819
1765	0.548127
1766	-2.168166
1767	1.541250
1768	-3.296338
1769	-2.799202
1770	-1.074112
1771	1.434408
1772	-2.593487
1773	0.740920
1774	1.584241
1775	-1.981320
1776	-2.379741
1777	0.649954
1778	-1.559509
1779	-2.064789
1780	-1.641907
1781	-2.823868
1782	0.349585
1783	-1.872819
1784	-1.441062
1785	2.628324
1786	-2.738432
1787	1.766515
1788	-1.168108
1789	-2.197981
1790	-0.998182
1791	-1.226311
1792	-2.096193
1793	-0.784354
1794	-2.404436
1795	-2.672847
1796	0.924685
1797	0.977628
1798	-3.171131
1799	0.649813
1800	-1.465739
1801	-2.542485
1802	1.396855
1803	-1.489817
1804	-1.477659
1805	-2.247767
1806	-1.482757
1807	0.683143
1808	-1.182555
1809	-0.710139
1810	-1.059553
1811	-1.764680
1812	-2.045491
1813	2.143107
1814	-3.302251
1815	-2.108540
1816	1.024461
1817	-0.519025
1818	-1.713598
1819	-2.077869
1820	1.647957
1821	-1.498910
1822	-2.332003
1823	-1.818424
1824	-1.827256
1825	-2.430211
1826	0.669791
1827	-0.797108
1828	-2.205773
1829	0.321999
1830	-2.068963
1831	-2.217593
1832	-2.079841
1833	0.822363
1834	0.990714
1835	-1.812705
1836	-0.985814
1837	-1.692279
1838	-1.562681
1839	-1.350431
1840	-1.660612
1841	-1.675826
1842	0.824386
1843	-1.190073
1844	-1.016437
1845	-1.472062
1846	-2.488328
1847	1.629724
1848	0.429656
1849	-2.395087
1850	-1.975686
1851	-2.376639
1852	-1.436109
1853	-2.329632
1854	-2.081819
1855	-2.585659
1856	1.125295
1857	-2.193809
1858	-2.290676
1859	1.175395
1860	-2.126969
1861	-2.711875
1862	1.904945
1863	-1.448804
1864	-2.110012
1865	-1.423599
1866	1.230186
1867	2.053413
1868	1.845753
1869	-1.927390
1870	-1.461323
1871	1.317804
1872	-1.924301
1873	-1.493588
1874	-1.955820
1875	-2.290520
1876	-1.994024
1877	-2.064478
1878	-1.657836
1879	-2.542867
1880	0.811756
1881	-0.130240
1882	-1.428114
1883	-1.234046
1884	3.343391
1885	-2.346909
1886	-1.703084
1887	2.425326
1888	-1.427706
1889	-2.565448
1890	-2.326137
1891	1.549173
1892	2.509803
1893	-2.002467
1894	-2.401576
1895	-1.961005
1896	-1.871168
1897	-1.903341
1898	-0.061960
1899	0.882295
1900	0.399266
1901	-1.192081
1902	-2.021826
1903	1.832752
1904	-2.234245
1905	-1.971711
1906	-1.299870
1907	-0.057279
1908	-2.121773
1909	0.602840
1910	2.372149
1911	-2.179386
1912	-1.829287
1913	-1.327724
1914	-2.318269
1915	-2.088794
1916	-1.281864
1917	-2.067499
1918	-1.716839
1919	-1.453789
1920	-0.219656
1921	1.339163
1922	-0.104278
1923	-1.872155
1924	-2.316005
1925	2.807493
1926	-2.071384
1927	-1.925204
1928	-2.225606
1929	0.681439
1930	-1.601181
1931	-2.892587
1932	0.820386
1933	-1.643785
1934	-2.339330
1935	0.687571
1936	-1.713703
1937	0.053557
1938	1.661510
1939	-0.842900
1940	-1.535617
1941	-1.525356
1942	1.887462
1943	0.952394
1944	-1.685077
1945	-1.246913
1946	-1.652818
1947	-1.096307
1948	-2.962268
1949	1.693366
1950	-1.791538
1951	-1.734232
1952	-0.892881
1953	2.286540
1954	0.243120
1955	-2.005959
1956	-2.405019
1957	-2.009207
1958	-0.747848
1959	-0.259010
1960	1.542281
1961	2.370067
1962	-1.261524
1963	-1.476078
1964	-2.102647
1965	-1.926253
1966	-1.736582
1967	-1.312289
1968	-1.768298
1969	-1.881753
1970	-1.228850
1971	-2.399350
1972	1.503108
1973	-2.627849
1974	-2.150124
1975	-0.247408
1976	-1.512674
1977	1.853514
1978	-1.819414
1979	1.336546
1980	0.215423
1981	-2.840732
1982	-1.575153
1983	-1.859118
1984	0.308861
1985	-2.284754
1986	-0.174108
1987	-2.306743
1988	-2.018211
1989	-2.551637
1990	0.829342
1991	-2.110704
1992	-2.525012
1993	-2.234901
1994	-1.438620
1995	-3.203775
1996	-1.796272
1997	1.138302
1998	-0.992148
1999	-1.722672
2000	-0.743096
2001	-1.960015
2002	3.013496
2003	-2.820121
2004	-2.313128
2005	-0.982736
2006	-2.640386
2007	-1.923018
2008	0.582388
2009	-2.737174
2010	-3.036246
2011	-1.939966
2012	2.181283
2013	0.367354
2014	0.159765
2015	-1.770578
2016	-1.764455
2017	-1.946088
2018	2.247674
2019	-1.207068
2020	1.550667
2021	-1.904011
2022	-2.179076
2023	1.719894
2024	1.010578
2025	-1.396215
2026	-2.200057
2027	1.777742
2028	-2.076515
2029	2.989512
2030	-1.971304
2031	1.210385
2032	1.565046
2033	1.413426
2034	0.314847
2035	-1.987483
2036	0.739691
2037	-2.073473
2038	-1.638069
2039	1.770994
2040	-1.964186
2041	1.166332
2042	1.683937
2043	-1.492665
2044	-3.134987
2045	-2.696326
2046	0.255559
2047	-1.361057
2048	-3.157210
2049	-2.074497
2050	0.712455
2051	-1.334597
2052	-0.441121
2053	-2.536387
2054	-0.315356
2055	-2.380308
2056	-1.329939
2057	-1.587847
2058	-1.466866
2059	-1.996212
2060	1.201410
2061	-1.792639
2062	-2.457273
2063	-2.288472
2064	-0.135846
2065	-2.577786
2066	1.025602
2067	-2.146761
2068	-2.369966
2069	1.752301
2070	2.306054
2071	-1.034570
2072	-0.934920
2073	-1.384797
2074	-1.101230
2075	0.636605
2076	-2.543453
2077	2.345549
2078	-0.042378
2079	-2.515421
2080	-1.621425
2081	-1.779213
2082	-1.302902
2083	-2.965164
2084	-2.211241
2085	-2.145855
2086	-0.418573
2087	-0.232668
2088	1.040950
2089	-2.155854
2090	-1.617907
2091	-2.263814
2092	-2.155199
2093	2.391489
2094	1.133983
2095	0.897784
2096	-2.454502
2097	0.791779
2098	-1.560497
2099	1.595006
2100	-0.781628
2101	-2.906372
2102	0.097490
2103	1.763858
2104	1.374083
2105	-2.663375
2106	-2.086470
2107	-1.987760
2108	0.896511
2109	-0.771642
2110	-1.830998
2111	2.591114
2112	-0.645293
2113	-2.305026
2114	-1.451637
2115	2.587137
2116	0.684682
2117	-1.396161
2118	-1.916594
2119	0.330567
2120	-1.617002
2121	-1.282096
2122	-1.806234
2123	-2.453691
2124	-1.661006
2125	1.968826
2126	0.735195
2127	-1.620870
2128	-1.947799
2129	-2.376023
2130	1.016380
2131	-2.048019
2132	-1.899783
2133	1.042010
2134	-1.431434
2135	1.534880
2136	0.554442
2137	-1.927426
2138	-1.880372
2139	1.582625
2140	-2.151472
2141	-1.682334
2142	-1.858062
2143	-0.042229
2144	-1.748032
2145	-1.621661
2146	0.823442
2147	2.098184
2148	-1.289962
2149	-1.366432
2150	-2.080412
2151	-2.027810
2152	1.113963
2153	0.804985
2154	-2.180592
2155	-2.185575
2156	-1.919169
2157	-1.223632
2158	-2.328137
2159	1.457610
2160	2.296370
2161	1.505310
2162	-1.975876
2163	0.933083
2164	-2.193304
2165	-2.746924
2166	-0.179378
2167	-2.439341
2168	-2.281856
2169	-2.427927
2170	1.616441
2171	-2.138157
2172	0.123512
2173	-0.296132
2174	0.933460
2175	-1.887347
2176	-1.869584
2177	0.307914
2178	1.586761
2179	-1.965920
2180	-2.166534
2181	-0.855938
2182	-1.573276
2183	2.868581
2184	-1.717524
2185	-2.324209
2186	-2.207440
2187	-2.774111
2188	-1.504273
2189	-2.667196
2190	0.158199
2191	-1.598030
2192	-2.525071
2193	-1.604724
2194	1.176229
2195	1.235607
2196	0.156249
2197	0.453796
2198	1.909388
2199	2.397460
2200	1.754270
2201	1.271950
2202	-1.361417
2203	2.326251
2204	-2.476877
2205	1.127911
2206	1.799609
2207	-0.193686
2208	-1.890999
2209	-1.942174
2210	-2.654974
2211	-1.814224
2212	-0.406238
2213	2.438325
2214	-1.815012
2215	-2.183812
2216	-1.935871
2217	0.517515
2218	1.450638
2219	-2.122165
2220	-2.159811
2221	-1.349022
2222	1.420360
2223	-2.332240
2224	-2.004296
2225	-2.762031
2226	-1.878302
2227	-2.091043
2228	-0.657268
2229	-2.007640
2230	0.246077
2231	-2.063929
2232	2.781487
2233	-1.629854
2234	-2.221532
2235	-0.149033
2236	-0.892010
2237	-0.194769
2238	-0.796645
2239	-1.394280
2240	-1.678159
2241	-1.565819
2242	1.743188
2243	-2.887665
2244	0.877744
2245	-2.872179
2246	-1.431202
2247	0.624935
2248	-2.043660
2249	-1.719534
2250	-2.583786
2251	-0.676518
2252	-2.837625
2253	-1.618994
2254	-2.402377
2255	-2.204826
2256	-2.196459
2257	-0.623820
2258	-2.009202
2259	-1.905433
2260	0.404241
2261	2.054801
2262	0.419823
2263	-2.001328
2264	-1.990879
2265	-1.840012
2266	-1.035552
2267	1.404725
2268	-3.129183
2269	1.023036
2270	-1.324307
2271	-1.477807
2272	-2.808116
2273	-3.233305
2274	0.888712
2275	-1.457868
2276	-0.223009
2277	0.460451
2278	-1.979371
2279	1.017609
2280	-2.699009
2281	0.637297
2282	-1.963526
2283	-2.269359
2284	-1.986452
2285	0.308683
2286	-2.178195
2287	0.341792
2288	-2.054053
2289	-1.633303
2290	-2.981237
2291	-1.941274
2292	-2.457085
2293	1.969252
2294	0.285775
2295	1.947775
2296	-2.217115
2297	-1.832156
2298	-1.378084
2299	2.944752
2300	2.086646
2301	-0.453984
2302	2.537632
2303	1.582525
2304	2.229215
2305	-1.554863
2306	-1.877804
2307	-2.052677
2308	0.402870
2309	-2.279039
2310	-1.527526
2311	1.365450
2312	-1.830689
2313	-1.499222
2314	-1.624467
2315	-1.109055
2316	-2.463768
2317	0.392873
2318	-1.046082
2319	-1.812698
2320	-2.500364
2321	-2.989609
2322	-2.357052
2323	-1.997901
2324	0.630089
2325	-2.862113
2326	1.296695
2327	-2.120256
2328	0.012282
2329	-0.495421
2330	-2.638281
2331	2.374582
2332	-0.204314
2333	-2.163042
2334	-0.769136
2335	0.480159
2336	-2.683385
2337	-2.221311
2338	-2.033049
2339	1.076925
2340	-2.485856
2341	-0.887762
2342	0.650824
2343	-1.726486
2344	-1.919002
2345	-2.659285
2346	-1.763041
2347	0.896499
2348	-1.905916
2349	-1.341088
2350	-2.865525
2351	2.597593
2352	-1.473820
2353	1.215388
2354	0.016431
2355	-1.723665
2356	-2.188623
2357	-2.990825
2358	1.656337
2359	-1.906308
2360	0.395975
2361	3.858425
2362	-1.822136
2363	-1.408560
2364	-0.137777
2365	-0.564402
2366	-1.994114
2367	-1.758859
2368	-1.174881
2369	-2.097634
2370	1.870972
2371	-3.092773
2372	-2.443130
2373	-1.835446
2374	-1.365386
2375	1.673714
2376	-2.054490
2377	-1.731904
2378	0.409526
2379	-3.303248
2380	-1.701894
2381	0.335081
2382	1.108589
2383	-2.390551
2384	-1.787372
2385	-1.735171
2386	-2.277048
2387	0.873294
2388	-1.850546
2389	-0.538178
2390	0.858694
2391	-0.729982
2392	-2.018426
2393	-0.976653
2394	-2.612039
2395	0.819778
2396	0.505034
2397	0.387932
2398	1.229389
2399	-2.369690
2400	1.387264
2401	-1.968048
2402	-2.430189
2403	1.968667
2404	-2.049812
2405	1.418586
2406	-1.117480
2407	2.069194
2408	-1.537037
2409	-2.076051
2410	-2.419890
2411	0.675505
2412	-2.058967
2413	-1.198868
2414	-2.698809
2415	-2.111500
2416	-1.765985
2417	-0.055004
2418	1.612058
2419	0.418556
2420	-1.565846
2421	-1.448412
2422	0.976463
2423	-0.630116
2424	0.132212
2425	0.521883
2426	2.998845
2427	-1.004144
2428	-1.757960
2429	-2.119334
2430	-2.139648
2431	2.175491
2432	-0.627713
2433	0.151877
2434	-1.408485
2435	-1.708765
2436	-1.595132
2437	-2.806251
2438	-2.107640
2439	0.932772
2440	-1.973309
2441	-1.822848
2442	1.447799
2443	-1.815137
2444	-2.292837
2445	1.918352
2446	-1.692181
2447	1.083937
2448	-2.219822
2449	0.298200
2450	2.318907
2451	0.055628
2452	0.602813
2453	0.998589
2454	-2.152145
2455	-2.063727
2456	-1.221033
2457	-0.136072
2458	-1.556882
2459	0.158118
2460	1.392556
2461	-2.320040
2462	-2.533591
2463	-1.996984
2464	-1.343526
2465	1.655826
2466	-2.146492
2467	1.511010
2468	-1.995233
2469	-2.062005
2470	-2.410815
2471	-2.003026
2472	-1.675464
2473	-1.248759
2474	-1.801389
2475	0.833949
2476	-1.975013
2477	-1.879627
2478	-1.414972
2479	-2.463571
2480	-2.097121
2481	-1.360896
2482	-2.597452
2483	1.416124
2484	-2.065029
2485	-2.479596
2486	1.816426
2487	2.249850
2488	-1.696538
2489	1.728523
2490	-2.757907
2491	-0.421494
2492	-1.497167
2493	-1.783412
2494	1.614166
2495	-1.919108
2496	-1.118429
2497	-2.182510
2498	-1.835033
2499	0.699159
2500	-2.261674
2501	0.712410
2502	-1.753303
2503	-0.486383
2504	-1.495133
2505	-2.201630
2506	-2.580345
2507	-3.035114
2508	-2.246114
2509	0.803423
2510	-1.371019
2511	-1.925129
2512	0.709988
2513	-1.698021
2514	-0.073436
2515	-2.203393
2516	-1.377390
2517	-0.823093
2518	-1.948901
2519	-1.608591
2520	-1.676860
2521	1.288698
2522	-2.457803
2523	-2.142288
2524	2.651626
2525	1.031735
2526	0.381931
2527	0.280328
2528	-1.118537
2529	1.613997
2530	0.967532
2531	-1.752689
2532	2.949514
2533	0.663528
2534	-2.772698
2535	-1.312149
2536	-2.004594
2537	-2.090443
2538	1.377194
2539	-1.815568
2540	-2.060992
2541	1.477404
2542	-1.919135
2543	-1.025183
2544	-1.805499
2545	-1.706095
2546	-1.548790
2547	-2.260080
2548	1.229867
2549	-1.923006
2550	-1.810506
2551	-1.779707
2552	0.919856
2553	-1.116095
2554	-1.953305
2555	0.918121
2556	-2.166236
2557	0.030742
2558	2.138517
2559	-1.629402
2560	-2.103057
2561	-1.688737
2562	-1.400664
2563	1.742316
2564	-2.113349
2565	-1.720115
2566	1.823992
2567	2.160588
2568	0.391451
2569	-1.936970
2570	-1.185384
2571	-2.526333
2572	-0.148787
2573	0.021670
2574	2.767442
2575	-1.262264
2576	0.771847
2577	0.961039
2578	-1.712075
2579	-3.353611
2580	-0.918281
2581	1.130473
2582	-1.379499
2583	-0.771295
2584	-2.211126
2585	-1.649319
2586	1.193829
2587	-2.648933
2588	-2.203166
2589	-1.775615
2590	0.000029
2591	-2.457017
2592	-1.962923
2593	1.698069
2594	-1.516792
2595	-1.899231
2596	-0.021144
2597	-2.884354
2598	-2.377890
2599	-2.017555
2600	-1.466661
2601	-2.067193
2602	-1.517174
2603	0.576073
2604	1.898794
2605	0.681097
2606	0.494594
2607	-1.838634
2608	-2.932871
2609	-1.486949
2610	-0.775152
2611	0.806419
2612	-1.719454
2613	-3.054559
2614	0.983845
2615	1.245254
2616	-1.348094
2617	-1.903088
2618	1.572183
2619	2.403704
2620	-2.122471
2621	-2.742251
2622	-2.417698
2623	-1.395455
2624	0.294526
2625	-1.697359
2626	-3.003991
2627	-1.391107
2628	-1.863657
2629	-2.016248
2630	-2.662407
2631	-0.521494
2632	-2.244365
2633	2.158743
2634	1.624115
2635	1.751249
2636	-2.096003
2637	-1.442009
2638	0.370119
2639	2.131433
2640	-2.116391
2641	-2.891189
2642	1.283463
2643	3.014535
2644	-2.111358
2645	-2.625925
2646	-1.817922
2647	1.529036
2648	3.535526
2649	1.072805
2650	-2.685692
2651	1.184890
2652	1.506281
2653	-2.133340
2654	-2.352012
2655	-2.355154
2656	-1.735183
2657	-1.583399
2658	-1.354974
2659	0.771598
2660	-1.563127
2661	-2.335177
2662	-0.974010
2663	-1.539945
2664	-1.449800
2665	-2.657707
2666	-2.055253
2667	2.084215
2668	2.917765
2669	-1.963927
2670	2.803877
2671	-2.095702
2672	-0.975423
2673	-2.236560
2674	1.230844
2675	-2.653948
2676	-2.595104
2677	-2.741365
2678	0.851304
2679	1.266102
2680	-2.089022
2681	-1.949344
2682	-1.505244
2683	-2.328531
2684	-1.899258
2685	-2.017275
2686	1.050317
2687	-1.676826
2688	-2.329225
2689	-2.160382
2690	-1.819585
2691	-2.173606
2692	-0.937609
2693	-1.332666
2694	-3.434861
2695	-1.878094
2696	1.365957
2697	-2.112612
2698	-2.448491
2699	-2.719565
2700	1.464914
2701	-1.998203
2702	-2.444312
2703	-2.423108
2704	-2.317935
2705	-1.666486
2706	1.714795
2707	-2.510822
2708	-2.168251
2709	-1.561377
2710	-1.491984
2711	-2.351406
2712	0.389487
2713	0.220790
2714	-2.367041
2715	-0.449226
2716	-1.590561
2717	1.343224
2718	-1.534369
2719	-1.427046
2720	-1.798958
2721	-2.211811
2722	1.626608
2723	-2.020764
2724	-2.308785
2725	-1.706200
2726	-2.292191
2727	-2.471179
2728	-1.357245
2729	1.835513
2730	-2.288786
2731	-2.661338
2732	-1.417602
2733	-1.656608
2734	-1.874760
2735	-2.449648
2736	1.571143
2737	-1.797578
2738	-2.467644
2739	2.355030
2740	0.336763
2741	-2.115747
2742	0.857930
2743	-1.528562
2744	1.701852
2745	-1.571488
2746	2.402566
2747	-2.152429
2748	-2.402424
2749	-1.575665
2750	1.465824
2751	-2.195269
2752	1.470730
2753	-0.101655
2754	0.455273
2755	-2.298235
2756	-1.886452
2757	-0.121920
2758	-2.030853
2759	1.482695
2760	-1.986067
2761	-2.184250
2762	0.605555
2763	-2.064395
2764	-1.659689
2765	-2.096150
2766	-2.044720
2767	-1.286030
2768	-3.089114
2769	-1.152454
2770	-2.309125
2771	-1.716770
2772	-3.047453
2773	-1.296693
2774	-2.025976
2775	-2.605932
2776	1.631748
2777	-1.803555
2778	-1.395945
2779	0.854561
2780	-2.267092
2781	-2.183101
2782	-1.320401
2783	0.276689
2784	-2.442164
2785	-1.895691
2786	-2.204281
2787	-2.124489
2788	-1.801836
2789	-2.528262
2790	-0.596258
2791	-0.021835
2792	-1.220086
2793	2.309838
2794	-1.754284
2795	-2.370650
2796	-2.181784
2797	0.843088
2798	1.342992
2799	-2.721203
2800	-1.869329
2801	2.205271
2802	-0.027161
2803	-0.618630
2804	-1.813922
2805	-2.053495
2806	-2.515173
2807	1.107945
2808	-2.269731
2809	-2.245864
2810	0.540922
2811	1.071365
2812	1.531708
2813	1.556355
2814	1.206679
2815	-2.470583
2816	-2.178766
2817	-2.290182
2818	0.218510
2819	-2.691293
2820	-1.693513
2821	-2.455070
2822	-1.996166
2823	0.615057
2824	2.445668
2825	-2.192141
2826	-1.876528
2827	-0.621639
2828	-2.174204
2829	1.283831
2830	-2.478505
2831	-2.032628
2832	-2.553893
2833	-1.732605
2834	-1.957879
2835	-1.830512
2836	1.259856
2837	-1.190258
2838	-1.984651
2839	-1.824395
2840	-0.081310
2841	-0.849444
2842	1.775518
2843	-2.011466
2844	2.756186
2845	-1.703461
2846	-2.157720
2847	2.274232
2848	-2.368824
2849	2.168953
2850	-0.852281
2851	2.266635
2852	-1.896065
2853	0.757698
2854	-1.409569
2855	-2.493455
2856	-1.830061
2857	3.065449
2858	1.982306
2859	-1.929560
2860	-0.390509
2861	-2.019425
2862	1.716548
2863	0.411399
2864	-0.005803
2865	-1.318749
2866	-1.757037
2867	1.926561
2868	-0.886677
2869	-1.685346
2870	-2.679880
2871	-1.515776
2872	-1.906529
2873	-2.179810
2874	0.610902
2875	-0.494641
2876	1.116822
2877	-1.859015
2878	-1.360054
2879	-1.604678
2880	-1.468106
2881	0.697630
2882	1.590887
2883	-1.627941
2884	1.019263
2885	-1.890378
2886	-2.245604
2887	1.681549
2888	-1.781831
2889	0.541295
2890	1.877825
2891	0.973970
2892	-1.976947
2893	1.331931
2894	1.067900
2895	-2.525261
2896	-1.455039
2897	-0.243290
2898	-2.278846
2899	0.536706
2900	1.630686
2901	-2.618531
2902	1.164693
2903	-1.866628
2904	-1.378219
2905	-1.836901
2906	-1.480997
2907	-1.195274
2908	-1.869580
2909	-1.541442
2910	0.509219
2911	0.869422
2912	-2.106550
2913	-1.867126
2914	0.059828
2915	0.709601
2916	0.191479
2917	0.905471
2918	0.571573
2919	-0.897341
2920	2.406746
2921	-1.625164
2922	3.013292
2923	1.297653
2924	0.349547
2925	-1.857961
2926	-2.248185
2927	-1.157121
2928	-2.467553
2929	-2.274999
2930	0.940793
2931	-1.319839
2932	-2.108629
2933	-1.932904
2934	-0.793655
2935	-1.435823
2936	0.816038
2937	-2.480611
2938	-2.283726
2939	2.911053
2940	0.305228
2941	1.146473
2942	-0.188918
2943	-1.755558
2944	-2.817865
2945	-1.756834
2946	0.414642
2947	-2.056966
2948	-2.452278
2949	-2.088813
2950	-2.137208
2951	0.572060
2952	0.394248
2953	-1.849154
2954	1.627969
2955	-2.189606
2956	1.418375
2957	2.970771
2958	-1.560139
2959	-1.991706
2960	1.865844
2961	-1.444344
2962	-1.431496
2963	-2.019523
2964	-0.146549
2965	1.992614
2966	0.192854
2967	0.360213
2968	2.071542
2969	-2.120422
2970	-1.966415
2971	-1.590075
2972	-2.060503
2973	-1.546026
2974	-0.071013
2975	2.719681
2976	-1.973952
2977	-0.815241
2978	-2.070858
2979	-2.343853
2980	-2.120201
2981	0.959314
2982	2.588516
2983	-2.139165
2984	-2.031483
2985	2.398328
2986	-1.575745
2987	-1.239685
2988	1.260330
2989	-1.359209
2990	0.045902
2991	1.619466
2992	-2.381501
2993	-2.283710
2994	-1.202867
2995	-2.128705
2996	-1.241136
2997	2.281903
2998	-2.180176
2999	-0.044985
3000	-1.304285
3001	-2.072363
3002	2.182869
3003	-1.444987
3004	-0.236335
3005	-1.917215
3006	-2.121708
3007	1.003880
3008	-0.952107
3009	-1.652896
3010	-1.595549
3011	-2.241724
3012	1.203240
3013	1.711590
3014	-0.967181
3015	2.927417
3016	0.671647
3017	-2.198807
3018	-1.529717
3019	-1.408047
3020	1.286285
3021	-1.497903
3022	-2.004712
3023	-0.335318
3024	-2.184955
3025	2.107400
3026	0.725294
3027	-1.113243
3028	-1.778439
3029	-2.721244
3030	1.227066
3031	-1.231908
3032	1.411534
3033	-2.420518
3034	-1.719531
3035	-2.320600
3036	0.379778
3037	-2.188487
3038	-2.089925
3039	-2.120275
3040	0.794309
3041	-0.834656
3042	-1.048786
3043	-0.429646
3044	-1.797096
3045	-2.417472
3046	-3.267565
3047	-1.778669
3048	-1.792619
3049	1.006461
3050	0.240253
3051	-2.022750
3052	1.182858
3053	-2.195526
3054	1.183419
3055	-2.563488
3056	-2.778463
3057	1.768045
3058	-1.522309
3059	-1.663834
3060	0.781338
3061	-2.891910
3062	-2.124496
3063	0.501297
3064	-1.518425
3065	2.432606
3066	-2.164661
3067	1.970278
3068	-1.341663
3069	-1.903287
3070	-2.031833
3071	-1.616275
3072	-2.192769
3073	1.968875
3074	1.610750
3075	-1.670369
3076	-1.901647
3077	1.764679
3078	0.312960
3079	-2.265582
3080	0.340088
3081	-1.629007
3082	-1.591047
3083	0.518484
3084	-0.939180
3085	0.325750
3086	1.088779
3087	-1.725364
3088	-0.132387
3089	-1.887841
3090	0.308464
3091	-0.659122
3092	1.812883
3093	0.948167
3094	-1.835680
3095	-2.690433
3096	-1.765340
3097	-2.110295
3098	-2.686133
3099	-1.925737
3100	-1.828523
3101	0.903711
3102	-1.647853
3103	2.151961
3104	-2.525972
3105	-1.275836
3106	-2.042452
3107	-1.936058
3108	1.718975
3109	-1.788986
3110	-1.586880
3111	0.757196
3112	0.823390
3113	-0.498399
3114	-1.954954
3115	0.556152
3116	1.333910
3117	-2.039698
3118	-1.165938
3119	-2.320504
3120	-1.512923
3121	-3.538073
3122	1.192454
3123	1.501014
3124	-1.601626
3125	-1.450100
3126	-1.865040
3127	-1.326918
3128	0.494639
3129	-1.914699
3130	2.178950
3131	-0.567182
3132	0.024998
3133	-2.003122
3134	-1.562644
3135	0.864453
3136	-1.315195
3137	-1.739099
3138	-2.556948
3139	-2.049299
3140	-2.740047
3141	0.811623
3142	0.916631
3143	1.195938
3144	-2.218827
3145	-1.251434
3146	-0.876773
3147	1.050482
3148	-1.865865
3149	2.899437
3150	2.260057
3151	-2.166435
3152	1.217083
3153	-1.779087
3154	-1.407470
3155	0.872278
3156	-2.636881
3157	0.587588
3158	-2.582773
3159	-1.346410
3160	-2.379847
3161	-2.418490
3162	2.143003
3163	-2.100862
3164	-3.059645
3165	-0.263546
3166	-0.309185
3167	-2.418562
3168	-2.386391
3169	-1.661510
3170	2.327747
3171	-1.434601
3172	-2.476524
3173	1.138650
3174	-2.392982
3175	-2.417199
3176	1.317792
3177	-1.830421
3178	-2.550261
3179	1.037064
3180	-2.160013
3181	-1.790424
3182	0.720639
3183	-1.437233
3184	0.699221
3185	-0.231470
3186	-2.802324
3187	-0.729633
3188	-3.408182
3189	-1.402234
3190	0.150926
3191	1.556235
3192	2.676670
3193	-2.007142
3194	1.062870
3195	-1.436259
3196	2.274807
3197	-0.027269
3198	-1.650563
3199	-2.473881
3200	-2.215883
3201	-1.988828
3202	0.282042
3203	-2.615132
3204	0.571680
3205	-2.112351
3206	-1.217942
3207	-1.507059
3208	-1.941379
3209	-1.767883
3210	1.125847
3211	-2.167845
3212	2.382777
3213	-0.611598
3214	1.257858
3215	0.849815
3216	1.981987
3217	-2.797747
3218	1.478962
3219	-0.412028
3220	0.012624
3221	-2.224958
3222	1.286745
3223	-2.674592
3224	0.964759
3225	-2.278163
3226	-2.020139
3227	-2.017808
3228	-2.868171
3229	1.961000
3230	-1.911395
3231	-1.222745
3232	-0.591129
3233	-1.947438
3234	-2.707624
3235	-2.798506
3236	2.416312
3237	-2.137958
3238	-2.691529
3239	-2.703678
3240	3.708348
3241	-0.179544
3242	1.877016
3243	-1.759113
3244	-0.521836
3245	1.655860
3246	-2.303218
3247	1.670840
3248	-0.115775
3249	-2.280285
3250	-2.194509
3251	-2.502867
3252	-1.943352
3253	0.425739
3254	-1.798358
3255	1.179876
3256	1.594840
3257	-0.866248
3258	0.565336
3259	-2.777718
3260	-2.107874
3261	-2.197456
3262	1.261397
3263	-1.547210
3264	3.475439
3265	2.963637
3266	-2.129817
3267	-1.790430
3268	-1.984375
3269	1.411661
3270	0.467379
3271	-2.252572
3272	-1.103475
3273	-1.317646
3274	-1.780822
3275	2.144635
3276	0.604495
3277	-1.435334
3278	-1.704842
3279	-2.366937
3280	1.546958
3281	-1.982850
3282	1.998795
3283	-0.073317
3284	0.983853
3285	-1.812522
3286	-2.326709
3287	-1.826136
3288	-3.085793
3289	-2.645778
3290	-1.442892
3291	-2.638247
3292	-2.503654
3293	-2.225712
3294	0.830528
3295	3.107019
3296	-1.816381
3297	-2.509513
3298	-1.816450
3299	-1.738446
3300	-1.559348
3301	0.206896
3302	-1.180102
3303	-1.470822
3304	-0.751506
3305	2.009207
3306	-2.179119
3307	-1.786493
3308	-2.383276
3309	-1.301459
3310	-1.325522
3311	0.133703
3312	-1.655907
3313	1.779821
3314	-1.257954
3315	-2.116261
3316	-1.774104
3317	-1.705976
3318	0.774724
3319	-2.298568
3320	-1.503069
3321	-2.020941
3322	1.271266
3323	0.440665
3324	-2.186335
3325	-1.892298
3326	-2.401824
3327	-1.250715
3328	-0.351498
3329	-1.721634
3330	0.544136
3331	-1.766277
3332	-2.423807
3333	-2.277619
3334	0.504798
3335	-2.297536
3336	-1.580703
3337	0.897682
3338	-3.115339
3339	-1.240570
3340	0.743773
3341	-2.576203
3342	-2.614265
3343	1.395157
3344	-2.199430
3345	-0.485428
3346	-2.583371
3347	-0.858776
3348	-1.739171
3349	2.161372
3350	0.446164
3351	1.428040
3352	1.645682
3353	-1.905483
3354	0.527890
3355	-1.998906
3356	-1.819013
3357	-1.347538
3358	-2.860882
3359	-0.268624
3360	-1.873103
3361	1.064905
3362	-2.156773
3363	0.113777
3364	-1.911566
3365	-1.917321
3366	0.564796
3367	-1.428497
3368	-1.860243
3369	-1.792362
3370	0.235721
3371	0.649390
3372	-1.561694
3373	-1.850344
3374	-1.717752
3375	-1.863077
3376	-2.286603
3377	1.685564
3378	-0.936204
3379	2.128657
3380	1.425211
3381	-1.857260
3382	0.934566
3383	-0.513599
3384	-2.203653
3385	0.282619
3386	0.006711
3387	2.675354
3388	-1.529082
3389	-2.202617
3390	0.513155
3391	-1.319648
3392	1.112059
3393	-1.142837
3394	-2.916770
3395	1.295553
3396	-2.638545
3397	-1.616428
3398	1.449250
3399	-1.901023
3400	-1.522353
3401	1.509144
3402	-0.351068
3403	1.906762
3404	2.044476
3405	-0.471329
3406	-1.640118
3407	1.926813
3408	-1.598960
3409	-1.973485
3410	-2.060388
3411	-2.884584
3412	-1.480800
3413	-2.950317
3414	1.164465
3415	-0.156218
3416	0.401484
3417	-1.260511
3418	-2.007732
3419	-2.214965
3420	-0.318338
3421	-1.876260
3422	0.306697
3423	3.003325
3424	0.686805
3425	-2.554051
3426	2.450960
3427	-1.826387
3428	-2.324218
3429	-2.408024
3430	0.106641
3431	0.527743
3432	1.764652
3433	-2.019357
3434	0.265345
3435	-2.370722
3436	-3.497588
3437	-1.677974
3438	1.129942
3439	-2.197260
3440	1.015565
3441	-0.622009
3442	-1.908222
3443	-1.697893
3444	-1.504998
3445	1.987830
3446	-2.139974
3447	-0.568226
3448	-2.717648
3449	0.036959
3450	-1.562585
3451	-1.937218
3452	-2.712580
3453	0.533383
3454	0.266053
3455	-2.007653
3456	0.032156
3457	-2.484643
3458	-2.283139
3459	-2.003025
3460	-2.326219
3461	0.525484
3462	2.925220
3463	-2.057109
3464	1.258509
3465	-2.573716
3466	1.713028
3467	-2.012251
3468	-1.675763
3469	0.716552
3470	-1.273214
3471	-3.235907
3472	-1.857197
3473	0.446110
3474	-0.963465
3475	1.118989
3476	-2.782364
3477	-1.174633
3478	2.007870
3479	-1.755844
3480	-1.702804
3481	1.701665
3482	-2.931817
3483	0.554716
3484	-2.317592
3485	0.868794
3486	0.225005
3487	-1.713236
3488	0.581648
3489	-1.511380
3490	-1.264117
3491	-1.633004
3492	-1.506846
3493	-0.509305
3494	-1.992038
3495	2.947618
3496	-2.723391
3497	-2.214864
3498	-2.248137
3499	0.341282
3500	-2.194053
3501	2.025247
3502	1.730284
3503	-1.689067
3504	0.267474
3505	-2.766829
3506	1.390472
3507	0.914183
3508	0.832859
3509	0.091448
3510	-2.243109
3511	-1.866452
3512	-0.119735
3513	-0.078175
3514	-0.388476
3515	2.165008
3516	0.843098
3517	-0.320994
3518	1.257213
3519	2.653990
3520	-2.106375
3521	-2.121636
3522	1.650376
3523	-1.173408
3524	-1.889265
3525	-0.894192
3526	0.077021
3527	-2.167094
3528	-1.541310
3529	1.151817
3530	1.382311
3531	-1.619500
3532	-1.764634
3533	-1.670403
3534	1.308002
3535	0.011132
3536	-2.752655
3537	0.710949
3538	1.736522
3539	0.854805
3540	-1.362808
3541	0.822378
3542	-1.538069
3543	0.541548
3544	0.399624
3545	-1.248388
3546	0.901468
3547	1.481741
3548	-1.989690
3549	-2.167233
3550	-2.142503
3551	-2.608935
3552	0.624971
3553	-1.523402
3554	-1.997157
3555	3.510316
3556	-1.526556
3557	-2.241019
3558	-0.142247
3559	-1.414520
3560	1.927915
3561	-2.174686
3562	0.352371
3563	-1.906942
3564	1.814937
3565	-1.567239
3566	1.101634
3567	2.664385
3568	-2.400591
3569	-1.546116
3570	1.273700
3571	0.489700
3572	-1.537812
3573	-1.991943
3574	1.709772
3575	-2.317605
3576	0.274445
3577	-1.683142
3578	-2.385686
3579	-1.501798
3580	-2.609197
3581	-1.084118
3582	-2.017773
3583	1.391072
3584	-1.866368
3585	-2.471306
3586	-3.327801
3587	-1.330548
3588	-1.860161
3589	-2.064358
3590	-2.553847
3591	-1.504575
3592	-2.255306
3593	-1.970674
3594	0.660806
3595	-2.049960
3596	1.219527
3597	0.421820
3598	-1.896320
3599	-1.866456
3600	0.689885
3601	-1.618201
3602	0.834149
3603	-2.482042
3604	-1.929319
3605	-2.186184
3606	2.096828
3607	-2.744359
3608	1.253443
3609	-1.773356
3610	-2.500866
3611	-1.425059
3612	0.015564
3613	0.362988
3614	-1.440256
3615	-1.699702
3616	-2.668619
3617	0.158979
3618	-1.379094
3619	0.281868
3620	-2.087399
3621	-2.132217
3622	0.873070
3623	-1.695146
3624	-2.253425
3625	-1.601823
3626	-2.418187
3627	-2.104804
3628	-1.761947
3629	-0.258892
3630	2.321586
3631	-1.625150
3632	1.998204
3633	-3.411352
3634	-2.810436
3635	-2.296593
3636	-2.082992
3637	-2.459988
3638	-1.698895
3639	-1.884705
3640	-1.246406
3641	-2.799633
3642	-2.403491
3643	-1.366312
3644	-1.893069
3645	-1.820351
3646	0.167928
3647	0.837542
3648	0.785617
3649	-1.944808
3650	-2.549986
3651	-1.316459
3652	1.678437
3653	1.182463
3654	-1.819173
3655	1.826843
3656	-2.156722
3657	-1.936853
3658	-0.452561
3659	-1.613038
3660	-2.538824
3661	-1.058465
3662	1.249224
3663	-2.123342
3664	1.628590
3665	-2.398718
3666	1.473363
3667	0.261497
3668	-2.420335
3669	-1.535346
3670	-0.123093
3671	0.271808
3672	0.645239
3673	1.070814
3674	-1.735569
3675	2.297945
3676	-1.896767
3677	-1.871671
3678	-1.469077
3679	-2.033821
3680	2.730285
3681	0.343399
3682	1.980431
3683	1.023515
3684	-2.060908
3685	0.580000
3686	-0.102366
3687	1.805499
3688	-2.432498
3689	0.398641
3690	-2.133382
3691	-2.127650
3692	-2.721673
3693	-2.652283
3694	1.241435
3695	-0.003896
3696	-3.412386
3697	-2.056283
3698	0.709180
3699	-3.101441
3700	1.036006
3701	-1.661459
3702	1.531199
3703	-1.786229
3704	-2.125660
3705	0.545190
3706	-0.704729
3707	-0.268135
3708	-2.053642
3709	1.795840
3710	-2.096621
3711	1.489006
3712	-2.153263
3713	-1.845559
3714	1.395451
3715	1.927451
3716	-2.561737
3717	-1.857226
3718	2.332899
3719	-2.576647
3720	-1.339457
3721	1.140562
3722	-2.220534
3723	-2.111255
3724	-0.516909
3725	-2.151084
3726	-2.515391
3727	1.149073
3728	-0.903918
3729	-2.935708
3730	1.419944
3731	-1.523142
3732	-2.253543
3733	-1.915386
3734	-1.465592
3735	-2.035020
3736	0.949068
3737	-1.856394
3738	-1.208835
3739	2.385053
3740	-1.884122
3741	-1.998886
3742	1.220067
3743	-2.039544
3744	-2.459198
3745	-2.018999
3746	-2.564615
3747	-1.643076
3748	-2.186833
3749	-1.889988
3750	-2.451615
3751	-2.485164
3752	0.833474
3753	0.889147
3754	-1.415187
3755	-1.966919
3756	0.631622
3757	-1.324665
3758	0.385009
3759	-1.810280
3760	-2.063134
3761	-1.874253
3762	2.071924
3763	1.655080
3764	-1.629949
3765	-2.424078
3766	-0.469582
3767	-0.463473
3768	-1.647593
3769	2.471847
3770	1.438813
3771	-2.320424
3772	-0.256975
3773	1.294210
3774	-2.106232
3775	-0.215110
3776	-2.891906
3777	1.385425
3778	-1.867167
3779	-1.604384
3780	0.443751
3781	1.465736
3782	-2.231568
3783	-2.206049
3784	-1.906455
3785	0.685812
3786	-1.714455
3787	-1.046461
3788	0.592576
3789	-1.170006
3790	-2.337887
3791	2.672347
3792	-1.989395
3793	0.634640
3794	-2.039872
3795	2.371309
3796	-1.842354
3797	-1.901991
3798	-1.739188
3799	0.077005
3800	1.589847
3801	-1.272300
3802	-0.739861
3803	1.197655
3804	1.227111
3805	-2.349621
3806	1.538065
3807	-1.497560
3808	-1.669233
3809	-2.488576
3810	-2.086107
3811	-1.094295
3812	1.518322
3813	1.634852
3814	-2.490692
3815	-1.542026
3816	1.901086
3817	-1.036818
3818	-1.708750
3819	-1.414900
3820	-1.537906
3821	0.001516
3822	-1.830961
3823	0.376314
3824	-2.226669
3825	-1.869574
3826	-2.628622
3827	-2.856883
3828	0.869980
3829	-1.830775
3830	1.562831
3831	2.379441
3832	-1.671159
3833	2.636030
3834	-1.825951
3835	-2.016063
3836	-2.365866
3837	-2.998133
3838	-0.270864
3839	-2.676431
3840	-0.501020
3841	3.908906
3842	-1.204292
3843	-2.054890
3844	2.386480
3845	-2.420506
3846	-1.451711
3847	3.152087
3848	-2.167191
3849	1.380738
3850	0.210272
3851	-1.243238
3852	-2.574020
3853	1.126497
3854	-1.187383
3855	0.804330
3856	-2.077741
3857	-1.613419
3858	-1.872553
3859	-1.226839
3860	-1.963499
3861	-2.115523
3862	2.458666
3863	-0.652857
3864	1.659115
3865	0.446267
3866	-1.455807
3867	1.926187
3868	-0.291778
3869	-1.728767
3870	0.264672
3871	-2.237691
3872	0.201987
3873	1.317125
3874	-1.971883
3875	-2.048627
3876	-1.549376
3877	-2.880933
3878	1.914355
3879	-2.052966
3880	1.759643
3881	-1.793850
3882	-0.315757
3883	1.519999
3884	-2.690965
3885	0.378145
3886	-2.569681
3887	-2.346765
3888	-2.343573
3889	-1.423376
3890	1.692312
3891	0.845296
3892	1.043134
3893	0.642883
3894	0.945060
3895	0.551812
3896	-2.269184
3897	1.855832
3898	-2.210057
3899	-2.045432
3900	1.893995
3901	-0.946229
3902	-2.378885
3903	1.367805
3904	-1.920061
3905	-2.530785
3906	-1.326171
3907	0.416061
3908	-1.999426
3909	-0.002076
3910	-2.280973
3911	-2.751556
3912	-1.776189
3913	-2.517439
3914	0.883161
3915	-0.467620
3916	-1.655135
3917	-2.728310
3918	1.427264
3919	-1.779387
3920	0.319864
3921	-2.337023
3922	-0.446009
3923	2.087275
3924	-2.030802
3925	1.181623
3926	-1.983844
3927	1.607646
3928	-2.613634
3929	0.230940
3930	-2.176335
3931	3.033962
3932	-2.238563
3933	0.365513
3934	-2.528685
3935	0.611342
3936	0.587448
3937	-3.210075
3938	2.963996
3939	-2.341128
3940	-0.356046
3941	-2.300667
3942	-1.875152
3943	0.023487
3944	0.237112
3945	-2.356539
3946	-1.366775
3947	0.954880
3948	1.018109
3949	0.096566
3950	1.431256
3951	-1.984516
3952	-2.392002
3953	3.244903
3954	-2.381510
3955	-1.878047
3956	0.899585
3957	2.166552
3958	-1.948086
3959	-1.976749
3960	1.661345
3961	2.780175
3962	0.896474
3963	1.037212
3964	-1.876518
3965	-1.948610
3966	-1.681787
3967	0.965501
3968	-1.712104
3969	0.082674
3970	0.358243
3971	-1.891227
3972	0.742272
3973	-2.224780
3974	-1.914074
3975	2.244091
3976	1.517593
3977	2.339952
3978	3.337743
3979	1.202908
3980	-2.410006
3981	-1.804318
3982	-1.835335
3983	-1.562134
3984	-2.118210
3985	-1.481282
3986	-2.232505
3987	-2.348911
3988	-1.428353
3989	-1.493285
3990	-1.149474
3991	-1.661028
3992	-1.958876
3993	2.057676
3994	-2.102413
3995	-1.416506
3996	1.491466
3997	0.941390
3998	-2.261735
3999	0.070331
4000	-0.055865
4001	1.414130
4002	1.257467
4003	2.240271
4004	-2.447116
4005	-1.561109
4006	-2.421470
4007	0.314120
4008	-1.790894
4009	-2.222465
4010	0.331193
4011	1.009639
4012	0.889684
4013	-1.579618
4014	1.508004
4015	-2.629746
4016	-1.658932
4017	1.158569
4018	-1.841262
4019	-1.947483
4020	1.667700
4021	0.612730
4022	-1.422328
4023	-2.277791
4024	-2.333823
4025	-2.604365
4026	-2.105754
4027	-2.843752
4028	0.557979
4029	-1.725284
4030	-1.140775
4031	-2.002125
4032	1.372196
4033	-1.662082
4034	-1.983703
4035	-1.928699
4036	2.412335
4037	-0.039387
4038	-3.031486
4039	0.355373
4040	-1.681485
4041	-1.636226
4042	-2.021941
4043	-1.913335
4044	-1.669385
4045	-2.219442
4046	-2.153636
4047	-1.926100
4048	-1.970121
4049	-1.449972
4050	-1.565567
4051	-2.098304
4052	-1.899587
4053	0.346661
4054	0.170832
4055	-1.718376
4056	-1.436729
4057	-3.138096
4058	0.288053
4059	-1.490802
4060	-2.370653
4061	1.517164
4062	1.518814
4063	2.276094
4064	1.126830
4065	-1.611974
4066	0.978757
4067	-2.347612
4068	-1.844303
4069	-2.492933
4070	-1.980798
4071	-2.201189
4072	-1.831540
4073	1.658766
4074	-1.569743
4075	1.568047
4076	0.216448
4077	-2.043994
4078	-2.525654
4079	-2.049053
4080	-1.978448
4081	-1.558033
4082	0.443224
4083	-1.272494
4084	-1.732149
4085	-1.745830
4086	-1.810682
4087	-2.114497
4088	-2.045415
4089	-1.548041
4090	0.335832
4091	-2.020333
4092	-2.709670
4093	2.325713
4094	1.935699
4095	1.281915
4096	0.732069
4097	-2.331498
4098	1.269527
4099	1.249863
4100	0.787000
4101	-2.134732
4102	-2.607594
4103	-1.716867
4104	-1.576097
4105	-1.520324
4106	2.007408
4107	-2.176459
4108	4.183530
4109	1.019508
4110	-2.518477
4111	-1.135735
4112	1.724651
4113	-2.023743
4114	-1.866856
4115	-1.054245
4116	-1.367730
4117	2.016417
4118	-1.705068
4119	-0.163335
4120	1.406316
4121	-2.157719
4122	-2.696042
4123	-2.180660
4124	2.053889
4125	-2.152455
4126	1.679806
4127	-0.955636
4128	1.046092
4129	1.042644
4130	-2.046617
4131	2.338761
4132	0.808526
4133	1.633918
4134	-2.075537
4135	-1.760476
4136	-1.930052
4137	-0.645956
4138	-2.200588
4139	2.714193
4140	2.513621
4141	-1.669710
4142	-1.177399
4143	-2.796166
4144	-1.656672
4145	-2.448643
4146	-2.515263
4147	-1.373377
4148	-1.183973
4149	-1.918103
4150	-1.788803
4151	-1.286377
4152	1.395378
4153	-0.955255
4154	1.633929
4155	-1.621657
4156	-2.289378
4157	1.187459
4158	-2.116683
4159	-1.818155
4160	-0.970332
4161	-1.710004
4162	1.591802
4163	-0.647216
4164	-2.126062
4165	0.036399
4166	-2.183193
4167	-1.852792
4168	-1.555676
4169	-2.211061
4170	1.742034
4171	2.733459
4172	-2.690330
4173	-1.032425
4174	-2.388690
4175	-2.381570
4176	-1.588424
4177	-1.542857
4178	-0.162767
4179	0.084441
4180	0.716845
4181	-1.465452
4182	-1.881073
4183	-1.599401
4184	-2.235742
4185	-1.915147
4186	-2.882752
4187	-1.828038
4188	-2.079303
4189	0.844942
4190	-1.311157
4191	-1.537169
4192	0.670537
4193	0.885817
4194	-2.423913
4195	-2.174449
4196	0.380740
4197	1.284795
4198	1.708197
4199	-2.193096
4200	1.721414
4201	-2.555310
4202	-2.266383
4203	1.295123
4204	-1.669812
4205	-2.113535
4206	-2.090781
4207	1.386041
4208	2.404542
4209	-2.229449
4210	-1.811032
4211	1.889299
4212	-1.127150
4213	1.646627
4214	-2.036087
4215	-2.053648
4216	-1.905527
4217	-2.692045
4218	-1.707898
4219	1.748656
4220	2.048608
4221	-2.864189
4222	1.075358
4223	-0.381408
4224	-1.984402
4225	2.296401
4226	-1.463582
4227	-2.305702
4228	-1.782968
4229	-1.581890
4230	1.029937
4231	0.085642
4232	0.499332
4233	0.467023
4234	-1.690570
4235	-1.964429
4236	-1.620385
4237	-1.566797
4238	-2.236007
4239	-1.399712
4240	0.310912
4241	0.927670
4242	-2.651638
4243	-2.125668
4244	-1.366833
4245	1.428737
4246	1.033795
4247	-2.718892
4248	-2.538216
4249	-0.539006
4250	-0.688543
4251	1.045881
4252	-1.128089
4253	-1.631436
4254	-1.670740
4255	-2.798287
4256	0.267148
4257	0.426767
4258	-0.562343
4259	-0.948434
4260	1.382239
4261	1.574659
4262	1.369177
4263	-1.479734
4264	-2.825051
4265	-1.729428
4266	0.071187
4267	-1.880219
4268	-1.723894
4269	0.696596
4270	-1.924841
4271	-1.619131
4272	-1.022650
4273	-2.062221
4274	-1.879330
4275	-2.599559
4276	-2.374019
4277	-1.515243
4278	-1.882013
4279	-2.068729
4280	-2.330978
4281	-2.428492
4282	1.215667
4283	-2.650266
4284	1.234909
4285	-1.981270
4286	-3.137375
4287	0.001246
4288	-1.639800
4289	1.067269
4290	-2.615356
4291	-0.165627
4292	-2.422969
4293	-2.167621
4294	-1.789978
4295	-0.081449
4296	-0.352057
4297	-1.388791
4298	-0.293847
4299	-1.900049
4300	2.981595
4301	-2.251861
4302	-2.927227
4303	-2.037703
4304	1.887173
4305	-1.837908
4306	-2.160535
4307	1.836736
4308	-1.850818
4309	-2.474066
4310	-1.972831
4311	1.406389
4312	-2.829977
4313	-2.076578
4314	-1.396316
4315	2.105845
4316	-1.413478
4317	-2.789916
4318	1.563608
4319	-2.259775
4320	-2.252700
4321	-1.472773
4322	-1.614487
4323	0.600080
4324	2.366295
4325	-2.112268
4326	-2.124428
4327	1.943173
4328	-2.571014
4329	0.223548
4330	0.646377
4331	1.083946
4332	-2.136408
4333	-1.467009
4334	2.495799
4335	-1.871392
4336	-2.433442
4337	1.794216
4338	1.309993
4339	-2.743692
4340	-1.639694
4341	1.998860
4342	-2.232707
4343	-1.782017
4344	-1.802282
4345	0.505126
4346	-0.406039
4347	2.838456
4348	-1.794521
4349	0.030801
4350	-1.528242
4351	-3.286108
4352	0.727323
4353	1.233647
4354	-1.940495
4355	-2.416404
4356	1.445491
4357	-1.420158
4358	-2.591371
4359	0.532952
4360	1.156576
4361	-2.288447
4362	-1.267234
4363	0.414875
4364	-2.195480
4365	-2.821565
4366	0.642464
4367	-2.282199
4368	-2.539141
4369	-1.293719
4370	1.907810
4371	0.570306
4372	1.532421
4373	-1.240336
4374	1.172807
4375	0.496189
4376	-0.770218
4377	0.682453
4378	-0.684824
4379	-3.004117
4380	-1.480946
4381	-1.368343
4382	-2.390614
4383	1.670537
4384	-1.953202
4385	1.756447
4386	0.439371
4387	2.565846
4388	0.883734
4389	-1.260382
4390	-2.778098
4391	1.955309
4392	1.199075
4393	-2.777079
4394	-2.597573
4395	-1.110820
4396	-0.061261
4397	1.356871
4398	-1.826037
4399	-1.679196
4400	-2.410835
4401	-0.476587
4402	0.989473
4403	-2.756555
4404	0.953173
4405	-3.080211
4406	-1.781995
4407	2.439810
4408	-1.567761
4409	0.510981
4410	-1.777591
4411	-1.769685
4412	1.132156
4413	0.565972
4414	-2.181640
4415	-1.950038
4416	-2.412866
4417	-2.118578
4418	1.159056
4419	1.149750
4420	-2.940536
4421	-2.163621
4422	-1.922001
4423	-2.352257
4424	-2.291613
4425	-2.835808
4426	-0.057230
4427	-1.855029
4428	0.391000
4429	-2.285910
4430	-2.253481
4431	1.427979
4432	-0.398843
4433	-1.570015
4434	-2.015511
4435	-2.459240
4436	-1.655598
4437	-1.162534
4438	1.253416
4439	1.345225
4440	1.139346
4441	-0.594620
4442	-1.824011
4443	-0.540650
4444	3.893836
4445	1.589336
4446	3.076247
4447	-2.510739
4448	-1.486730
4449	-2.275896
4450	1.600194
4451	-0.778679
4452	-1.557874
4453	-3.170809
4454	-2.463021
4455	-2.196014
4456	-1.834244
4457	1.095502
4458	-2.854540
4459	2.004650
4460	-2.075509
4461	0.573504
4462	-1.556094
4463	-1.222644
4464	-2.210720
4465	-2.281921
4466	1.419566
4467	-1.458258
4468	0.413877
4469	1.304828
4470	-2.949571
4471	3.259562
4472	-2.567617
4473	-2.011823
4474	1.641108
4475	-0.177781
4476	-1.667776
4477	-1.675890
4478	-1.077171
4479	1.053763
4480	0.869213
4481	-1.450984
4482	0.398244
4483	-2.032560
4484	-2.145216
4485	-2.057329
4486	0.832390
4487	2.237273
4488	0.853841
4489	-1.636516
4490	-2.082863
4491	0.893700
4492	0.377651
4493	-1.736029
4494	0.005765
4495	0.441759
4496	1.633136
4497	1.169419
4498	-1.813532
4499	-2.330149
4500	-1.851045
4501	0.905956
4502	-2.231428
4503	-2.409192
4504	-1.334482
4505	-2.378366
4506	-2.858522
4507	3.021707
4508	-1.885241
4509	-2.183320
4510	-0.035412
4511	-2.343883
4512	1.381496
4513	1.189181
4514	-2.075638
4515	-2.746353
4516	-2.789437
4517	-2.377604
4518	0.614102
4519	-1.789743
4520	0.727733
4521	0.200573
4522	2.441539
4523	-1.591196
4524	-2.102699
4525	-2.997042
4526	-2.679055
4527	-2.439150
4528	2.366966
4529	-2.054502
4530	2.059963
4531	-2.306653
4532	-0.636729
4533	-2.626228
4534	-1.922556
4535	-1.550921
4536	0.361775
4537	-2.107793
4538	-1.819629
4539	-2.604152
4540	-1.327397
4541	1.288575
4542	-2.432508
4543	-1.851223
4544	-2.391517
4545	-1.652789
4546	-2.101471
4547	1.367555
4548	0.087314
4549	-2.253631
4550	1.359368
4551	1.959845
4552	-1.433542
4553	-1.632885
4554	-1.995596
4555	-1.588531
4556	1.231997
4557	2.767072
4558	1.090069
4559	-1.316756
4560	-2.845577
4561	-2.185303
4562	-1.418330
4563	0.872330
4564	-1.592563
4565	0.517032
4566	-2.487751
4567	1.486470
4568	0.153533
4569	-1.781789
4570	1.625572
4571	0.388452
4572	0.608689
4573	-2.339775
4574	-1.760446
4575	-2.075130
4576	0.861685
4577	-0.239259
4578	1.070137
4579	1.363491
4580	0.257829
4581	-2.260834
4582	-2.602770
4583	1.280616
4584	0.583437
4585	-2.405873
4586	1.144066
4587	-0.343071
4588	-1.331141
4589	-2.877964
4590	1.055327
4591	-2.450310
4592	0.768567
4593	-2.109755
4594	-2.185014
4595	-0.594428
4596	-1.785581
4597	-2.137902
4598	-2.974706
4599	0.593624
4600	-1.572844
4601	-1.817037
4602	-1.618165
4603	-2.691694
4604	0.383836
4605	-2.089625
4606	-1.904437
4607	1.340745
4608	-2.292022
4609	0.154740
4610	2.393352
4611	-1.692910
4612	-2.128316
4613	-1.975532
4614	-2.037763
4615	-2.013337
4616	-1.527486
4617	-1.687774
4618	-1.228244
4619	-2.276758
4620	-1.413514
4621	-2.067449
4622	-2.910270
4623	-1.907713
4624	-1.644475
4625	-1.854173
4626	-0.215374
4627	1.282738
4628	0.742888
4629	2.645609
4630	0.718612
4631	-2.169499
4632	-0.461665
4633	0.695662
4634	-2.159154
4635	-2.340993
4636	-2.086934
4637	-0.857703
4638	-0.967150
4639	-0.773310
4640	-2.037021
4641	-1.787018
4642	-2.584821
4643	-1.927298
4644	-1.506237
4645	-1.564737
4646	-0.700213
4647	1.249662
4648	-1.461333
4649	1.178311
4650	-2.233771
4651	-1.369517
4652	-0.253191
4653	-0.971246
4654	0.409065
4655	-2.104685
4656	1.106410
4657	0.057170
4658	-0.782490
4659	2.485492
4660	-2.364975
4661	-1.898008
4662	1.820930
4663	-2.449484
4664	-2.292807
4665	0.136245
4666	-2.191613
4667	2.843073
4668	0.601802
4669	-2.014167
4670	-1.781403
4671	1.122591
4672	0.379304
4673	3.053707
4674	0.268270
4675	1.502644
4676	-0.878090
4677	-1.570731
4678	-1.265551
4679	-2.229561
4680	0.381153
4681	0.939350
4682	-2.597921
4683	-1.812275
4684	0.219556
4685	-0.112072
4686	-2.084047
4687	-1.364291
4688	0.906650
4689	1.089322
4690	1.649939
4691	-2.212082
4692	0.829931
4693	-2.745579
4694	1.582586
4695	-1.914960
4696	-2.755529
4697	-1.305581
4698	-2.326557
4699	2.726913
4700	-0.147809
4701	-1.541792
4702	-1.642197
4703	-2.270084
4704	1.289951
4705	-1.830429
4706	-2.206799
4707	2.393433
4708	-2.427724
4709	-3.087841
4710	-2.052051
4711	-2.745175
4712	-1.957086
4713	-2.791193
4714	-2.523604
4715	0.397350
4716	0.047273
4717	-2.580308
4718	-2.301074
4719	2.332116
4720	-1.594056
4721	-2.170745
4722	1.809484
4723	1.315159
4724	-2.737362
4725	0.041496
4726	-0.085866
4727	-2.249320
4728	-2.481619
4729	0.209249
4730	2.521129
4731	2.178740
4732	-1.931327
4733	-2.540963
4734	-2.137920
4735	1.257791
4736	1.193450
4737	-2.426434
4738	-2.470005
4739	2.234948
4740	0.823681
4741	-1.497494
4742	-0.041332
4743	-1.966033
4744	-1.611088
4745	-2.216072
4746	-1.420581
4747	0.052307
4748	1.780111
4749	-2.514984
4750	1.028421
4751	0.886643
4752	-1.883185
4753	-1.740954
4754	-1.851918
4755	2.406497
4756	-2.214950
4757	0.919925
4758	2.823484
4759	-2.704377
4760	-2.909502
4761	-1.585715
4762	0.938022
4763	-2.899834
4764	-1.843024
4765	1.378283
4766	-2.061990
4767	1.210502
4768	1.219152
4769	-2.033914
4770	-1.368034
4771	-2.382051
4772	-1.207246
4773	-2.152160
4774	-2.014043
4775	-1.976534
4776	-1.766430
4777	-2.044189
4778	-1.736666
4779	0.180896
4780	0.922269
4781	2.024188
4782	-2.346303
4783	0.263171
4784	2.019294
4785	-2.356731
4786	-2.236188
4787	-1.641287
4788	-1.227416
4789	-3.016634
4790	-1.788327
4791	-0.465178
4792	-1.463809
4793	-2.028578
4794	0.711608
4795	1.640802
4796	-0.206246
4797	-1.841482
4798	-2.468267
4799	-1.226479
4800	-1.271910
4801	-1.232468
4802	0.728602
4803	0.481182
4804	0.806081
4805	1.711721
4806	-2.042681
4807	-2.664151
4808	-1.944983
4809	-1.900872
4810	-2.354217
4811	0.630465
4812	-1.340043
4813	-2.247480
4814	-2.083051
4815	-0.106704
4816	-1.647885
4817	0.818172
4818	1.220456
4819	1.071668
4820	-1.161980
4821	-2.349175
4822	1.265044
4823	-2.380827
4824	-1.972637
4825	-1.946998
4826	1.986907
4827	-1.767728
4828	-1.903961
4829	-1.953329
4830	2.102481
4831	1.630556
4832	-1.667312
4833	-1.206508
4834	-0.523496
4835	-2.803982
4836	0.670914
4837	-0.167797
4838	0.682409
4839	-2.036068
4840	-0.519449
4841	1.352585
4842	-2.277113
4843	2.839167
4844	-2.399512
4845	1.098846
4846	-1.581659
4847	-1.991961
4848	1.269980
4849	-2.020326
4850	4.119492
4851	-2.755231
4852	-0.928248
4853	-2.352435
4854	-0.882783
4855	-2.380426
4856	-1.445490
4857	1.193381
4858	-1.770178
4859	-0.814479
4860	1.905636
4861	0.862098
4862	-2.587577
4863	0.239237
4864	1.814664
4865	-0.881383
4866	-2.441183
4867	-1.972107
4868	-1.685350
4869	-2.429604
4870	-2.223129
4871	0.721221
4872	2.460322
4873	-1.420251
4874	0.630409
4875	-2.282289
4876	-1.077849
4877	0.446945
4878	0.646192
4879	1.354717
4880	-1.894360
4881	-2.595898
4882	0.529994
4883	0.879064
4884	-2.320532
4885	-2.061226
4886	-1.992866
4887	1.707841
4888	-3.783278
4889	0.888520
4890	-1.741413
4891	-3.029325
4892	-2.588629
4893	-1.380455
4894	-1.933321
4895	-1.708169
4896	0.594562
4897	-2.903677
4898	-2.881722
4899	-2.760357
4900	-2.380494
4901	-2.264148
4902	-1.814427
4903	0.552654
4904	2.535518
4905	-2.205038
4906	-2.286946
4907	-1.711112
4908	-2.657454
4909	-1.868051
4910	-1.842675
4911	-1.839550
4912	-1.155486
4913	-2.046793
4914	-2.263181
4915	0.827964
4916	2.705045
4917	1.175374
4918	2.036352
4919	1.899100
4920	-2.194760
4921	-2.278861
4922	-2.268853
4923	-0.825469
4924	2.104492
4925	-1.356673
4926	-2.466362
4927	1.269786
4928	-2.277471
4929	-0.656958
4930	-2.325981
4931	-1.762384
4932	-0.383111
4933	1.876154
4934	0.707271
4935	-0.656536
4936	1.322824
4937	-1.911003
4938	-2.341087
4939	1.467265
4940	-0.515712
4941	2.382699
4942	-0.388027
4943	-1.233727
4944	-2.298601
4945	-1.192162
4946	0.428322
4947	-2.177269
4948	1.038012
4949	1.330209
4950	0.842147
4951	-2.346062
4952	-2.165528
4953	-1.972410
4954	-0.761619
4955	-2.558705
4956	-2.593248
4957	1.702161
4958	-1.346478
4959	1.187911
4960	-1.981403
4961	-1.928279
4962	-2.635560
4963	-2.078937
4964	-1.829961
4965	-1.492113
4966	-0.816267
4967	-2.459483
4968	-2.462180
4969	0.697181
4970	1.976595
4971	1.891715
4972	-1.534777
4973	-1.711096
4974	-2.010710
4975	-1.978987
4976	0.589266
4977	0.507776
4978	-1.798189
4979	-2.356328
4980	-1.027936
4981	2.655334
4982	-1.584885
4983	2.495209
4984	0.634772
4985	1.149304
4986	-2.037963
4987	-1.910237
4988	1.411132
4989	-1.223064
4990	-1.456391
4991	1.181658
4992	-1.815132
4993	-1.994122
4994	-1.975260
4995	-2.664876
4996	-2.301688
4997	2.436001
4998	-2.017184
4999	0.745194
