0	-2.222949
1	-2.517316
2	-1.343834
3	0.793807
4	-1.572456
5	-2.301760
6	-2.434527
7	1.114036
8	1.178588
9	0.236143
10	0.229657
11	0.317689
12	-2.261111
13	-2.094342
14	-2.099815
15	1.830820
16	1.875254
17	1.964952
18	-1.967896
19	3.038028
20	0.764823
21	2.168168
22	1.761720
23	0.869879
24	-2.057084
25	0.923719
26	1.590200
27	-1.207085
28	-1.998693
29	-2.424395
30	-2.092721
31	0.582842
32	-2.390172
33	2.774995
34	-1.410096
35	0.896824
36	-1.253846
37	-3.242191
38	-2.953781
39	-1.453692
40	-1.146551
41	-2.841538
42	-1.438007
43	2.821938
44	-2.581860
45	0.596355
46	1.361281
47	-1.992651
48	0.205915
49	-1.648770
50	-2.033276
51	-1.994414
52	-2.436976
53	0.014432
54	1.265186
55	0.232968
56	0.654025
57	0.529900
58	-1.325487
59	1.761393
60	-1.337639
61	-1.273581
62	-1.249221
63	-2.483088
64	0.613524
65	-0.143744
66	1.472561
67	-2.066436
68	-2.076545
69	1.733601
70	1.566611
71	-0.412308
72	-1.401321
73	1.710727
74	-1.679196
75	-1.691130
76	-2.236782
77	-2.215728
78	-2.779926
79	-1.349299
80	-2.211133
81	0.332401
82	-2.030919
83	-1.042683
84	-2.506664
85	1.612450
86	-2.297250
87	1.207137
88	-1.657206
89	-2.959890
90	0.898149
91	-1.955233
92	-2.033817
93	2.109714
94	-2.402180
95	-1.680821
96	0.791811
97	0.054570
98	-2.253767
99	-1.858677
100	-3.244793
101	-3.054213
102	-2.416816
103	0.662853
104	1.435234
105	-1.950186
106	0.494977
107	-1.939911
108	-0.036816
109	-1.912703
110	-1.546035
111	-2.615876
112	-1.536243
113	-0.520014
114	-2.396949
115	-2.034889
116	0.692756
117	-2.157316
118	-0.802340
119	-1.284812
120	-0.913312
121	-1.384232
122	-2.040717
123	-2.838716
124	0.766625
125	2.807478
126	-1.763065
127	2.332629
128	0.925204
129	-2.923653
130	-3.214407
131	2.423130
132	-2.102545
133	1.712587
134	-1.339350
135	0.096714
136	1.150056
137	-2.362531
138	-1.948077
139	1.386932
140	1.986459
141	0.273821
142	0.860738
143	-2.752334
144	-3.052202
145	-1.944991
146	1.942877
147	-1.640365
148	0.727730
149	-2.702099
150	-2.890372
151	-2.471350
152	-2.117877
153	-1.738790
154	-2.248330
155	1.167583
156	-2.459451
157	-1.891634
158	2.361814
159	-1.176054
160	-2.376836
161	-2.400126
162	0.300129
163	-1.386356
164	-1.978140
165	1.002603
166	-1.954364
167	-1.394892
168	-0.182254
169	0.312567
170	-1.628793
171	0.531826
172	-1.861065
173	-1.287751
174	1.771467
175	-2.224785
176	-2.028121
177	-1.613673
178	-2.576025
179	-2.565069
180	1.642060
181	-1.809905
182	-1.889313
183	-0.466732
184	-3.008053
185	-0.360621
186	-1.831575
187	-1.673818
188	1.481622
189	-2.445829
190	-2.063140
191	-2.529695
192	-2.025169
193	-2.547766
194	-1.887416
195	-1.671969
196	-2.136238
197	-1.362093
198	-2.390076
199	0.768068
200	0.608988
201	1.723815
202	2.232202
203	1.361442
204	-1.987245
205	0.980352
206	-2.578686
207	1.138200
208	-2.470343
209	-2.044577
210	-2.015306
211	-2.026800
212	-1.525229
213	-2.514771
214	0.430020
215	1.121532
216	-2.538993
217	-1.829181
218	-1.839507
219	-2.635265
220	1.829890
221	-0.543151
222	-0.270099
223	-0.062048
224	-2.846313
225	0.737759
226	-0.044527
227	-0.525071
228	-2.392955
229	-0.699566
230	-3.036579
231	-1.843937
232	0.456887
233	-1.253084
234	-1.585598
235	-1.703396
236	0.521575
237	2.242981
238	0.563209
239	0.620271
240	1.909119
241	-2.022058
242	-1.928485
243	-1.748711
244	-1.904257
245	0.900942
246	1.251210
247	-1.260565
248	-1.761290
249	0.042240
250	-1.858723
251	-2.173272
252	-1.970348
253	-1.818788
254	-1.982325
255	0.832562
256	1.749454
257	-2.120111
258	-1.681601
259	-2.013680
260	0.498037
261	-2.153274
262	-1.670649
263	-2.017680
264	-1.754253
265	-1.373521
266	-1.855783
267	-1.975531
268	-2.453686
269	0.663349
270	-1.918401
271	-1.288637
272	-2.052394
273	0.253888
274	1.246161
275	1.391296
276	-1.444243
277	-2.189910
278	-1.878326
279	1.790565
280	-1.488040
281	-1.778492
282	1.234172
283	-1.366566
284	0.255767
285	-2.065845
286	-2.084040
287	-2.483983
288	-1.965882
289	1.742077
290	-2.269109
291	0.756074
292	-1.835568
293	-1.995868
294	-1.180974
295	1.048657
296	-1.637200
297	0.467274
298	-1.639803
299	-1.905650
300	-1.883351
301	-2.761461
302	-1.895014
303	0.330245
304	-2.700289
305	-0.098804
306	-1.040999
307	-2.202276
308	-0.678509
309	1.232344
310	-2.003925
311	-1.713377
312	-1.073852
313	0.013925
314	0.272745
315	-2.424217
316	0.855193
317	0.750439
318	-2.144034
319	-1.241554
320	-2.175643
321	-1.431952
322	-1.953178
323	-2.440533
324	-1.457292
325	-1.727390
326	-0.966368
327	-2.361569
328	0.688336
329	-1.434903
330	0.674806
331	0.313466
332	-2.607607
333	-1.665641
334	-2.712453
335	-2.814763
336	-2.817513
337	-2.201015
338	1.293375
339	-2.056014
340	0.898638
341	1.521519
342	-2.728829
343	-2.036820
344	-1.604432
345	-1.358853
346	-1.732890
347	-2.108140
348	0.042129
349	-2.783883
350	-2.664506
351	-0.961547
352	0.959631
353	-1.319256
354	-1.941828
355	-1.911997
356	1.519767
357	-2.741278
358	-1.919550
359	-2.053542
360	-2.286462
361	-1.416423
362	1.549531
363	2.114109
364	2.452772
365	-2.141472
366	0.765660
367	-1.864550
368	-1.771196
369	-0.001043
370	-0.060519
371	-2.189763
372	1.397603
373	2.211439
374	-2.547085
375	-2.011079
376	-2.415044
377	-1.751530
378	1.617499
379	-2.166823
380	-2.113493
381	-0.214231
382	-2.433181
383	-1.680162
384	-1.841240
385	-1.259129
386	0.883713
387	1.762449
388	-1.656288
389	-2.643909
390	1.816115
391	0.923818
392	-1.454823
393	-2.216817
394	0.942176
395	2.367631
396	-1.894220
397	-1.838731
398	-3.348973
399	-2.440743
400	-2.209163
401	-2.595819
402	-1.573996
403	-2.338912
404	-1.704452
405	1.884491
406	-1.078219
407	-2.025871
408	-2.086166
409	-1.805935
410	-1.597645
411	-1.652675
412	-2.038854
413	-2.927842
414	-2.056630
415	-1.922386
416	1.212938
417	0.168683
418	-1.983058
419	0.571673
420	-1.519108
421	-3.623462
422	-2.098000
423	-2.327242
424	1.977381
425	-2.018870
426	-1.309915
427	-1.135916
428	-0.129591
429	-2.546069
430	0.844896
431	1.028536
432	-1.603973
433	-1.736382
434	-2.769500
435	-0.948719
436	-2.034770
437	-1.799813
438	-0.636890
439	-2.602160
440	0.091150
441	-1.669247
442	-0.949470
443	1.161305
444	-1.954047
445	-1.947380
446	3.912645
447	-0.088888
448	-1.196556
449	1.563119
450	-1.660405
451	2.922054
452	-2.278143
453	0.966539
454	0.626233
455	-2.660975
456	3.078121
457	-1.924348
458	1.109678
459	-1.557753
460	-2.620288
461	-1.610161
462	-2.038278
463	-1.214523
464	-2.546114
465	-1.817053
466	0.819009
467	-1.416747
468	-1.398375
469	2.090849
470	-1.438196
471	-1.775380
472	0.884148
473	-1.304121
474	2.012136
475	-1.383045
476	1.217328
477	-2.238384
478	1.990507
479	-1.595548
480	0.328409
481	-2.142915
482	1.429758
483	2.065021
484	0.454727
485	-2.338514
486	1.032788
487	-1.881736
488	-1.545337
489	-1.566964
490	1.379896
491	-2.371166
492	-1.583257
493	-1.909658
494	-0.810793
495	-2.103554
496	-2.081600
497	1.380576
498	-2.067066
499	0.785584
500	-2.574400
501	1.588672
502	-2.274891
503	-0.870404
504	-2.348875
505	-2.004866
506	0.481504
507	-1.933189
508	-1.247770
509	1.134671
510	-1.454250
511	1.628774
512	-1.823260
513	1.805926
514	1.466296
515	-2.479339
516	-1.352716
517	-2.275954
518	1.886277
519	2.327438
520	-1.871478
521	-2.018911
522	2.295938
523	-1.888620
524	-2.067326
525	-1.788678
526	-2.898445
527	-1.122782
528	-2.758007
529	1.253081
530	-1.953198
531	-1.961098
532	-2.504712
533	0.698027
534	1.914048
535	2.104575
536	-2.041024
537	-2.810050
538	-1.298133
539	2.547227
540	-1.366847
541	2.079557
542	-1.436419
543	1.276813
544	-1.576766
545	-2.815448
546	-1.718254
547	0.318396
548	-2.027433
549	-1.964959
550	-0.012954
551	-2.106527
552	-1.613627
553	-1.652092
554	-2.706906
555	-2.698498
556	-2.083695
557	-2.199931
558	-1.101001
559	-1.917310
560	-2.422188
561	2.255340
562	0.067089
563	-2.472512
564	-3.208745
565	2.703138
566	-2.093114
567	2.246649
568	-2.008825
569	-1.404816
570	-1.618607
571	1.416804
572	-1.630710
573	0.358949
574	-1.644382
575	0.511413
576	-2.338175
577	-1.727450
578	-2.309961
579	1.373197
580	1.904899
581	-0.196113
582	-2.639564
583	0.750271
584	0.731373
585	-1.271384
586	0.953974
587	-1.394325
588	1.277452
589	-0.258911
590	-0.110880
591	-2.237328
592	-2.702024
593	1.495565
594	-1.476105
595	2.173820
596	-1.683058
597	-1.961429
598	0.570912
599	-0.176572
600	-1.690816
601	-1.484059
602	-2.145838
603	-3.078586
604	-1.133449
605	-0.114597
606	-1.517503
607	-2.277749
608	-0.140632
609	2.101602
610	-1.979338
611	-2.085446
612	2.026229
613	-1.616343
614	0.507115
615	2.008818
616	0.082430
617	1.207181
618	-1.960172
619	1.747957
620	-1.807407
621	-1.397612
622	-1.833014
623	0.423902
624	0.572265
625	0.423053
626	-1.590212
627	2.012517
628	1.747840
629	-2.226843
630	0.650365
631	-0.448075
632	1.014522
633	1.007838
634	-0.179670
635	-1.580800
636	-1.262096
637	-2.599697
638	0.675619
639	0.324249
640	0.730846
641	-1.936796
642	-0.797291
643	0.974825
644	-1.415533
645	-1.519549
646	-1.443918
647	-1.717826
648	-2.016670
649	-1.329256
650	-2.565019
651	-1.482758
652	-1.687336
653	2.846546
654	-1.836928
655	0.388094
656	1.734725
657	2.135628
658	-2.425240
659	0.455277
660	-1.143380
661	-2.395120
662	-1.203611
663	-2.009232
664	1.720626
665	-2.261062
666	-1.664695
667	1.009560
668	-2.104855
669	-1.941068
670	-2.534114
671	-1.455035
672	-1.354176
673	-1.794844
674	-1.297695
675	-1.863411
676	1.335490
677	2.688997
678	-2.372189
679	0.405826
680	1.485798
681	-1.616810
682	-2.246989
683	-2.298863
684	1.007339
685	1.330671
686	1.564121
687	-1.819166
688	0.783542
689	-2.390365
690	-1.984905
691	-1.629420
692	1.170444
693	1.261236
694	-1.497305
695	0.885133
696	-2.722832
697	1.034111
698	0.312076
699	-2.357285
700	1.484363
701	-2.353361
702	-1.810436
703	2.154851
704	2.222214
705	-1.626485
706	1.283964
707	1.729466
708	0.412261
709	-2.179073
710	-2.600760
711	2.185894
712	-0.114293
713	-1.909563
714	-0.916967
715	-1.338290
716	-2.633503
717	-2.373671
718	-1.064257
719	-1.196192
720	-2.303891
721	-2.407747
722	-1.217797
723	-0.066864
724	1.330014
725	1.031655
726	1.934054
727	2.050753
728	0.664732
729	-2.905075
730	1.586885
731	-1.712988
732	-1.614543
733	-2.871227
734	1.048175
735	-2.998369
736	-1.461725
737	-1.538817
738	-2.607931
739	-2.108157
740	-1.403548
741	-1.169526
742	-0.185520
743	0.240118
744	-1.694222
745	-2.411776
746	-2.271317
747	-2.013025
748	-2.107626
749	-0.615286
750	-1.971487
751	1.192721
752	-0.948919
753	-1.698508
754	-2.749085
755	-1.791776
756	3.104978
757	-1.218352
758	-2.083945
759	-2.296612
760	-2.911893
761	-2.918543
762	-2.451868
763	-2.086251
764	1.123915
765	-1.681700
766	2.378415
767	1.577183
768	-0.638468
769	1.498463
770	0.089669
771	3.007579
772	2.107235
773	-1.203265
774	-2.214032
775	0.952052
776	1.683877
777	-1.271540
778	-2.123811
779	-1.442166
780	2.241738
781	0.081613
782	1.303210
783	-1.554873
784	-1.709978
785	-1.766802
786	-1.131283
787	-2.271842
788	-2.433626
789	0.194382
790	0.201709
791	-1.943397
792	1.869925
793	-2.982383
794	0.555135
795	-1.541007
796	0.997817
797	1.540881
798	-2.079273
799	0.162784
800	-0.359928
801	1.101101
802	-2.071766
803	-1.298183
804	1.298016
805	0.013729
806	-2.091820
807	1.065355
808	1.937388
809	-2.809852
810	-1.985523
811	0.648742
812	3.162180
813	-1.557065
814	-2.058673
815	-1.834530
816	-1.487503
817	1.432456
818	0.186333
819	-1.510460
820	2.055084
821	0.364193
822	1.012642
823	2.814547
824	1.095095
825	-2.362120
826	-1.728147
827	-2.235336
828	-1.085192
829	-2.137671
830	2.457275
831	-1.749988
832	-1.429290
833	-1.989284
834	-2.022433
835	-2.025002
836	-1.917608
837	1.461960
838	-1.373292
839	-3.113787
840	-0.146008
841	-2.078780
842	-2.740170
843	-1.845046
844	-0.216703
845	0.083820
846	0.556788
847	-2.108463
848	-1.373651
849	-2.243445
850	-2.146050
851	1.642492
852	-2.970343
853	1.615154
854	-1.925384
855	-1.211168
856	0.673696
857	-0.766550
858	0.866617
859	2.103299
860	-0.288010
861	-1.618887
862	-2.234326
863	-1.809591
864	-1.488387
865	0.569275
866	-2.175034
867	-1.984867
868	-3.111606
869	1.038178
870	-2.162401
871	-2.071367
872	-2.319157
873	-1.781426
874	-0.505656
875	-2.610031
876	-2.043908
877	-2.487949
878	-1.997327
879	2.043565
880	-1.537931
881	-1.793952
882	-2.492724
883	-2.913586
884	1.249423
885	-1.532326
886	1.462255
887	2.722204
888	-1.525576
889	-1.829516
890	-2.243527
891	-1.892052
892	-2.426013
893	-1.567501
894	0.802061
895	-1.000344
896	-2.087264
897	-1.691777
898	-0.920330
899	-1.734414
900	1.786480
901	0.127041
902	-1.436104
903	-0.690034
904	0.104290
905	2.610287
906	2.428502
907	-1.627567
908	-1.316186
909	-2.323520
910	0.368417
911	-2.385795
912	1.262206
913	-1.531450
914	3.171588
915	-1.201335
916	0.479404
917	-1.793394
918	0.958248
919	-0.767217
920	0.904414
921	-1.562423
922	-2.355206
923	0.054717
924	-1.540556
925	-1.902404
926	-1.704260
927	0.660099
928	-2.690830
929	0.208597
930	2.840746
931	2.213753
932	-2.310902
933	1.439817
934	-1.954036
935	-2.176319
936	-2.304509
937	-3.007944
938	0.378134
939	0.395820
940	1.445736
941	-1.384803
942	-1.201606
943	-2.209864
944	2.067238
945	-1.624967
946	-2.623211
947	0.761230
948	-1.779788
949	0.276525
950	-1.201001
951	-1.373205
952	-1.136830
953	-2.065806
954	-1.899821
955	-2.167139
956	-0.149208
957	-1.775618
958	0.954108
959	1.124163
960	-0.589769
961	-1.899061
962	-1.382521
963	-2.018551
964	0.977887
965	-1.814751
966	-2.213072
967	-1.676997
968	-2.144609
969	-2.096708
970	-2.486107
971	-2.664241
972	-1.933783
973	-2.321322
974	-1.900975
975	1.925352
976	-0.227596
977	-2.165593
978	-2.103288
979	-1.640287
980	-2.364905
981	-1.556621
982	1.408871
983	-3.001018
984	-2.064580
985	0.429232
986	-1.495424
987	-2.517061
988	-2.103728
989	0.652667
990	-2.007478
991	1.414426
992	-2.520935
993	-3.332015
994	-1.354527
995	-2.802929
996	-0.648126
997	-2.157310
998	-1.973002
999	2.942597
