0	-1.716803
1	-2.894929
2	1.419030
3	-2.326802
4	-1.869458
5	-2.690103
6	-2.107588
7	1.812670
8	1.191893
9	1.390649
10	-2.052594
11	-1.672854
12	-1.582243
13	-2.945437
14	-2.734297
15	-2.286548
16	0.585906
17	-0.747873
18	1.121850
19	1.278534
20	-1.966080
21	1.074662
22	-2.360591
23	-1.818241
24	-0.431381
25	-1.883322
26	1.915248
27	-2.816479
28	2.957497
29	-3.050975
30	1.218331
31	-2.218733
32	0.725453
33	-1.567847
34	-2.284202
35	-1.046363
36	1.843607
37	-1.672577
38	-2.109692
39	-1.467443
40	-2.660565
41	1.114137
42	-1.960003
43	2.037252
44	-2.565737
45	2.728852
46	0.437269
47	0.607423
48	-1.442102
49	2.726128
50	0.524092
51	-0.963902
52	-1.191697
53	-1.202068
54	-2.054579
55	1.496116
56	1.796679
57	-2.200407
58	1.817591
59	-2.751115
60	-1.068447
61	1.792669
62	-2.305063
63	0.437027
64	-1.617407
65	-1.623640
66	0.438574
67	-2.171026
68	0.410348
69	0.945786
70	-2.013668
71	-2.646036
72	-2.526235
73	-0.082324
74	1.706368
75	-1.674685
76	-2.099079
77	-1.572588
78	-1.692281
79	-2.605347
80	-0.759837
81	-1.422843
82	-2.667948
83	-2.605204
84	2.130125
85	1.982427
86	-2.951628
87	-1.776636
88	0.352381
89	-1.684177
90	0.927535
91	-2.893953
92	0.382041
93	-0.104477
94	-2.340036
95	0.188312
96	-1.462276
97	2.779775
98	0.913628
99	-1.666888
100	-2.764387
101	0.221433
102	-2.326036
103	1.435429
104	-1.498259
105	-2.869599
106	-1.970778
107	-1.896651
108	0.288802
109	-1.421037
110	-1.852019
111	-1.866681
112	-1.489018
113	-2.517698
114	-1.687335
115	-2.472156
116	-2.228099
117	-2.021730
118	-1.947769
119	-1.403740
120	3.286926
121	-0.400874
122	-3.075558
123	-2.213441
124	-1.379353
125	0.789437
126	-0.343575
127	1.299279
128	-0.259073
129	1.454921
130	0.291131
131	2.269396
132	-1.456511
133	-1.322051
134	-2.419455
135	-2.019015
136	1.368705
137	0.539569
138	0.942129
139	-2.364370
140	0.353084
141	-2.433840
142	-2.014583
143	-0.032368
144	-1.702408
145	-1.866193
146	1.114165
147	-1.378665
148	-1.106083
149	-2.872123
150	-1.657862
151	0.204585
152	-0.166879
153	1.841742
154	-1.710155
155	-1.976446
156	-0.169259
157	-1.892934
158	-2.222037
159	0.802589
160	0.114510
161	-1.496968
162	-1.861708
163	1.621825
164	-2.392917
165	-2.110210
166	1.091125
167	1.629477
168	-2.387920
169	-2.303319
170	0.627510
171	-0.877074
172	1.040482
173	-1.810832
174	-2.303622
175	-1.881245
176	-2.051434
177	1.940777
178	-1.367561
179	-3.109489
180	-1.844706
181	0.479528
182	1.045986
183	0.242188
184	1.272207
185	-2.903085
186	-3.239840
187	-1.760177
188	-0.830566
189	2.534687
190	-1.872873
191	0.337896
192	-2.407649
193	-2.896297
194	-1.669031
195	-1.481577
196	-1.342632
197	-2.269844
198	-1.631628
199	0.519510
200	-2.640650
201	-2.239407
202	-2.801640
203	-1.870385
204	-1.728917
205	2.093431
206	-2.446049
207	-1.860732
208	-1.612429
209	-1.513625
210	-1.906166
211	-1.461808
212	-1.310750
213	-1.879088
214	-2.140933
215	-2.875544
216	-2.488106
217	-1.906714
218	1.660022
219	-1.183363
220	-2.538115
221	0.311861
222	1.552541
223	0.160490
224	2.422262
225	1.647843
226	-1.511304
227	-0.237596
228	-0.212803
229	-2.087210
230	0.988323
231	-2.018906
232	0.521257
233	-2.394676
234	-1.871478
235	-1.893571
236	-1.593964
237	0.696255
238	-1.534896
239	-0.937342
240	-1.730278
241	-1.006943
242	-1.888872
243	0.310414
244	-2.208861
245	0.612761
246	-0.157452
247	0.197833
248	-2.084810
249	-2.704755
250	-2.740601
251	-2.216076
252	-1.081529
253	-2.206449
254	-2.065219
255	-2.248876
256	-1.987610
257	0.110889
258	-2.315745
259	-2.796325
260	-2.159514
261	0.855615
262	-2.168571
263	2.089173
264	0.995127
265	-2.075572
266	-2.153818
267	0.133419
268	0.417827
269	-1.788719
270	1.608796
271	-2.359755
272	0.769571
273	-0.922488
274	0.894971
275	-1.463809
276	-1.870150
277	-2.821079
278	-2.674580
279	2.281122
280	1.359483
281	-0.229533
282	-1.549257
283	-1.984990
284	-2.830930
285	3.227128
286	1.530699
287	-1.512721
288	-1.747941
289	1.055462
290	-1.983069
291	2.626760
292	-1.874635
293	1.835859
294	0.857905
295	1.563178
296	-0.844202
297	-2.209963
298	-1.554938
299	-1.974169
300	-2.374589
301	-2.081114
302	0.569604
303	-0.497901
304	-2.065093
305	1.254785
306	-1.939128
307	-1.917327
308	0.753248
309	-1.757372
310	-2.074101
311	-1.958804
312	-2.258299
313	-1.670155
314	-1.255503
315	-2.048648
316	-1.754972
317	-2.679216
318	0.416748
319	0.088415
320	-2.405972
321	-1.450593
322	1.468483
323	-1.935549
324	1.419437
325	-1.866383
326	-0.173680
327	1.602190
328	-0.404619
329	-2.068481
330	2.091716
331	-1.410405
332	-0.185579
333	0.669187
334	2.055976
335	-2.210666
336	-2.967483
337	2.314145
338	-1.441920
339	-2.623760
340	-2.527427
341	-1.989792
342	-1.717460
343	0.026280
344	0.258772
345	1.042439
346	1.129379
347	-2.618134
348	-2.776075
349	-2.035431
350	3.473204
351	-2.248268
352	-2.585428
353	-2.382705
354	0.236208
355	1.484563
356	2.179888
357	-1.513831
358	-0.561429
359	-1.671335
360	0.880940
361	0.414395
362	-0.972525
363	-2.838448
364	-2.445014
365	1.536850
366	0.964772
367	1.865280
368	-1.739299
369	0.472033
370	-1.851778
371	-1.752067
372	0.987195
373	-1.502922
374	1.491338
375	1.428736
376	0.421124
377	1.794872
378	-0.948182
379	-0.381720
380	-0.164563
381	-1.753871
382	-1.775614
383	-0.450098
384	-1.536927
385	1.539052
386	0.244358
387	-0.120883
388	-2.390393
389	-1.564151
390	-2.014829
391	0.189058
392	-1.808683
393	0.181296
394	-1.847150
395	-1.738332
396	-0.271480
397	-2.355453
398	1.846242
399	1.820757
400	-1.619556
401	1.126591
402	-2.042779
403	0.824836
404	-1.743639
405	-2.164273
406	-2.289521
407	-2.091910
408	2.662492
409	-2.801477
410	1.140065
411	-2.175037
412	-1.268874
413	-1.865568
414	-2.333277
415	-0.549321
416	-2.256372
417	-2.800889
418	1.835149
419	-1.693073
420	1.639819
421	-2.887018
422	0.444153
423	-2.396620
424	1.966219
425	-1.960891
426	0.532463
427	-0.925645
428	0.496877
429	1.341581
430	-1.584846
431	-1.933148
432	0.588863
433	-2.270855
434	-3.030295
435	-2.080106
436	-1.915015
437	-1.868527
438	-1.651065
439	-1.545767
440	-0.145829
441	1.942006
442	1.679491
443	0.459233
444	-2.136051
445	1.849034
446	-2.885594
447	0.757523
448	-1.750007
449	1.102614
450	-2.578038
451	2.712839
452	-1.665795
453	-1.856928
454	-1.308180
455	2.426292
456	-1.834017
457	0.118485
458	0.056929
459	-2.083452
460	-2.344594
461	1.531743
462	-1.492924
463	-0.185801
464	-1.876864
465	2.044850
466	-1.535414
467	-2.281035
468	-1.828762
469	-1.927452
470	-2.787325
471	-1.694608
472	-2.063633
473	-1.203614
474	-2.104071
475	-2.438269
476	-2.265407
477	-0.191770
478	-1.908088
479	2.286578
480	0.957860
481	2.472714
482	-1.281742
483	0.120511
484	-2.007179
485	0.771112
486	1.866345
487	-1.080616
488	-1.946179
489	0.855644
490	0.869886
491	-2.138078
492	0.096638
493	-2.027178
494	0.630654
495	-2.664391
496	-1.665297
497	0.147656
498	2.108976
499	1.665611
