0	-1.633629
1	-2.668530
2	-2.532597
3	1.717506
4	1.251038
5	-0.252727
6	1.253085
7	-0.780029
8	-1.495642
9	-1.455215
10	-2.274107
11	1.349216
12	-2.792714
13	0.344597
14	-2.387940
15	1.960129
16	-2.372586
17	-1.302267
18	-1.730533
19	-0.593549
20	0.402232
21	0.654214
22	2.784820
23	-0.954104
24	-0.404038
25	-2.157288
26	1.012422
27	-1.684540
28	-1.673427
29	-1.977590
30	0.642665
31	1.208400
32	-3.094417
33	-2.540357
34	0.463150
35	-2.652370
36	0.585086
37	-2.529626
38	1.809502
39	-2.931411
40	-2.177687
41	-1.848328
42	1.195361
43	1.135665
44	-2.288494
45	0.466155
46	2.060731
47	0.711539
48	-2.039849
49	-1.328600
50	-2.672167
51	1.072421
52	1.961695
53	-1.922380
54	0.583263
55	0.670885
56	0.833945
57	0.356318
58	2.223328
59	-1.649988
60	-2.667758
61	-2.577141
62	0.855560
63	2.024182
64	-2.134037
65	-0.142768
66	0.159367
67	-1.896168
68	-1.855956
69	-0.587673
70	-2.984740
71	-1.690251
72	-1.491402
73	-2.080387
74	-1.688662
75	-1.859292
76	-1.251704
77	-0.407061
78	-0.769502
79	0.300525
80	-1.447443
81	-1.673853
82	1.875557
83	-2.341346
84	-1.839910
85	1.969473
86	1.502220
87	-2.163349
88	0.238255
89	-1.566683
90	-1.712786
91	-1.815041
92	-2.004297
93	-2.725002
94	-2.605133
95	-1.832699
96	0.310241
97	-1.232094
98	-2.294450
99	1.194218
100	1.852264
101	-1.798411
102	-0.627164
103	-1.867633
104	-0.761932
105	-2.721773
106	-0.046469
107	1.189794
108	1.242443
109	-2.205813
110	-2.217684
111	-2.001431
112	-2.309782
113	-1.593546
114	0.060937
115	0.875950
116	-0.668996
117	-2.657937
118	0.896161
119	-1.689024
120	-1.981769
121	0.613456
122	0.714038
123	2.917751
124	-1.852185
125	-2.538302
126	-2.070364
127	0.281726
128	2.689982
129	1.632098
130	-1.547758
131	-2.858282
132	1.740205
133	-2.352109
134	-1.147142
135	-2.127953
136	-1.286229
137	-2.178545
138	2.797972
139	-2.119045
140	-0.486714
141	0.623042
142	-1.255627
143	-2.038881
144	0.888127
145	-0.523489
146	2.117954
147	-2.076077
148	-1.720818
149	-2.421525
150	-2.566500
151	0.974268
152	-1.695531
153	1.640138
154	-2.938390
155	-1.782207
156	-1.207179
157	1.204934
158	-2.492015
159	-2.250520
160	-0.264435
161	-1.907920
162	2.051200
163	-1.964567
164	2.650610
165	0.756408
166	-0.491305
167	-2.446570
168	-1.286330
169	-1.740056
170	1.138007
171	0.966870
172	-1.986578
173	1.577197
174	0.953643
175	-0.161382
176	2.324544
177	-2.453333
178	-1.988134
179	-2.164822
180	-1.908366
181	2.627171
182	-2.104367
183	-0.135483
184	-2.263657
185	-2.689327
186	-0.385865
187	-2.065665
188	1.956622
189	-1.070206
190	-0.468817
191	1.493290
192	1.322336
193	-1.556995
194	-2.622635
195	-2.409562
196	2.152858
197	0.564045
198	-1.917323
199	-2.394602
200	2.674441
201	-2.371145
202	-2.003192
203	-2.213972
204	0.062359
205	1.865280
206	-0.359346
207	-1.818967
208	0.702336
209	-0.838111
210	-1.864147
211	-2.470996
212	0.217182
213	-2.622527
214	-1.427388
215	-2.751429
216	-1.834734
217	-1.904260
218	-1.026913
219	1.321505
220	0.965156
221	-1.718747
222	-2.113708
223	-0.834646
224	-1.605859
225	1.619920
226	-2.092606
227	0.858875
228	-1.683851
229	-2.329897
230	-2.049694
231	1.408820
232	-2.039408
233	-2.338792
234	-1.624507
235	-2.119093
236	-0.202262
237	1.065583
238	2.311198
239	-2.539527
240	0.090671
241	-1.737855
242	-2.591921
243	-1.321840
244	-2.216742
245	2.976376
246	-1.875394
247	1.226922
248	-2.109673
249	-2.366292
250	1.565600
251	3.351259
252	-2.178440
253	-1.151881
254	-2.875145
255	-2.153260
256	0.991482
257	-1.859128
258	-1.562807
259	1.981833
260	-3.161990
261	-2.109523
262	0.635022
263	-2.366045
264	-2.458725
265	-1.567078
266	-0.842312
267	-1.875761
268	2.424945
269	0.089514
270	-2.429004
271	-1.607224
272	1.347687
273	-2.087374
274	-1.796237
275	-2.344432
276	0.097894
277	-1.796838
278	2.889516
279	1.552353
280	-1.703007
281	-1.899670
282	1.663456
283	0.801061
284	-2.093959
285	2.266560
286	-0.186515
287	-1.623091
288	-2.654908
289	-0.375164
290	2.645032
291	-2.416155
292	-2.579192
293	-1.963424
294	0.313196
295	1.287601
296	-2.561803
297	0.539152
298	0.461906
299	2.671437
300	-1.900696
301	-1.574197
302	-2.130319
303	1.753591
304	-0.517917
305	-1.857318
306	-1.318943
307	-1.847040
308	-2.360848
309	-1.844921
310	-1.861318
311	-2.981447
312	-2.900698
313	-0.165835
314	-0.228582
315	2.323375
316	-0.809466
317	-1.523948
318	-1.637934
319	-2.541668
320	-1.682786
321	1.236410
322	2.060764
323	1.622982
324	-0.332374
325	-2.338672
326	0.518466
327	1.734278
328	-2.167774
329	-2.728563
330	-1.792222
331	-1.624932
332	-2.216932
333	-1.887499
334	0.479362
335	-1.333770
336	-2.689170
337	-2.244209
338	-2.478791
339	-1.167020
340	-2.370403
341	-2.260782
342	-1.627270
343	-0.189660
344	-2.412470
345	2.311880
346	-2.109205
347	1.857914
348	1.067655
349	-2.093292
350	-1.994037
351	-2.300359
352	-2.538658
353	0.503093
354	-2.153717
355	-1.911200
356	-1.843443
357	1.123362
358	3.346613
359	0.690506
360	0.848461
361	-1.387798
362	1.193775
363	-1.694856
364	0.825651
365	1.410140
366	1.987051
367	0.939234
368	-2.084588
369	-2.574142
370	-2.583178
371	3.033943
372	-1.787995
373	-1.793149
374	-0.485960
375	-2.073801
376	-2.145995
377	1.174137
378	0.920787
379	-2.617309
380	1.174696
381	1.065615
382	0.647889
383	-1.978537
384	-1.734308
385	-1.720661
386	-2.447676
387	0.684851
388	0.900536
389	-2.594816
390	0.786194
391	-2.156826
392	-2.007939
393	-1.816624
394	-1.849938
395	-2.127965
396	-2.691035
397	1.129823
398	-1.206777
399	-2.330413
400	-1.827458
401	1.472246
402	-1.768972
403	0.249455
404	-1.326448
405	3.022638
406	-2.361912
407	-2.288576
408	0.127929
409	-1.490621
410	-2.453101
411	-1.883545
412	-2.301582
413	1.949157
414	-2.065551
415	1.270390
416	-0.377948
417	-1.962748
418	-2.247205
419	2.023955
420	-1.315272
421	-1.417639
422	-2.770510
423	-2.454480
424	-1.848089
425	-1.981024
426	-1.014395
427	-0.840047
428	-1.987018
429	-1.963694
430	1.772571
431	-1.586883
432	-2.029137
433	-1.750127
434	0.025835
435	-1.770871
436	-2.042025
437	1.630050
438	-2.231841
439	-2.460844
440	-2.007330
441	0.587478
442	-2.126893
443	0.164681
444	-1.276785
445	-1.031322
446	-2.304817
447	-1.976375
448	1.494315
449	-2.418526
450	-2.358516
451	2.633694
452	-2.526503
453	0.953246
454	-0.197929
455	-1.444195
456	-2.107833
457	0.184710
458	0.921705
459	1.495217
460	-1.254211
461	-2.472795
462	2.678448
463	-2.264527
464	0.518334
465	0.179959
466	1.833583
467	-2.796616
468	1.578987
469	0.210658
470	-1.641927
471	1.082007
472	-2.519126
473	-1.309557
474	-2.196598
475	-0.175513
476	-2.561115
477	-1.940757
478	-1.444843
479	-0.860653
480	-0.128413
481	-0.647147
482	-1.432728
483	1.506589
484	-2.423675
485	0.342113
486	0.310910
487	-0.392675
488	1.647548
489	-1.622860
490	-2.380367
491	-2.291981
492	2.204648
493	-2.066195
494	-1.655539
495	1.226513
496	-1.948874
497	-1.423156
498	0.092005
499	1.521606
