0	-2.380223
1	-2.291096
2	-0.502337
3	-3.449199
4	0.451396
5	-2.278630
6	1.342482
7	-1.366785
8	-1.320127
9	-1.895889
10	-3.350047
11	-0.049650
12	-1.337524
13	-2.409924
14	0.373053
15	0.844563
16	-1.960327
17	-2.060217
18	-2.427137
19	-1.791536
20	1.175914
21	-2.523783
22	-2.569145
23	-2.817399
24	-2.834881
25	-1.579272
26	1.095522
27	2.887394
28	0.488182
29	-2.666033
30	1.967264
31	1.771255
32	-1.601162
33	-0.409639
34	2.522030
35	1.529514
36	-1.734716
37	-0.311890
38	0.517913
39	0.377588
40	1.207330
41	0.367153
42	-2.482744
43	1.316240
44	-2.173393
45	-2.041064
46	-1.226332
47	-0.921067
48	-2.325726
49	-0.723124
50	-1.684033
51	-1.967249
52	-1.212033
53	0.201385
54	1.507216
55	-1.962122
56	0.001000
57	-2.519459
58	-2.925503
59	-2.006581
60	2.403160
61	-1.292630
62	-2.133060
63	-1.735985
64	-0.364913
65	-1.970387
66	-2.160371
67	-2.443525
68	-0.204029
69	0.628549
70	-2.309201
71	0.075880
72	-2.297621
73	-1.925840
74	-2.518880
75	0.561151
76	-2.143513
77	-2.323354
78	-2.587300
79	-0.302970
80	-2.959992
81	1.385648
82	-2.352731
83	-2.105256
84	-2.873114
85	-2.087612
86	-1.822603
87	-1.848803
88	-1.341009
89	-2.809480
90	-1.997685
91	0.445943
92	-3.068795
93	-2.935996
94	0.752205
95	-2.003769
96	1.284405
97	0.833928
98	-1.366587
99	-2.732256
100	-2.606872
101	3.251192
102	-2.011400
103	1.290191
104	1.967069
105	-0.294301
106	-2.188531
107	0.798441
108	-1.780923
109	-1.641127
110	2.273994
111	0.847058
112	-0.151084
113	-1.046968
114	-1.114791
115	-2.123449
116	-1.201071
117	0.422252
118	0.001042
119	-2.100268
120	1.854558
121	-1.402141
122	-2.068538
123	-2.283049
124	1.711520
125	-2.184608
126	-1.237829
127	1.619445
128	0.583415
129	-0.153986
130	-2.055082
131	0.915283
132	0.655298
133	-2.083105
134	-1.778964
135	-2.126957
136	0.366473
137	-2.121707
138	1.715426
139	-2.248604
140	-1.909026
141	-2.083472
142	-2.098095
143	-2.196258
144	-2.343096
145	-1.820439
146	-1.711635
147	1.094624
148	-2.326656
149	0.961311
150	-3.763550
151	-1.890686
152	-1.897523
153	1.816759
154	-1.617529
155	-1.996014
156	-1.822714
157	-2.015998
158	1.757810
159	0.797012
160	-2.360466
161	-1.629252
162	1.384259
163	-2.169736
164	0.276168
165	0.394827
166	-0.368741
167	0.854110
168	-2.122092
169	-3.009345
170	3.861467
171	-2.265614
172	0.428081
173	-2.964272
174	2.508806
175	1.560004
176	1.226325
177	-1.488635
178	0.227170
179	-1.855056
180	-1.504430
181	2.387185
182	0.229916
183	0.732592
184	-1.189587
185	-1.482517
186	-2.047230
187	-1.848901
188	3.559713
189	-2.459366
190	1.930067
191	-2.244616
192	-1.487214
193	-0.625661
194	0.956103
195	-1.194015
196	0.296866
197	2.158353
198	-2.550398
199	-1.404633
200	0.847344
201	-1.552473
202	0.801886
203	0.115489
204	0.714243
205	-2.397222
206	-1.625726
207	-0.112259
208	-2.783211
209	-2.155872
210	0.743898
211	2.280763
212	0.894266
213	0.555416
214	0.692712
215	-2.740665
216	0.974222
217	-2.341864
218	-2.290348
219	-2.254971
220	-2.300717
221	-2.096410
222	2.609907
223	0.770246
224	-1.763951
225	-2.218304
226	-1.495654
227	-1.234791
228	-1.683283
229	-1.697332
230	-1.718454
231	-1.650930
232	-2.194748
233	-1.941310
234	-2.258303
235	-2.705052
236	-2.379873
237	-3.649562
238	-2.191300
239	1.227279
240	0.772781
241	-1.967757
242	-2.319740
243	0.839875
244	-1.865627
245	0.773199
246	-1.314275
247	1.475163
248	-1.347799
249	0.390229
250	-1.164290
251	1.073829
252	2.222877
253	-2.024850
254	-0.353968
255	0.274464
256	0.843718
257	-2.441243
258	-1.491388
259	1.212786
260	-1.973095
261	1.435109
262	-2.393561
263	-0.357291
264	0.430247
265	0.323812
266	-2.312479
267	-2.525206
268	-1.972830
269	2.640632
270	-2.073686
271	0.052464
272	-0.155979
273	-1.581579
274	1.292938
275	-2.652375
276	-1.985852
277	3.443798
278	1.743949
279	1.836345
280	-2.210801
281	-1.939182
282	-0.099921
283	-1.602637
284	-1.241998
285	0.243194
286	0.364244
287	-1.771740
288	-1.433597
289	1.901158
290	-0.650656
291	0.300125
292	0.785575
293	-2.308150
294	-2.011984
295	-1.953605
296	0.331769
297	-2.113969
298	-2.062970
299	-1.340295
300	-2.158415
301	-2.569035
302	-2.159269
303	-1.835671
304	-2.181412
305	-1.048956
306	-2.677470
307	-3.174484
308	-2.210114
309	0.901892
310	-2.482439
311	-1.372524
312	3.432734
313	-2.109684
314	1.742855
315	1.702983
316	-1.396222
317	-1.776574
318	-2.199531
319	-0.055986
320	-1.531549
321	-2.034257
322	-2.150531
323	-1.725433
324	-2.475148
325	0.639142
326	2.247140
327	0.204043
328	-2.355508
329	1.068303
330	1.022344
331	-2.217415
332	-1.194370
333	-0.771648
334	-2.166476
335	-2.672030
336	1.102863
337	-2.057619
338	0.625194
339	1.929814
340	0.589251
341	0.082437
342	-1.507415
343	-0.546368
344	-2.279955
345	-2.133184
346	-1.034883
347	-2.300714
348	-2.544832
349	-2.635112
350	1.252435
351	3.088167
352	-2.156649
353	0.731548
354	1.466546
355	-1.789528
356	0.893284
357	-0.099282
358	-1.594543
359	1.820899
360	-1.734057
361	1.162310
362	-1.750511
363	-2.202989
364	-2.645380
365	-1.951457
366	-1.882809
367	-2.449267
368	-1.457436
369	0.166445
370	-2.558685
371	-2.410971
372	-1.649264
373	1.165304
374	-2.432565
375	1.887862
376	0.292861
377	-1.988289
378	-0.927374
379	1.131334
380	-2.442718
381	1.057458
382	-1.966482
383	-1.207792
384	0.108113
385	0.868880
386	0.810635
387	-0.871510
388	1.457090
389	-1.871592
390	-1.443307
391	0.708790
392	-2.515318
393	0.899626
394	2.009740
395	-2.326145
396	1.375362
397	-1.166985
398	-2.052397
399	-1.275046
400	2.186693
401	-1.727118
402	-1.411604
403	-0.071816
404	-0.653246
405	-3.198169
406	-1.934039
407	-1.278707
408	1.850524
409	-1.684121
410	-2.743878
411	1.235713
412	-0.349548
413	-1.686864
414	-2.575381
415	0.979403
416	2.199916
417	-1.221360
418	-2.359866
419	1.531339
420	-2.312310
421	-0.728024
422	-1.901151
423	-2.029108
424	-0.516810
425	-1.148001
426	-1.271519
427	0.469442
428	-1.712327
429	-2.073954
430	-1.210410
431	1.659288
432	-1.314817
433	-1.681456
434	-1.680845
435	-2.466836
436	-2.050981
437	-1.322154
438	0.906405
439	-1.702071
440	-2.105047
441	-1.630364
442	-2.660470
443	-2.534424
444	-0.074611
445	0.107146
446	-2.466868
447	-1.762963
448	-1.585869
449	-2.430168
450	0.860555
451	-2.084973
452	-2.787049
453	-1.158569
454	-2.068274
455	-1.556118
456	0.151007
457	1.185708
458	-2.427721
459	2.570534
460	-0.619603
461	-1.848188
462	-2.067668
463	0.500598
464	1.501516
465	-1.200081
466	1.766516
467	0.392219
468	1.806566
469	-2.954730
470	0.392202
471	-2.465597
472	-2.167577
473	-1.440374
474	0.594672
475	-2.156145
476	0.790423
477	0.596773
478	0.478376
479	-2.286375
480	-1.463599
481	-2.509203
482	-2.592380
483	0.187115
484	0.936986
485	-2.148238
486	-1.958079
487	2.644479
488	0.624330
489	-2.296131
490	-1.845070
491	-1.694817
492	1.673469
493	-2.051793
494	-2.500931
495	-1.910910
496	1.646679
497	-1.420852
498	0.154188
499	-1.911334
500	-2.826896
501	-2.703164
502	-1.801587
503	-1.999524
504	-2.694652
505	-2.387666
506	-1.932022
507	-1.291209
508	-2.344035
509	-0.145808
510	-2.049871
511	-1.262578
512	-1.801247
513	-1.526716
514	1.753435
515	-2.205361
516	-2.378918
517	-2.127049
518	-2.814538
519	-1.988020
520	-1.578791
521	0.572812
522	-1.565143
523	0.293201
524	-2.130023
525	-2.290020
526	0.862209
527	-3.074925
528	-2.084675
529	-2.767145
530	-2.670292
531	3.875538
532	0.511519
533	-2.043289
534	-0.328181
535	-1.766754
536	-2.284261
537	-2.031880
538	-2.116299
539	1.303472
540	-2.754630
541	-1.675328
542	-1.646623
543	-0.127278
544	0.644345
545	-2.027577
546	0.691464
547	1.153493
548	-0.056068
549	1.162884
550	-3.338615
551	-1.136529
552	1.085489
553	-2.114317
554	1.756078
555	-2.587152
556	0.346032
557	0.880946
558	2.906015
559	0.954660
560	-0.367156
561	2.078184
562	-0.957868
563	-1.319970
564	1.056152
565	-1.589281
566	-1.901190
567	1.043651
568	-2.018047
569	-1.822138
570	-0.949565
571	-2.144833
572	-1.831582
573	-1.168791
574	-2.245830
575	-2.315514
576	-1.418524
577	-1.125434
578	-0.548197
579	-0.334753
580	0.238069
581	-0.814240
582	-1.972940
583	-1.662408
584	1.748087
585	0.541681
586	0.163171
587	-2.309016
588	-0.162238
589	-2.426399
590	-2.019719
591	-1.677980
592	0.470659
593	-2.139078
594	-2.478476
595	-2.658472
596	0.942569
597	-1.626447
598	-1.181577
599	-1.465402
600	-2.132981
601	-1.846867
602	-1.964224
603	-1.637744
604	-1.723293
605	-1.463215
606	-0.335356
607	0.355111
608	-1.919516
609	1.730901
610	-2.306370
611	2.884314
612	-2.266481
613	-2.150110
614	-1.789135
615	-1.829226
616	0.056842
617	-1.302329
618	-1.563822
619	-2.379879
620	3.201652
621	0.992964
622	1.735390
623	-2.218117
624	-2.032677
625	-1.936048
626	-2.112394
627	-0.931286
628	1.094374
629	-1.343330
630	-1.570194
631	-0.281715
632	-1.633654
633	-1.721959
634	-2.148964
635	-2.110405
636	3.109584
637	1.554827
638	-1.455379
639	0.098051
640	-2.597838
641	-1.334384
642	-2.235720
643	3.010654
644	-1.687765
645	-2.171867
646	1.448577
647	-2.495389
648	-1.596971
649	0.304172
650	-3.302036
651	-2.395279
652	-2.199446
653	-1.317346
654	-1.589942
655	1.118534
656	-1.967492
657	-2.201013
658	0.450876
659	1.447136
660	-1.718232
661	-1.641423
662	-2.030637
663	-3.055930
664	-1.840974
665	0.230355
666	-1.415093
667	2.001585
668	-2.665218
669	-1.403139
670	-2.567577
671	2.212062
672	1.017020
673	0.263245
674	-2.804733
675	-2.568929
676	-1.538274
677	0.497089
678	-2.568373
679	-0.934439
680	-2.028135
681	1.344252
682	-2.579308
683	-2.530108
684	-2.063764
685	-0.634741
686	-2.441119
687	1.562237
688	3.370427
689	-2.557062
690	2.443229
691	-0.371992
692	1.132532
693	-0.164142
694	-2.038979
695	1.062700
696	0.718396
697	-1.443780
698	-2.458919
699	-0.481778
700	-2.036352
701	0.465208
702	-2.176796
703	-1.792795
704	-2.096403
705	-0.861073
706	-2.396968
707	-2.590722
708	-2.603981
709	-2.065960
710	0.412285
711	1.694911
712	-1.823211
713	1.357658
714	-0.971671
715	-2.223871
716	0.513596
717	-1.340171
718	-1.774345
719	-1.811656
720	-2.543700
721	2.819799
722	0.074512
723	-2.613425
724	1.462748
725	-2.407895
726	-0.276622
727	-2.183224
728	-2.351128
729	-2.269200
730	0.828701
731	1.989860
732	-1.583243
733	0.499018
734	1.416636
735	-2.551408
736	-1.256125
737	-0.966931
738	1.491938
739	-1.160025
740	-2.293166
741	0.638358
742	-1.117540
743	0.741482
744	-1.494116
745	-1.964848
746	-2.094195
747	-1.168227
748	-1.255386
749	1.385330
750	-2.068386
751	-2.485874
752	1.397288
753	-2.056075
754	-2.721876
755	0.895491
756	-1.286757
757	-3.054164
758	-1.998255
759	0.645174
760	-2.576609
761	-1.686801
762	0.820929
763	-2.285396
764	-2.132524
765	-2.592979
766	-1.611854
767	-2.708573
768	1.577248
769	1.222108
770	-2.712018
771	-1.554888
772	-2.338516
773	2.424019
774	-2.166745
775	-1.763041
776	-2.623496
777	0.210981
778	-2.497306
779	-0.878247
780	-0.263741
781	-1.808003
782	-1.862161
783	1.162877
784	-2.314811
785	-1.540984
786	1.180847
787	-1.656798
788	-1.413938
789	2.829190
790	-1.742084
791	1.344733
792	-2.562386
793	-2.432757
794	-1.731550
795	0.210537
796	-1.873061
797	2.783255
798	-2.653641
799	-2.129147
800	-2.207468
801	-2.854090
802	-1.723535
803	0.137147
804	1.172720
805	-1.225041
806	-2.238895
807	-2.749400
808	-1.788104
809	-1.525316
810	0.778926
811	-1.301427
812	1.973939
813	0.712642
814	-2.239421
815	1.448657
816	1.487763
817	0.742706
818	-1.795441
819	-2.525046
820	-0.196307
821	1.254913
822	-1.513781
823	0.537419
824	-2.715125
825	-1.563234
826	-0.351683
827	-0.079534
828	0.600669
829	-1.644142
830	-2.157866
831	3.584141
832	-3.008653
833	-2.019254
834	-1.893480
835	0.252903
836	0.979925
837	0.735566
838	1.209575
839	3.182194
840	-2.481265
841	-2.466283
842	-2.212252
843	0.047803
844	-2.057488
845	-0.942549
846	-2.763487
847	-0.932126
848	1.728113
849	-1.623501
850	-1.803072
851	-1.119155
852	0.983310
853	-2.322663
854	-0.450663
855	0.999081
856	-2.343822
857	0.666330
858	2.320898
859	-2.067606
860	0.005049
861	-2.055690
862	-2.199656
863	1.701053
864	1.299040
865	0.513229
866	-2.199318
867	-1.895257
868	-2.034250
869	-1.260201
870	-2.094925
871	-1.386713
872	-0.618804
873	-1.860191
874	-2.175356
875	-1.690939
876	1.040548
877	-1.456148
878	-1.571750
879	-1.777913
880	1.887358
881	1.190810
882	-1.519201
883	1.975164
884	-1.518298
885	-2.785817
886	-1.584500
887	-2.378326
888	-1.528858
889	-2.264925
890	0.084405
891	-0.444695
892	-1.526789
893	-2.007680
894	-2.205701
895	2.158583
896	-1.641925
897	1.623297
898	-2.192696
899	-2.070632
900	-3.107202
901	-1.321989
902	1.188639
903	1.450265
904	-1.801125
905	-1.765615
906	-2.439848
907	-1.629784
908	-2.121649
909	-1.480051
910	-2.427784
911	1.712569
912	-1.562909
913	-2.384155
914	1.980015
915	-1.733502
916	2.663129
917	-2.288171
918	1.424022
919	3.222925
920	-2.167140
921	1.462216
922	-2.944063
923	-2.815448
924	1.610885
925	-0.072203
926	-1.908105
927	-2.173786
928	2.558352
929	-2.397285
930	-1.827978
931	0.316765
932	0.955790
933	0.350138
934	-1.334184
935	-1.773756
936	-1.881612
937	-2.266118
938	-1.144455
939	2.214656
940	-1.660087
941	-1.137378
942	-1.704767
943	-2.683853
944	0.721923
945	-1.248435
946	-1.500358
947	-2.363133
948	0.670702
949	-2.040713
950	-1.956937
951	-2.277516
952	-0.763786
953	-2.799795
954	0.379498
955	1.609688
956	-2.157157
957	1.696133
958	-1.996713
959	-1.662419
960	-1.811634
961	-2.841651
962	-2.257975
963	-1.707747
964	-2.859503
965	-2.545838
966	-1.484464
967	0.556162
968	0.994709
969	-2.203989
970	-0.716385
971	-2.102995
972	-2.754184
973	-2.203060
974	-2.253707
975	-2.200236
976	-1.861655
977	2.328111
978	-1.638311
979	-2.158434
980	1.173923
981	0.026805
982	-2.138841
983	-3.250329
984	3.750057
985	-0.053933
986	-2.381314
987	-2.182310
988	2.119185
989	0.710067
990	-2.042008
991	-0.089735
992	0.883084
993	0.485225
994	-1.489254
995	-1.610330
996	-2.280666
997	0.886800
998	1.263362
999	-1.872892
1000	-2.139855
1001	-2.982817
1002	-1.779277
1003	-2.214038
1004	-2.099138
1005	-0.226734
1006	-1.711643
1007	-2.165548
1008	-2.741619
1009	-0.339828
1010	1.902719
1011	-1.822324
1012	-2.057930
1013	-2.801143
1014	-2.249062
1015	-2.486457
1016	-1.600029
1017	0.315592
1018	3.667014
1019	-2.309978
1020	-2.275874
1021	-1.983944
1022	0.982173
1023	-1.517727
1024	-2.068702
1025	-1.581903
1026	-2.319609
1027	-2.480231
1028	-2.663461
1029	-1.418841
1030	0.705336
1031	0.584338
1032	-2.389661
1033	-1.629713
1034	-1.811071
1035	2.763732
1036	-2.033371
1037	-1.870918
1038	0.216893
1039	-1.812331
1040	-1.485985
1041	-1.529559
1042	1.683367
1043	-1.633164
1044	-2.509632
1045	1.966547
1046	0.427726
1047	-1.271608
1048	1.949072
1049	-1.556387
1050	3.354474
1051	-0.043452
1052	1.066215
1053	2.320520
1054	1.176136
1055	0.579554
1056	-2.097396
1057	-1.491223
1058	-1.593680
1059	-2.489465
1060	0.811992
1061	-1.454593
1062	1.898186
1063	-1.344067
1064	-1.349354
1065	-2.999412
1066	0.444218
1067	-1.580298
1068	0.167779
1069	-2.492307
1070	0.227147
1071	-2.273105
1072	2.750416
1073	-2.299665
1074	1.802533
1075	-0.567097
1076	-1.272503
1077	0.228260
1078	-1.706662
1079	-2.402144
1080	-2.716669
1081	-0.653298
1082	-2.183605
1083	1.690494
1084	-1.993389
1085	-1.682202
1086	-0.738165
1087	0.535946
1088	-1.518956
1089	-1.167627
1090	1.259236
1091	1.690664
1092	-1.923830
1093	1.173024
1094	-1.729681
1095	-0.509793
1096	-1.724191
1097	-1.938432
1098	0.034984
1099	1.001993
1100	-0.905458
1101	0.514712
1102	-2.032101
1103	-1.549431
1104	-0.936359
1105	-2.453402
1106	-1.463860
1107	1.407616
1108	-1.802703
1109	-1.929782
1110	-2.384114
1111	0.809020
1112	-2.686246
1113	-2.006234
1114	-0.937763
1115	1.819784
1116	-2.628353
1117	-1.858025
1118	-1.653982
1119	-2.135283
1120	1.361791
1121	-0.300951
1122	-2.462395
1123	0.741826
1124	-2.395915
1125	-2.334447
1126	-2.185836
1127	-1.732750
1128	-1.537138
1129	-1.630691
1130	-0.975187
1131	1.759198
1132	0.903908
1133	1.902708
1134	-1.834347
1135	1.267220
1136	-2.235072
1137	-2.290828
1138	2.429548
1139	-1.416965
1140	1.510056
1141	-2.033657
1142	-2.948743
1143	2.267466
1144	1.249609
1145	1.319536
1146	-1.313299
1147	-1.929469
1148	2.083858
1149	-2.230043
1150	-2.274820
1151	-1.991820
1152	0.024217
1153	-1.963398
1154	0.972508
1155	2.675318
1156	-1.969743
1157	-1.500221
1158	1.382254
1159	0.265429
1160	0.529790
1161	-1.341920
1162	-1.693773
1163	-3.352775
1164	-2.039090
1165	-1.928188
1166	-2.089138
1167	2.005884
1168	-1.721115
1169	-1.458891
1170	0.105290
1171	0.877026
1172	0.919612
1173	-0.457928
1174	-1.694024
1175	-2.007003
1176	0.349977
1177	-1.901578
1178	-2.416216
1179	-1.769453
1180	-2.031041
1181	-2.117102
1182	-1.077043
1183	-1.835716
1184	0.521133
1185	1.521782
1186	0.487784
1187	-2.201925
1188	-1.056505
1189	-1.273771
1190	-1.492010
1191	1.850555
1192	-1.762332
1193	-1.865279
1194	-2.861156
1195	-1.972796
1196	-2.569159
1197	2.103799
1198	-1.839040
1199	0.827568
1200	-1.622831
1201	-1.741113
1202	2.277060
1203	-2.134677
1204	-2.433241
1205	0.499447
1206	-2.197335
1207	-2.556002
1208	1.544470
1209	-1.084912
1210	1.441730
1211	-1.843309
1212	-1.728994
1213	1.660557
1214	-2.233265
1215	-2.240866
1216	1.074275
1217	-2.416179
1218	-2.604730
1219	-1.682725
1220	-2.001949
1221	-2.561217
1222	-1.288913
1223	1.115003
1224	-1.732686
1225	2.612883
1226	-1.567979
1227	-1.448596
1228	-2.071588
1229	-2.184597
1230	-1.875492
1231	-2.860214
1232	1.361850
1233	0.974188
1234	1.737256
1235	1.539775
1236	-0.007853
1237	1.415518
1238	-2.784260
1239	2.548515
1240	-2.202348
1241	2.688647
1242	-2.223911
1243	1.205394
1244	3.082491
1245	-2.065962
1246	1.666421
1247	1.870494
1248	0.894880
1249	-2.439950
1250	0.165485
1251	1.136648
1252	1.219994
1253	0.385313
1254	1.496589
1255	-1.764566
1256	-1.352671
1257	-1.706384
1258	1.493450
1259	-1.729608
1260	-1.377403
1261	1.268880
1262	1.708805
1263	-2.375319
1264	0.298323
1265	-1.262937
1266	-2.039087
1267	-0.057361
1268	-3.156185
1269	-2.230542
1270	1.704580
1271	-2.198548
1272	0.854127
1273	0.228285
1274	2.401476
1275	1.034302
1276	-1.318588
1277	-1.520015
1278	1.625731
1279	2.460226
1280	1.025698
1281	-2.396992
1282	-2.693250
1283	-1.969769
1284	1.354149
1285	2.574150
1286	0.192440
1287	-0.003684
1288	-1.533538
1289	-1.855842
1290	-2.261637
1291	0.057858
1292	-1.896732
1293	-0.531134
1294	0.767513
1295	-2.900656
1296	0.766898
1297	-1.320112
1298	-2.908864
1299	-2.542425
1300	0.437104
1301	-1.597340
1302	-2.457134
1303	2.088796
1304	-2.307762
1305	-2.028082
1306	-1.178310
1307	-1.868656
1308	-2.169565
1309	1.533543
1310	-1.780294
1311	-1.311494
1312	-1.704945
1313	1.940163
1314	-0.297562
1315	1.227755
1316	-1.209023
1317	0.309717
1318	-2.934101
1319	1.821689
1320	-1.896067
1321	1.722059
1322	-2.630450
1323	1.418372
1324	-1.712116
1325	1.853559
1326	0.275062
1327	-1.848376
1328	-1.990636
1329	-2.228100
1330	-1.302765
1331	1.832654
1332	-1.906054
1333	-2.164091
1334	-1.736780
1335	-1.700875
1336	-1.826572
1337	-1.741879
1338	2.354202
1339	-1.806927
1340	-2.025839
1341	0.467270
1342	-1.074510
1343	-2.693676
1344	-2.068483
1345	-0.652937
1346	-1.578464
1347	0.151327
1348	-1.858769
1349	2.664577
1350	-0.037462
1351	-0.499358
1352	-0.107862
1353	-1.554573
1354	-2.350030
1355	-1.526261
1356	0.069153
1357	0.579304
1358	1.748834
1359	-1.811180
1360	-1.799526
1361	-1.504615
1362	-1.811154
1363	0.831098
1364	1.794552
1365	1.056417
1366	-2.205261
1367	-0.992898
1368	-2.607749
1369	-2.240821
1370	0.753873
1371	-1.441740
1372	2.435068
1373	-2.020549
1374	-1.056866
1375	-1.943667
1376	-1.957119
1377	-2.090277
1378	-1.727169
1379	-1.370502
1380	0.790940
1381	-2.893983
1382	1.262210
1383	0.852463
1384	-2.132931
1385	1.652281
1386	0.342979
1387	-1.993655
1388	1.225210
1389	-1.813888
1390	-2.353432
1391	1.373497
1392	-0.278127
1393	-1.658224
1394	-2.507538
1395	0.764363
1396	-1.994519
1397	1.626835
1398	-2.602171
1399	1.673692
1400	-1.949418
1401	-2.098655
1402	0.159104
1403	0.650461
1404	0.822857
1405	-2.425862
1406	-1.510192
1407	-1.886303
1408	-2.678926
1409	-2.346136
1410	-2.658050
1411	-1.754494
1412	-1.538290
1413	-2.724658
1414	-2.524531
1415	2.245713
1416	0.773258
1417	-2.648353
1418	-1.594551
1419	-1.791441
1420	0.617461
1421	-1.269223
1422	0.725640
1423	-2.080288
1424	-1.316995
1425	-2.353368
1426	-1.782989
1427	-2.097586
1428	-2.035133
1429	-2.308872
1430	-1.522600
1431	1.512880
1432	1.507591
1433	-1.759316
1434	-2.507771
1435	1.166540
1436	-1.523522
1437	-1.350441
1438	-2.877519
1439	-2.077973
1440	-1.831773
1441	2.506584
1442	-1.074341
1443	-0.516387
1444	0.644480
1445	-2.677234
1446	-1.464683
1447	-2.518199
1448	1.383841
1449	0.737953
1450	-1.573948
1451	-1.207925
1452	1.207274
1453	-2.787219
1454	-1.562376
1455	-2.657738
1456	-0.128950
1457	0.386798
1458	0.455413
1459	-1.059123
1460	-2.406683
1461	0.252577
1462	-2.675840
1463	-1.937724
1464	2.074045
1465	0.067306
1466	-1.393388
1467	-2.205490
1468	-2.270733
1469	-2.378729
1470	0.671643
1471	-1.713805
1472	-2.131029
1473	1.068670
1474	-2.290755
1475	1.269156
1476	-2.408288
1477	-1.686244
1478	-2.379423
1479	1.915975
1480	-1.512485
1481	1.855962
1482	-1.329808
1483	0.573627
1484	-1.993114
1485	-1.603468
1486	3.540061
1487	-0.219899
1488	2.935102
1489	0.496905
1490	-2.834425
1491	1.784112
1492	-1.984735
1493	-1.568431
1494	-1.336870
1495	1.280628
1496	-1.850153
1497	-1.636307
1498	-1.718851
1499	0.613845
1500	-1.801662
1501	-3.053492
1502	0.070572
1503	-1.740957
1504	-1.151052
1505	0.499925
1506	-1.782605
1507	3.106715
1508	-2.131052
1509	0.839986
1510	1.007860
1511	-1.697389
1512	2.999259
1513	1.266874
1514	-1.498928
1515	-1.609095
1516	0.637333
1517	-2.485357
1518	-1.956765
1519	0.497680
1520	-0.302223
1521	-2.704668
1522	1.631513
1523	-2.508762
1524	-2.220444
1525	-1.688532
1526	-1.628517
1527	0.592011
1528	-0.679034
1529	-2.114718
1530	-1.211620
1531	-2.350101
1532	1.743123
1533	-2.144273
1534	-1.600718
1535	-2.742148
1536	2.158821
1537	-2.313413
1538	1.830487
1539	1.408266
1540	-2.640299
1541	-2.867066
1542	-1.873047
1543	-2.858118
1544	-1.193781
1545	-2.398705
1546	-1.663088
1547	-1.946918
1548	-2.559453
1549	-2.107980
1550	-1.759058
1551	-2.015849
1552	0.275700
1553	0.551638
1554	-2.114681
1555	-0.949843
1556	-1.336876
1557	-2.569411
1558	-2.139874
1559	1.684004
1560	0.700524
1561	-1.659051
1562	1.481470
1563	-0.871462
1564	-1.737679
1565	-2.327798
1566	-2.258826
1567	-2.426459
1568	-2.389123
1569	1.986764
1570	0.905741
1571	-1.714011
1572	-2.491334
1573	1.321222
1574	0.991666
1575	-2.387397
1576	0.444373
1577	-3.201456
1578	-2.325585
1579	-1.605189
1580	-2.135745
1581	-2.242382
1582	-1.746726
1583	0.424703
1584	-2.080297
1585	-2.491740
1586	-1.419438
1587	-1.883826
1588	-1.870658
1589	-1.861581
1590	1.690327
1591	-1.680970
1592	-2.549903
1593	1.282036
1594	-2.005378
1595	-1.769488
1596	-0.877086
1597	-1.205765
1598	-1.989957
1599	-2.159150
1600	0.756531
1601	-2.269643
1602	-2.487361
1603	-1.918615
1604	0.377959
1605	-2.102015
1606	-1.998039
1607	0.557570
1608	-1.493511
1609	-1.252968
1610	-1.697817
1611	1.688244
1612	-1.264286
1613	-2.504843
1614	-0.972812
1615	-1.872472
1616	-2.106669
1617	-2.800016
1618	0.338974
1619	-2.384814
1620	2.434230
1621	-1.410252
1622	-1.852273
1623	1.715119
1624	-1.543090
1625	-2.127239
1626	-2.071306
1627	0.139555
1628	-1.949324
1629	0.365906
1630	-1.880045
1631	-2.082524
1632	-2.006036
1633	0.581604
1634	-2.435606
1635	1.658786
1636	0.147184
1637	-1.580027
1638	2.232442
1639	-0.493058
1640	-3.159029
1641	-2.376765
1642	-1.342835
1643	-0.707574
1644	-2.313845
1645	-1.673399
1646	-2.453543
1647	-3.461828
1648	-2.407187
1649	-2.255235
1650	-2.461994
1651	-2.444886
1652	-1.609599
1653	-1.950275
1654	-1.941634
1655	-2.425221
1656	0.835509
1657	2.622717
1658	2.290130
1659	0.922209
1660	-0.425500
1661	-2.703937
1662	-2.138289
1663	-2.232986
1664	-2.062761
1665	4.257626
1666	-1.970181
1667	1.082017
1668	1.234395
1669	-1.700484
1670	-2.263023
1671	-2.372888
1672	1.967114
1673	-2.629515
1674	1.391801
1675	-1.786278
1676	-1.791914
1677	-2.014983
1678	-2.067683
1679	2.986603
1680	0.262168
1681	0.679068
1682	0.356862
1683	0.867189
1684	2.243793
1685	-2.297423
1686	-1.740804
1687	1.603068
1688	-0.337464
1689	-1.235527
1690	-1.707062
1691	-2.014703
1692	-1.469431
1693	3.096334
1694	-3.299644
1695	1.860304
1696	-1.082111
1697	0.553650
1698	-2.134475
1699	-2.381920
1700	0.450411
1701	-2.111321
1702	0.234319
1703	0.086541
1704	-2.011630
1705	1.713233
1706	-1.955013
1707	-2.114035
1708	-0.616874
1709	-1.701169
1710	2.550636
1711	-1.252630
1712	-2.006346
1713	-2.165949
1714	1.864885
1715	0.153036
1716	-2.570186
1717	0.083624
1718	0.625764
1719	0.496673
1720	-2.276144
1721	-2.367355
1722	-1.886611
1723	-2.743328
1724	2.300198
1725	0.547163
1726	-1.224624
1727	1.223393
1728	-2.457021
1729	1.742103
1730	0.595595
1731	-1.173185
1732	-1.207100
1733	2.827957
1734	-3.045398
1735	0.085519
1736	-2.294641
1737	-0.695722
1738	-2.300657
1739	0.824727
1740	0.883029
1741	-2.869553
1742	0.644160
1743	-2.031582
1744	-2.291377
1745	0.433533
1746	-0.008029
1747	1.585518
1748	2.361781
1749	-3.001633
1750	-1.857236
1751	-2.429856
1752	1.417504
1753	0.351692
1754	2.379497
1755	-2.937645
1756	-0.068004
1757	-1.903822
1758	2.067979
1759	-1.681814
1760	-2.054515
1761	0.224492
1762	-1.789408
1763	-2.047464
1764	2.143603
1765	-2.179791
1766	0.648038
1767	1.155849
1768	-2.021321
1769	0.383165
1770	0.317163
1771	-1.681354
1772	-2.499164
1773	0.764540
1774	1.425040
1775	-1.536172
1776	-1.400021
1777	-1.433148
1778	-2.481252
1779	-0.636983
1780	1.702207
1781	-2.524805
1782	-1.670856
1783	-1.853173
1784	-2.610885
1785	-2.686829
1786	-1.499644
1787	-1.415707
1788	-1.722904
1789	-0.880881
1790	2.199990
1791	-2.095661
1792	1.709857
1793	0.136866
1794	-2.846131
1795	0.092254
1796	2.273206
1797	-2.153669
1798	1.821026
1799	-0.297381
1800	-0.705141
1801	-2.770027
1802	1.571145
1803	-2.491840
1804	0.651355
1805	1.739590
1806	0.518192
1807	-2.157404
1808	1.327825
1809	1.111357
1810	-2.583724
1811	-2.575963
1812	-1.983802
1813	-1.482828
1814	-0.235832
1815	-2.373879
1816	-1.790595
1817	-2.370436
1818	-1.294019
1819	-2.125611
1820	0.934741
1821	-2.268095
1822	-2.189257
1823	-2.476918
1824	-0.560979
1825	1.343383
1826	0.999651
1827	2.041148
1828	-1.788797
1829	0.594833
1830	-1.665170
1831	-2.535192
1832	0.777673
1833	1.657673
1834	1.402984
1835	0.762205
1836	1.306219
1837	-2.046749
1838	-2.574635
1839	-2.072464
1840	-2.439528
1841	-2.275597
1842	-2.821415
1843	-2.195468
1844	-1.568803
1845	-2.172823
1846	1.392953
1847	-2.537279
1848	0.181418
1849	-1.864529
1850	0.623779
1851	-2.618221
1852	-2.313022
1853	-2.229784
1854	-1.949590
1855	2.126858
1856	-2.359138
1857	-2.290693
1858	-2.326289
1859	1.600986
1860	-1.516821
1861	1.855838
1862	1.010270
1863	2.233595
1864	-2.221755
1865	-0.008094
1866	0.873019
1867	-1.917028
1868	-3.064560
1869	0.499295
1870	-1.878373
1871	2.534662
1872	-2.232797
1873	-2.283099
1874	-2.737750
1875	-2.785824
1876	-1.623476
1877	-1.851040
1878	0.798181
1879	-1.034221
1880	-2.263921
1881	1.368669
1882	-2.336188
1883	1.222234
1884	-2.099891
1885	0.122845
1886	-2.756909
1887	-1.562013
1888	-3.247258
1889	0.280550
1890	1.378767
1891	-1.399484
1892	-0.251389
1893	1.459860
1894	-1.543684
1895	0.692009
1896	-2.624604
1897	2.670734
1898	-2.530591
1899	-1.831919
1900	-0.124437
1901	-0.618459
1902	-2.240027
1903	1.339259
1904	-1.306869
1905	-1.768960
1906	-1.889317
1907	-2.073544
1908	-1.442182
1909	-3.101304
1910	-0.017699
1911	-2.309565
1912	-2.025255
1913	-2.172749
1914	-2.289943
1915	-2.110544
1916	-1.578283
1917	0.612850
1918	0.601624
1919	0.722242
1920	-2.057107
1921	-1.574282
1922	-1.036933
1923	1.646276
1924	-2.716282
1925	0.393527
1926	-2.170033
1927	-1.786650
1928	-2.018806
1929	-1.958802
1930	-0.938091
1931	0.231887
1932	-2.389652
1933	-1.189867
1934	-1.891627
1935	0.472942
1936	-1.063430
1937	-0.538807
1938	0.491750
1939	-2.075275
1940	-1.602927
1941	-2.426548
1942	1.060155
1943	1.353841
1944	-1.806357
1945	-1.450804
1946	-1.523978
1947	1.279753
1948	0.701786
1949	-2.259779
1950	-2.120086
1951	-2.238825
1952	0.757813
1953	0.416344
1954	1.650391
1955	-2.291022
1956	0.264268
1957	-1.899220
1958	-1.574212
1959	-0.110267
1960	-1.894656
1961	-2.279314
1962	-1.189350
1963	0.381399
1964	-1.253949
1965	-2.586450
1966	-2.051474
1967	-2.677007
1968	2.925530
1969	-1.771651
1970	-2.606056
1971	-0.810410
1972	-1.876700
1973	-1.572118
1974	-1.604875
1975	1.317925
1976	-1.347341
1977	-0.434608
1978	-1.507540
1979	-2.674987
1980	-2.329947
1981	-1.620976
1982	-2.346904
1983	-1.758772
1984	0.083427
1985	-2.122860
1986	-1.300832
1987	-1.372271
1988	-2.099884
1989	-2.114721
1990	-1.954523
1991	-2.001104
1992	0.055457
1993	0.176291
1994	-1.688814
1995	-2.153801
1996	-2.053291
1997	-1.923875
1998	-1.900828
1999	-1.693553
2000	-2.028700
2001	-1.782669
2002	-1.738901
2003	-2.510670
2004	-2.427439
2005	0.202268
2006	-1.774665
2007	-2.142212
2008	0.802638
2009	-2.242067
2010	-2.555370
2011	-1.769957
2012	-2.294755
2013	-2.004052
2014	-0.290792
2015	0.033949
2016	-1.951608
2017	0.262953
2018	-2.144972
2019	-2.357442
2020	-2.591323
2021	-1.740539
2022	-2.431751
2023	0.810384
2024	-0.387560
2025	1.355018
2026	-2.235193
2027	-3.104021
2028	2.677859
2029	1.552629
2030	0.117382
2031	-1.809165
2032	-1.895694
2033	1.288705
2034	1.453083
2035	-1.318903
2036	2.466187
2037	-3.020116
2038	2.828923
2039	-2.384361
2040	1.266008
2041	-1.639008
2042	-1.767524
2043	-2.301616
2044	-2.146746
2045	1.923205
2046	-2.407670
2047	-1.671259
2048	0.517621
2049	-0.790071
2050	-1.591474
2051	-1.578749
2052	-1.132676
2053	-2.048564
2054	0.799468
2055	0.298691
2056	-1.856675
2057	-1.752156
2058	-1.966830
2059	2.011456
2060	1.317521
2061	0.775270
2062	0.048760
2063	1.963227
2064	1.478182
2065	0.852160
2066	-1.979950
2067	1.064759
2068	-0.918892
2069	-2.165196
2070	0.909153
2071	1.804288
2072	-2.629516
2073	-0.884087
2074	0.653075
2075	-1.283549
2076	-2.090121
2077	0.260461
2078	-2.052714
2079	2.408872
2080	0.341660
2081	-1.494991
2082	-2.532695
2083	0.993482
2084	1.360998
2085	-2.260198
2086	-2.386830
2087	0.892719
2088	1.496563
2089	-1.587840
2090	-2.024090
2091	-2.171407
2092	-2.456221
2093	1.153978
2094	-1.579549
2095	0.662038
2096	1.835857
2097	3.088895
2098	-2.082403
2099	-1.613588
2100	-1.600755
2101	-2.213827
2102	0.463145
2103	-3.270797
2104	-2.022235
2105	-2.351798
2106	-2.499719
2107	1.561173
2108	-2.389708
2109	1.331291
2110	-1.444291
2111	-1.172404
2112	-1.768805
2113	-2.435850
2114	-1.633904
2115	1.095369
2116	-2.339367
2117	-1.963421
2118	-2.678069
2119	-0.977104
2120	0.351592
2121	-1.992779
2122	0.959752
2123	-1.393322
2124	1.062120
2125	-1.134332
2126	2.447921
2127	-1.006901
2128	2.421937
2129	-2.044439
2130	1.437303
2131	-0.694436
2132	-2.281195
2133	-2.374939
2134	0.917095
2135	-1.781026
2136	-1.915108
2137	1.564552
2138	-2.266728
2139	0.923733
2140	-0.185956
2141	-0.731809
2142	-2.025410
2143	1.361569
2144	-3.337967
2145	-1.001891
2146	-2.180389
2147	0.858282
2148	-2.267590
2149	-2.903223
2150	-2.027267
2151	1.654361
2152	-2.674025
2153	-0.790852
2154	-0.800566
2155	-2.360899
2156	1.456712
2157	-2.057056
2158	0.195486
2159	-2.201079
2160	-1.558761
2161	1.050066
2162	-2.158145
2163	-1.624225
2164	0.277702
2165	-1.674652
2166	-2.263445
2167	-1.663616
2168	0.231843
2169	-2.134096
2170	-2.002197
2171	-1.176551
2172	-2.468327
2173	-1.485849
2174	-2.357792
2175	1.957997
2176	-1.585279
2177	-2.852715
2178	-0.267560
2179	-0.948871
2180	-1.716533
2181	-1.984653
2182	1.154368
2183	-1.977566
2184	-1.895144
2185	0.260593
2186	-0.933636
2187	0.633120
2188	-2.135565
2189	-2.064495
2190	-0.451443
2191	-0.873847
2192	-2.557634
2193	-2.463454
2194	-1.657786
2195	-0.030832
2196	-2.076466
2197	-2.235648
2198	-3.064047
2199	-2.117117
2200	-2.533953
2201	0.324064
2202	-2.883824
2203	-0.386872
2204	-2.637397
2205	-0.473347
2206	-1.611523
2207	-0.964324
2208	-1.642499
2209	0.950642
2210	-2.754211
2211	-1.822781
2212	-1.248167
2213	-2.768198
2214	1.902075
2215	1.351053
2216	3.209753
2217	-0.822766
2218	2.465048
2219	-2.531196
2220	-2.178408
2221	-1.934099
2222	-1.980192
2223	-3.372567
2224	-1.986273
2225	2.219077
2226	-1.891250
2227	-2.402648
2228	-1.991180
2229	1.536012
2230	0.998446
2231	-1.407086
2232	-0.759317
2233	1.288925
2234	-1.057423
2235	0.165600
2236	-1.444863
2237	-1.249695
2238	0.962253
2239	1.682818
2240	-1.679065
2241	-2.151782
2242	-1.505458
2243	1.114809
2244	-1.760369
2245	-2.168176
2246	0.784307
2247	-1.635449
2248	-0.041009
2249	-2.490108
2250	-1.382005
2251	-2.149333
2252	2.887555
2253	-2.019606
2254	-1.778160
2255	-1.767089
2256	-2.331269
2257	0.607661
2258	-1.602679
2259	-2.187511
2260	-2.083764
2261	-2.053166
2262	0.887103
2263	-2.326357
2264	-1.997594
2265	-2.375498
2266	-2.104984
2267	0.504270
2268	0.339744
2269	-2.569718
2270	-2.274986
2271	-1.673678
2272	-2.736984
2273	-2.248422
2274	-1.680870
2275	-1.349205
2276	1.622651
2277	-1.510234
2278	-1.800705
2279	-0.912857
2280	-1.014672
2281	0.592907
2282	0.555033
2283	-1.403434
2284	0.421456
2285	-1.905633
2286	-1.931705
2287	-2.323586
2288	-0.945594
2289	-1.756100
2290	-1.975631
2291	-1.290393
2292	-0.117143
2293	2.318001
2294	1.786865
2295	1.511721
2296	1.427796
2297	-2.308311
2298	2.282881
2299	-1.340991
2300	1.592112
2301	-2.399444
2302	0.945892
2303	-2.036821
2304	-2.542041
2305	0.128830
2306	-1.648960
2307	-2.350853
2308	-1.311692
2309	-2.090577
2310	-2.165415
2311	-1.354201
2312	-1.867469
2313	2.148282
2314	-0.346943
2315	3.035007
2316	-1.435762
2317	0.062882
2318	-1.452066
2319	1.286198
2320	-2.726806
2321	0.469036
2322	-1.797096
2323	-1.908382
2324	-2.707330
2325	0.336352
2326	-1.263497
2327	1.608105
2328	-1.535835
2329	-2.584569
2330	-1.363871
2331	-1.790769
2332	-1.382628
2333	0.724539
2334	-1.683931
2335	1.979610
2336	-1.512100
2337	-0.536908
2338	-2.356790
2339	-1.532880
2340	-2.301280
2341	-2.615229
2342	1.090532
2343	0.864054
2344	-1.887808
2345	3.142421
2346	-0.508734
2347	-1.519030
2348	-1.638255
2349	0.099786
2350	-1.580896
2351	-1.532606
2352	-2.257267
2353	-1.996990
2354	-1.567015
2355	-1.183218
2356	-2.036966
2357	-1.968446
2358	2.044507
2359	-0.065668
2360	-1.947183
2361	1.734293
2362	0.372463
2363	-2.200556
2364	-2.545566
2365	-1.878726
2366	-1.736101
2367	-1.903931
2368	-1.869468
2369	-1.391419
2370	-3.077308
2371	-1.196534
2372	1.587684
2373	2.338935
2374	-1.980362
2375	-1.664451
2376	-1.392382
2377	-1.967045
2378	-2.300416
2379	0.233639
2380	-2.450098
2381	-1.775015
2382	2.061305
2383	-1.761827
2384	-0.091619
2385	0.408726
2386	1.410810
2387	0.468186
2388	-1.829089
2389	-1.937702
2390	-0.908679
2391	0.524851
2392	0.278250
2393	-1.787578
2394	0.165392
2395	1.279364
2396	-1.961005
2397	1.208921
2398	-1.799980
2399	-2.775193
2400	-1.649653
2401	-0.918948
2402	0.664395
2403	-1.321677
2404	1.558948
2405	1.712460
2406	-2.029155
2407	-1.520527
2408	-0.229277
2409	-2.008104
2410	-2.176944
2411	2.383983
2412	0.213086
2413	0.293694
2414	-1.548834
2415	1.307276
2416	-1.958803
2417	-1.986676
2418	-2.776850
2419	-1.432729
2420	1.262830
2421	2.325462
2422	-0.769884
2423	-1.562251
2424	-2.841006
2425	0.936478
2426	0.563728
2427	-1.846420
2428	0.324702
2429	-2.242505
2430	1.375165
2431	-0.929410
2432	1.515323
2433	0.411293
2434	1.982052
2435	0.538660
2436	-1.296912
2437	1.221332
2438	-0.449773
2439	-2.163820
2440	-1.938905
2441	1.030984
2442	1.364335
2443	-3.141037
2444	-1.890629
2445	-0.837349
2446	-2.032553
2447	0.794291
2448	-2.289206
2449	1.469248
2450	-2.227048
2451	1.812149
2452	0.809370
2453	2.120533
2454	-2.028184
2455	-1.633156
2456	-0.046442
2457	-0.868209
2458	-1.353710
2459	-1.945153
2460	-2.521930
2461	-3.048505
2462	-1.415675
2463	-1.403144
2464	-1.674638
2465	0.116205
2466	-1.878653
2467	2.413326
2468	-1.726729
2469	-2.157158
2470	-1.892150
2471	-2.664707
2472	2.875001
2473	2.172481
2474	1.118933
2475	-2.773379
2476	0.971867
2477	-2.832996
2478	-2.489404
2479	-1.695901
2480	0.501629
2481	-0.226058
2482	-3.180128
2483	-0.290709
2484	-1.951560
2485	-2.602737
2486	2.242497
2487	-1.622383
2488	-1.890269
2489	-1.904430
2490	-1.650669
2491	-1.817564
2492	0.574988
2493	-0.013905
2494	-1.142409
2495	-3.012728
2496	-2.503345
2497	-2.322393
2498	2.195125
2499	-1.024272
2500	-1.393133
2501	-0.738279
2502	-1.976544
2503	-1.926171
2504	1.659066
2505	-0.930181
2506	-2.197278
2507	1.038979
2508	-2.058053
2509	-1.464623
2510	-1.788581
2511	-2.667299
2512	0.718007
2513	-1.364229
2514	-1.958754
2515	2.639251
2516	-2.013565
2517	1.531352
2518	-0.035351
2519	0.062995
2520	-2.409562
2521	-1.755335
2522	-1.664572
2523	-2.094522
2524	-2.160811
2525	-2.614980
2526	0.375699
2527	-1.981163
2528	1.845567
2529	-1.517136
2530	0.276405
2531	-0.069407
2532	-1.384019
2533	2.219534
2534	-2.081041
2535	-1.751669
2536	-2.156503
2537	-1.946276
2538	-1.641635
2539	1.723449
2540	-2.548968
2541	0.101031
2542	-1.671813
2543	0.426811
2544	-2.058052
2545	-2.498162
2546	-1.673970
2547	-1.484284
2548	0.244427
2549	2.022153
2550	-0.257418
2551	0.311754
2552	1.555698
2553	0.975346
2554	0.471793
2555	1.975589
2556	-1.666013
2557	-1.209084
2558	-1.371636
2559	1.973066
2560	-1.859248
2561	1.699118
2562	-0.494886
2563	2.006452
2564	-2.926511
2565	-2.725915
2566	-2.453258
2567	-2.132339
2568	1.556321
2569	3.271555
2570	0.072389
2571	-1.916698
2572	-1.697636
2573	-2.332449
2574	1.183103
2575	-1.847912
2576	-1.915419
2577	2.903751
2578	0.467579
2579	2.361831
2580	3.264376
2581	0.443995
2582	-2.236510
2583	1.409976
2584	-2.051523
2585	2.656648
2586	-1.370153
2587	-1.424481
2588	-1.526965
2589	-2.438355
2590	-2.775394
2591	0.040198
2592	1.309438
2593	-2.024068
2594	-1.608342
2595	1.836858
2596	1.436692
2597	3.021714
2598	-2.666891
2599	-1.315303
2600	1.672103
2601	-1.848546
2602	2.074864
2603	-2.131011
2604	-2.100047
2605	-2.002109
2606	1.225032
2607	-2.184427
2608	2.301433
2609	1.956662
2610	0.743453
2611	-1.788682
2612	-1.637930
2613	-2.147476
2614	-2.027773
2615	-0.102720
2616	-2.728419
2617	-2.464926
2618	-0.059853
2619	-1.910740
2620	-1.430693
2621	1.295879
2622	-0.539900
2623	1.219787
2624	-1.305319
2625	-1.960313
2626	-1.990165
2627	-1.610823
2628	-1.690903
2629	0.750930
2630	-3.046548
2631	1.749355
2632	-1.649085
2633	-2.209550
2634	0.981266
2635	-0.700082
2636	-0.629066
2637	-1.594408
2638	-1.123505
2639	-0.115780
2640	-2.521343
2641	0.856954
2642	-1.727410
2643	-2.898351
2644	0.601311
2645	-2.675511
2646	2.074178
2647	-2.494870
2648	-1.491167
2649	-1.686830
2650	1.744039
2651	-2.208773
2652	0.543795
2653	-1.723734
2654	-2.430761
2655	0.048130
2656	0.080514
2657	-1.945501
2658	-1.468866
2659	-2.062696
2660	-1.562719
2661	-2.532132
2662	0.838140
2663	-2.266363
2664	0.875796
2665	2.298562
2666	1.072190
2667	-1.979852
2668	2.399217
2669	-1.719565
2670	-2.253758
2671	2.119356
2672	-2.778080
2673	1.272282
2674	-1.823237
2675	-1.545682
2676	0.871502
2677	-1.729903
2678	3.114948
2679	0.541691
2680	-1.876294
2681	-2.607300
2682	-2.157299
2683	-0.161951
2684	-0.278571
2685	-1.653878
2686	-1.819428
2687	-1.703344
2688	1.064022
2689	-1.876925
2690	2.387933
2691	-2.044437
2692	-2.174648
2693	-2.063491
2694	-1.453195
2695	-2.308631
2696	-2.817308
2697	-1.743220
2698	-1.502462
2699	1.432602
2700	-2.734629
2701	1.321216
2702	-1.952827
2703	-1.247319
2704	-1.625079
2705	-2.935798
2706	-1.577751
2707	-1.751132
2708	-2.620697
2709	-2.025747
2710	-1.643071
2711	0.293777
2712	2.282204
2713	-1.282933
2714	-1.891970
2715	1.773338
2716	-1.954806
2717	0.395924
2718	-1.745623
2719	-2.063228
2720	-1.490293
2721	-2.906574
2722	-0.060583
2723	-1.815055
2724	-2.543934
2725	2.198021
2726	-2.316260
2727	1.589164
2728	-1.801142
2729	1.139330
2730	0.132425
2731	0.238566
2732	0.897700
2733	-1.775269
2734	-1.573286
2735	-2.156213
2736	-1.221250
2737	-1.651961
2738	1.381074
2739	2.328665
2740	-0.363199
2741	-2.418902
2742	-1.733740
2743	-1.525143
2744	1.966154
2745	-2.069050
2746	-2.435450
2747	-1.591079
2748	-0.174151
2749	1.235837
2750	-2.304577
2751	-1.418943
2752	-1.613255
2753	0.406644
2754	-1.358496
2755	-1.671801
2756	-1.309341
2757	-1.876815
2758	-3.047363
2759	-0.697275
2760	-2.275721
2761	0.704130
2762	-1.798140
2763	-1.857282
2764	-1.757189
2765	-2.067501
2766	1.132304
2767	-2.491653
2768	2.206817
2769	-2.757819
2770	0.404517
2771	1.247459
2772	-2.250034
2773	2.221042
2774	-2.330531
2775	-2.697030
2776	1.621564
2777	-1.916282
2778	-2.150006
2779	-2.471787
2780	-1.532439
2781	-2.277202
2782	-1.959593
2783	-2.029390
2784	1.951824
2785	-2.660150
2786	-2.138982
2787	-2.000846
2788	-2.563774
2789	-2.282748
2790	-1.550399
2791	-2.205846
2792	-1.489619
2793	2.589799
2794	1.069618
2795	-1.057033
2796	-0.563547
2797	2.010336
2798	-2.283819
2799	0.784321
2800	0.684642
2801	-1.936890
2802	-1.713634
2803	-2.354193
2804	-1.545979
2805	0.326861
2806	2.416408
2807	0.225270
2808	-1.946521
2809	-1.274180
2810	-2.516186
2811	-2.160492
2812	1.667061
2813	-2.326290
2814	-0.453753
2815	-1.628571
2816	-2.497624
2817	-1.861460
2818	1.656264
2819	1.505772
2820	-0.480808
2821	-2.794774
2822	-1.395948
2823	-2.009985
2824	-2.577125
2825	-1.443031
2826	-2.164498
2827	-1.654831
2828	0.255703
2829	0.753280
2830	0.413485
2831	-2.878637
2832	-1.032339
2833	-1.666063
2834	-1.614683
2835	-0.451913
2836	0.305029
2837	-1.934640
2838	-1.287611
2839	-2.329219
2840	-2.099083
2841	-1.755237
2842	-1.839713
2843	2.224321
2844	-2.377020
2845	-1.756814
2846	-2.131064
2847	0.972221
2848	1.474159
2849	-1.242360
2850	1.349993
2851	-2.962542
2852	0.136251
2853	2.970965
2854	-1.522421
2855	0.318539
2856	-2.452121
2857	-1.967720
2858	-1.708657
2859	-1.487814
2860	-0.350796
2861	2.408034
2862	3.229206
2863	-2.533063
2864	-1.428705
2865	-2.056005
2866	-2.320738
2867	-2.443534
2868	1.258118
2869	-0.753435
2870	-3.435517
2871	2.996356
2872	0.703475
2873	-2.186961
2874	-1.586176
2875	-1.204121
2876	0.565305
2877	-1.919156
2878	-1.684562
2879	-1.379887
2880	-2.138445
2881	-2.256471
2882	1.282293
2883	2.003953
2884	-2.043945
2885	1.472901
2886	-1.537057
2887	2.213260
2888	-1.660159
2889	2.081238
2890	0.783160
2891	1.497283
2892	-1.274549
2893	0.659246
2894	-2.066596
2895	-1.681788
2896	-2.293035
2897	0.716272
2898	-1.833767
2899	-2.399844
2900	-1.277900
2901	-2.511786
2902	-0.887711
2903	-0.872708
2904	-1.960777
2905	0.752462
2906	-1.936082
2907	2.686275
2908	-2.025347
2909	2.140425
2910	-3.072176
2911	-2.233311
2912	-1.804735
2913	-2.195426
2914	-1.418936
2915	-1.944401
2916	-2.259272
2917	1.315383
2918	-1.957141
2919	-0.112769
2920	0.939866
2921	0.209458
2922	-1.080308
2923	-1.942085
2924	-2.208611
2925	1.908005
2926	0.197328
2927	-1.758402
2928	-1.426032
2929	-1.542084
2930	0.779083
2931	-2.181801
2932	-2.186986
2933	-1.562261
2934	1.544702
2935	-2.337347
2936	-1.795103
2937	-1.745182
2938	-2.004324
2939	1.892732
2940	-1.385380
2941	-2.533259
2942	1.948766
2943	-2.715546
2944	-1.307512
2945	-1.040645
2946	-1.528569
2947	0.989918
2948	-1.885313
2949	0.697042
2950	2.554350
2951	-1.379841
2952	-0.507851
2953	-1.945811
2954	1.882791
2955	-2.409983
2956	-2.776880
2957	-2.083175
2958	2.022377
2959	-2.199661
2960	1.360685
2961	1.169846
2962	1.570951
2963	1.842837
2964	-1.864943
2965	0.121009
2966	-2.239762
2967	1.115280
2968	1.356381
2969	2.897442
2970	0.132310
2971	-1.817917
2972	2.004050
2973	-1.322918
2974	-1.833619
2975	1.118399
2976	-1.960868
2977	-1.616076
2978	-1.514016
2979	-1.288318
2980	1.505803
2981	0.990939
2982	-2.144054
2983	-2.049317
2984	3.149144
2985	-1.544631
2986	0.696611
2987	-2.139379
2988	-1.802233
2989	0.193410
2990	-2.746858
2991	0.901136
2992	1.547812
2993	0.921890
2994	-1.759966
2995	-2.195780
2996	-0.165604
2997	-2.851238
2998	-1.500765
2999	0.455225
3000	1.451615
3001	-1.981898
3002	0.756142
3003	-2.468734
3004	2.867142
3005	-2.315333
3006	-2.134710
3007	0.555881
3008	-2.154147
3009	-1.816547
3010	1.607616
3011	1.905427
3012	-1.495823
3013	0.532997
3014	-0.052074
3015	1.895787
3016	2.124419
3017	-1.632874
3018	-2.050066
3019	-2.251989
3020	1.346493
3021	-3.538167
3022	-1.260011
3023	-1.530573
3024	-2.321132
3025	-1.914535
3026	1.673254
3027	-1.400181
3028	1.054168
3029	-1.905059
3030	-0.963686
3031	2.089804
3032	-1.229509
3033	-1.564138
3034	0.799330
3035	-1.573940
3036	-2.395297
3037	-1.837581
3038	-1.551835
3039	-2.553822
3040	-1.931195
3041	-0.181630
3042	-2.468871
3043	-2.461698
3044	0.328046
3045	-2.174361
3046	-1.588641
3047	-2.590977
3048	2.331252
3049	-1.881218
3050	-2.276388
3051	-1.217898
3052	-2.240024
3053	1.014321
3054	-2.337469
3055	-1.648349
3056	-2.307443
3057	1.166672
3058	-0.039196
3059	1.524148
3060	-1.380656
3061	-1.101902
3062	-1.873131
3063	2.145289
3064	-2.923309
3065	-1.734178
3066	-1.424960
3067	-2.353013
3068	-1.589323
3069	-0.039204
3070	-2.164477
3071	-2.758912
3072	-1.634983
3073	-2.378460
3074	-1.644241
3075	-2.657119
3076	1.905846
3077	0.283571
3078	0.715594
3079	2.496933
3080	1.790182
3081	-1.912469
3082	-1.939151
3083	1.328375
3084	-2.359010
3085	-2.214667
3086	-1.726041
3087	-2.453885
3088	-1.514337
3089	1.531023
3090	-1.381779
3091	-2.098367
3092	-1.727343
3093	-0.111490
3094	-1.765466
3095	1.297256
3096	-1.540068
3097	-1.321947
3098	2.602801
3099	2.115875
3100	0.532761
3101	0.961908
3102	-1.873236
3103	-2.379628
3104	-1.841502
3105	-2.353250
3106	0.405284
3107	-2.092270
3108	-0.391943
3109	2.309850
3110	1.438422
3111	0.579771
3112	0.913820
3113	-2.555700
3114	-0.125551
3115	0.021541
3116	-1.533638
3117	-2.156577
3118	-1.356749
3119	2.496804
3120	0.649674
3121	-2.410175
3122	-2.951289
3123	-1.872430
3124	1.200264
3125	-1.783072
3126	-1.235530
3127	0.093263
3128	2.281870
3129	-2.854974
3130	2.799467
3131	-1.170078
3132	-1.887636
3133	0.358570
3134	-1.732786
3135	0.618695
3136	1.127119
3137	-1.276176
3138	-1.834327
3139	0.048972
3140	-2.608410
3141	1.848681
3142	-1.860833
3143	-2.440187
3144	-1.495821
3145	-2.339374
3146	0.573035
3147	-1.513036
3148	0.331305
3149	-0.431358
3150	-2.459125
3151	-1.595624
3152	-2.301111
3153	-2.509067
3154	-1.901236
3155	-2.110747
3156	-1.705642
3157	0.432596
3158	-1.753550
3159	-1.452637
3160	-1.509582
3161	2.027806
3162	-1.930745
3163	-2.060727
3164	2.209094
3165	-2.149671
3166	-2.136621
3167	-3.462141
3168	0.219102
3169	2.862546
3170	-2.164825
3171	1.585281
3172	-2.667906
3173	0.153528
3174	1.601637
3175	0.605478
3176	-1.460494
3177	1.771502
3178	-2.034720
3179	-1.810234
3180	-1.846321
3181	-2.106512
3182	-2.795798
3183	-2.416754
3184	-2.146977
3185	-2.728630
3186	-1.997287
3187	-1.958171
3188	-1.995618
3189	-2.459382
3190	-2.061266
3191	-1.784318
3192	-2.463685
3193	0.109332
3194	-0.099112
3195	-1.610071
3196	1.835852
3197	0.613267
3198	-1.991282
3199	-1.269584
3200	1.389948
3201	1.036636
3202	1.489294
3203	-2.181962
3204	1.047468
3205	-1.968313
3206	-0.274022
3207	-1.697022
3208	-2.143404
3209	-2.788006
3210	-1.741140
3211	0.376785
3212	1.744124
3213	2.329016
3214	-2.663879
3215	-1.732020
3216	-1.767519
3217	2.237075
3218	-2.068568
3219	-3.049776
3220	3.003851
3221	-1.736116
3222	0.909100
3223	-2.202341
3224	-2.230668
3225	-2.413958
3226	-0.285084
3227	-1.908232
3228	-1.643328
3229	2.724429
3230	-2.671289
3231	-0.627835
3232	-1.546262
3233	-1.853402
3234	-1.783219
3235	1.428675
3236	0.112393
3237	-0.071879
3238	-1.990204
3239	-1.631210
3240	1.298551
3241	-1.914329
3242	-0.038817
3243	-2.010508
3244	-0.747535
3245	-0.894720
3246	0.217502
3247	-1.642064
3248	-2.408231
3249	-2.802635
3250	-2.266920
3251	-1.778588
3252	1.910527
3253	-2.234678
3254	-2.035799
3255	-2.278792
3256	-2.089427
3257	2.056400
3258	-1.138420
3259	-1.953084
3260	1.288914
3261	-1.586946
3262	-1.698802
3263	-2.992796
3264	-2.278524
3265	-1.051195
3266	-2.384322
3267	-2.275919
3268	-1.987345
3269	-2.825357
3270	-1.133359
3271	0.705793
3272	0.299411
3273	-2.414642
3274	-1.659677
3275	2.246460
3276	-1.741258
3277	0.984469
3278	1.373304
3279	-1.915390
3280	-2.166490
3281	1.532931
3282	2.212567
3283	1.792816
3284	-2.103604
3285	-2.337964
3286	0.504688
3287	1.866220
3288	0.369802
3289	0.665625
3290	1.745920
3291	-0.601724
3292	1.190224
3293	-2.358008
3294	-1.590499
3295	-1.811573
3296	-2.262524
3297	1.703252
3298	-1.585163
3299	-2.727136
3300	-2.229248
3301	-2.990505
3302	-1.632503
3303	-2.835336
3304	-2.644635
3305	-2.130147
3306	2.228417
3307	-1.497004
3308	-2.474712
3309	-1.019425
3310	-0.699932
3311	2.313430
3312	-1.109450
3313	-1.989595
3314	1.439294
3315	0.802731
3316	-1.676398
3317	-2.033684
3318	-0.976894
3319	2.225644
3320	-2.692193
3321	-1.816862
3322	4.414434
3323	-2.243393
3324	-1.614746
3325	-1.040708
3326	-1.633788
3327	-2.559048
3328	1.556100
3329	1.610920
3330	-1.563958
3331	-0.044162
3332	-0.802059
3333	-2.415092
3334	-2.358215
3335	-2.648983
3336	-1.354320
3337	-1.058359
3338	0.726907
3339	-2.080870
3340	1.755054
3341	1.864238
3342	0.350410
3343	-1.535287
3344	-2.085161
3345	-2.006140
3346	1.406765
3347	0.979554
3348	-2.571065
3349	1.099092
3350	3.506406
3351	-0.642876
3352	-2.451367
3353	-2.344030
3354	-1.017617
3355	0.420578
3356	3.588734
3357	-1.999675
3358	-2.520841
3359	-2.042741
3360	-1.481683
3361	-2.224095
3362	-0.852938
3363	-2.377977
3364	-1.687057
3365	-0.903354
3366	-2.304043
3367	-1.443390
3368	2.351998
3369	-2.572321
3370	-2.111744
3371	-0.452170
3372	-1.630166
3373	1.526166
3374	0.159302
3375	1.488178
3376	0.903380
3377	-0.272963
3378	-1.408692
3379	0.494867
3380	0.851851
3381	-1.842889
3382	1.597461
3383	-0.815811
3384	-1.922360
3385	3.024564
3386	-1.757650
3387	-2.114612
3388	-1.414464
3389	2.954155
3390	-1.777831
3391	0.104822
3392	-1.811687
3393	0.756368
3394	1.823494
3395	-1.773135
3396	-0.624714
3397	-1.667370
3398	0.767241
3399	-1.862054
3400	-2.191935
3401	-0.560677
3402	0.620316
3403	-2.699677
3404	-2.019912
3405	-2.154925
3406	0.774259
3407	0.202612
3408	1.059249
3409	-2.397022
3410	-2.792565
3411	0.038506
3412	-2.175574
3413	-2.011688
3414	-2.344504
3415	-3.500288
3416	-1.518373
3417	-1.780285
3418	-2.927175
3419	-2.046776
3420	0.021162
3421	-2.111442
3422	0.245251
3423	1.925797
3424	-1.070235
3425	1.857683
3426	2.687641
3427	-1.848779
3428	-0.219288
3429	-1.651877
3430	1.050996
3431	1.680725
3432	0.574002
3433	-2.022383
3434	-1.837731
3435	-1.568202
3436	1.596318
3437	-2.834277
3438	-0.193599
3439	-2.258666
3440	-2.809124
3441	-2.045053
3442	0.734786
3443	0.770346
3444	-2.060450
3445	-1.912307
3446	2.089357
3447	0.114845
3448	2.534795
3449	-1.430119
3450	-1.742852
3451	-1.505673
3452	-2.314384
3453	-1.491115
3454	1.304962
3455	-2.151831
3456	-2.771285
3457	1.014740
3458	-1.903403
3459	-1.445560
3460	0.589436
3461	-0.143723
3462	0.894838
3463	-2.032578
3464	-2.361139
3465	-2.069783
3466	2.106236
3467	-1.453478
3468	2.297095
3469	1.972813
3470	-1.638468
3471	-1.461636
3472	1.950277
3473	-2.710274
3474	0.036881
3475	2.178556
3476	0.772367
3477	-2.360769
3478	-2.176929
3479	-2.327143
3480	-1.997371
3481	-1.903663
3482	2.524771
3483	-2.186444
3484	-2.048236
3485	-1.028431
3486	-0.017856
3487	-2.043341
3488	2.011458
3489	-2.281946
3490	-2.087858
3491	-1.300126
3492	-1.907960
3493	-2.720708
3494	0.086465
3495	-2.665867
3496	2.273780
3497	-1.688896
3498	-1.396035
3499	-2.617846
3500	-1.059382
3501	0.495034
3502	-2.385423
3503	-2.007456
3504	-1.861297
3505	-1.789396
3506	-2.158112
3507	-1.122057
3508	1.905179
3509	-2.207240
3510	-2.445436
3511	1.322116
3512	1.922748
3513	-1.836725
3514	-2.330707
3515	0.898153
3516	-1.258286
3517	-2.599927
3518	-2.624798
3519	-1.504254
3520	2.887285
3521	0.667776
3522	-1.954975
3523	0.598706
3524	-2.017220
3525	-2.639794
3526	1.499154
3527	0.376070
3528	-2.357034
3529	-1.653148
3530	-1.639887
3531	-2.082037
3532	-0.082651
3533	-0.406854
3534	-1.534527
3535	3.249129
3536	-2.329455
3537	-2.263378
3538	1.750938
3539	-2.375035
3540	3.243079
3541	-1.823347
3542	-2.861171
3543	-2.297958
3544	0.233924
3545	-2.020933
3546	0.084529
3547	-1.031748
3548	1.548450
3549	-0.042540
3550	1.293209
3551	1.723722
3552	1.769027
3553	2.460661
3554	-1.980256
3555	-2.254885
3556	-1.365846
3557	-1.574138
3558	0.133560
3559	2.869609
3560	-1.712861
3561	-2.497720
3562	-2.029996
3563	-1.714526
3564	-0.278002
3565	-1.728745
3566	0.909980
3567	0.889045
3568	-1.688588
3569	-2.151157
3570	-1.511465
3571	0.415837
3572	1.393838
3573	-1.672626
3574	-2.247579
3575	-2.111523
3576	1.296132
3577	1.045395
3578	-0.064726
3579	-1.796192
3580	-2.231004
3581	-1.866290
3582	1.042671
3583	2.290657
3584	-0.068448
3585	2.385571
3586	-1.078238
3587	-1.457177
3588	-2.706919
3589	-0.652553
3590	-2.295738
3591	0.014282
3592	-1.608164
3593	-3.225695
3594	1.527505
3595	1.695686
3596	-2.397770
3597	-3.095968
3598	-2.059433
3599	-0.284121
3600	-0.635896
3601	-3.002059
3602	1.070237
3603	-1.462001
3604	-2.850573
3605	-1.058501
3606	-1.993959
3607	-1.165369
3608	-0.040697
3609	-1.922490
3610	-2.494525
3611	-1.509295
3612	-2.567277
3613	-1.443495
3614	-1.696478
3615	-2.360905
3616	-2.638197
3617	1.769538
3618	-2.074066
3619	-2.141518
3620	-1.487539
3621	-0.461258
3622	-2.046637
3623	2.479699
3624	-1.699658
3625	-1.838159
3626	2.269587
3627	1.640674
3628	-0.112118
3629	0.682918
3630	-2.285856
3631	1.401425
3632	1.660903
3633	1.910190
3634	-1.442318
3635	-0.907231
3636	-0.596356
3637	-2.448758
3638	-1.551639
3639	-1.743165
3640	-2.698524
3641	-1.954942
3642	-1.832840
3643	-1.872723
3644	-2.732368
3645	-1.824619
3646	-1.166905
3647	1.435251
3648	-0.168183
3649	1.468139
3650	-1.795633
3651	-2.739094
3652	-2.441916
3653	-1.828919
3654	-2.594704
3655	0.937630
3656	0.870228
3657	-2.144773
3658	-1.358346
3659	-0.685816
3660	-1.745172
3661	-1.556715
3662	-1.124137
3663	1.857113
3664	-2.421384
3665	1.301868
3666	-2.254744
3667	1.020625
3668	0.779888
3669	-2.427836
3670	1.036184
3671	-1.803025
3672	-1.898178
3673	-2.083896
3674	-1.229685
3675	-2.002026
3676	-1.763062
3677	1.503508
3678	-2.644652
3679	0.388495
3680	-2.732794
3681	-0.645134
3682	-1.804304
3683	-1.564919
3684	-2.716328
3685	0.897039
3686	3.661987
3687	0.682575
3688	-2.313885
3689	2.025152
3690	1.684512
3691	-2.424797
3692	-2.096930
3693	-1.886748
3694	-1.317674
3695	0.967030
3696	0.620024
3697	1.203588
3698	-0.859168
3699	2.575960
3700	0.102458
3701	-1.167333
3702	1.190900
3703	1.910597
3704	-1.757911
3705	-2.374754
3706	1.788384
3707	-1.525102
3708	-2.300976
3709	1.181590
3710	1.141555
3711	-2.267893
3712	0.348898
3713	-0.996565
3714	-2.266478
3715	-1.940739
3716	2.874377
3717	-1.687355
3718	-1.217154
3719	-1.641065
3720	1.869891
3721	-2.910541
3722	-0.130306
3723	0.131640
3724	-2.171063
3725	-1.449199
3726	1.359210
3727	-1.800815
3728	-0.606643
3729	-2.413349
3730	-2.500786
3731	-2.161888
3732	-2.115027
3733	-1.600443
3734	-2.510779
3735	-1.269928
3736	-1.428839
3737	2.239039
3738	-1.132030
3739	2.008616
3740	-1.844463
3741	-2.880235
3742	-2.276399
3743	0.506223
3744	-2.726492
3745	-2.794546
3746	-2.612962
3747	0.017787
3748	-0.494517
3749	0.070706
3750	-1.469773
3751	1.735002
3752	-1.927443
3753	1.731111
3754	-1.861824
3755	-1.650498
3756	-2.174565
3757	-2.035616
3758	-1.321893
3759	-1.319125
3760	-1.879671
3761	-2.217223
3762	-2.268478
3763	3.070172
3764	-1.835478
3765	-1.889204
3766	-2.061043
3767	2.241287
3768	-0.289299
3769	-1.802647
3770	-2.625838
3771	-2.488202
3772	1.405550
3773	1.180312
3774	-1.603844
3775	-2.300436
3776	-2.916695
3777	-1.726143
3778	-0.775180
3779	0.288032
3780	0.643192
3781	-1.968130
3782	-3.468470
3783	-1.688642
3784	-2.501412
3785	-1.638638
3786	-2.032372
3787	0.931292
3788	-2.470209
3789	-1.518769
3790	0.384272
3791	-1.500258
3792	-2.344356
3793	-2.622863
3794	-2.330861
3795	0.259793
3796	0.228962
3797	2.074154
3798	-1.840004
3799	-2.428643
3800	0.712839
3801	-2.018339
3802	-1.902445
3803	-2.599733
3804	0.736335
3805	-2.685273
3806	-2.095257
3807	-1.257746
3808	1.752748
3809	1.380503
3810	1.063670
3811	1.847425
3812	-1.970558
3813	-1.971730
3814	-1.749078
3815	1.426892
3816	0.748539
3817	-0.838435
3818	-0.373986
3819	1.261136
3820	-2.287996
3821	-2.509242
3822	-2.369203
3823	-1.915954
3824	0.463387
3825	-2.339758
3826	-2.077759
3827	-1.820740
3828	-2.443243
3829	1.702403
3830	-2.324413
3831	-2.588613
3832	-0.540150
3833	-1.783665
3834	-0.066269
3835	2.123216
3836	0.502625
3837	-0.199555
3838	-1.765865
3839	-2.282757
3840	-1.460403
3841	-2.139021
3842	-2.438659
3843	-2.653871
3844	-2.716758
3845	0.341764
3846	-2.672010
3847	1.537280
3848	1.165230
3849	-1.121820
3850	-1.802290
3851	-2.117612
3852	-0.958636
3853	-1.738589
3854	-1.771158
3855	-1.475984
3856	0.753873
3857	-0.110914
3858	2.073192
3859	-2.221279
3860	0.373104
3861	1.634563
3862	-1.869505
3863	-2.457180
3864	0.796105
3865	-1.391549
3866	-2.323594
3867	-2.506929
3868	2.252054
3869	0.125211
3870	-2.393725
3871	0.968570
3872	1.577043
3873	0.962960
3874	-1.467797
3875	1.290123
3876	-3.244231
3877	2.897521
3878	0.200235
3879	0.953438
3880	2.646008
3881	-1.651910
3882	1.916072
3883	2.988470
3884	1.947260
3885	-1.197518
3886	-1.353709
3887	-1.925646
3888	-1.528574
3889	2.385287
3890	-2.899077
3891	-0.827391
3892	-2.408585
3893	1.255225
3894	-2.239562
3895	-1.951928
3896	1.501141
3897	-2.589843
3898	-2.213285
3899	-2.145360
3900	-2.503706
3901	2.083705
3902	-2.015777
3903	1.534410
3904	-0.365296
3905	-0.531939
3906	-1.772314
3907	-1.225038
3908	-2.133191
3909	-2.543295
3910	2.168773
3911	-2.251446
3912	0.051414
3913	0.495375
3914	0.368219
3915	-1.722725
3916	0.434782
3917	-2.830204
3918	-0.901774
3919	-2.455899
3920	0.320464
3921	-1.219191
3922	-2.134603
3923	-1.586190
3924	-1.587431
3925	2.122062
3926	-2.118695
3927	-2.486021
3928	1.391743
3929	1.110784
3930	-1.519254
3931	-2.196734
3932	-1.447235
3933	-2.396124
3934	1.886720
3935	-1.337804
3936	-1.905610
3937	-2.373204
3938	-2.704865
3939	0.277378
3940	-1.469783
3941	0.393638
3942	0.827464
3943	-1.551632
3944	-1.070170
3945	-3.162844
3946	0.301455
3947	0.522597
3948	-3.332875
3949	2.499754
3950	-0.016243
3951	-1.520059
3952	1.459679
3953	-0.572133
3954	1.715398
3955	-1.554204
3956	-2.479999
3957	-1.141594
3958	-0.780142
3959	-0.087624
3960	-1.500588
3961	-2.614969
3962	-2.647845
3963	-2.915351
3964	1.068206
3965	-2.165421
3966	1.699740
3967	-2.199420
3968	-1.438646
3969	-1.971542
3970	1.352907
3971	-1.800763
3972	-1.596129
3973	-2.532907
3974	-3.032640
3975	-1.163772
3976	-1.803606
3977	0.040301
3978	-1.338337
3979	-1.936207
3980	-1.341465
3981	-2.202056
3982	0.782932
3983	-1.710274
3984	1.032297
3985	1.520534
3986	1.369621
3987	-2.007427
3988	0.924582
3989	1.077237
3990	-2.266533
3991	-1.318308
3992	-0.115452
3993	-1.978940
3994	2.113517
3995	-2.451981
3996	-0.494725
3997	1.968737
3998	-2.179438
3999	-1.856367
4000	-2.126451
4001	-1.554141
4002	-2.800467
4003	-2.176995
4004	1.856250
4005	-2.457880
4006	-2.321036
4007	1.018540
4008	-0.803875
4009	-1.593127
4010	0.457287
4011	0.401695
4012	2.013976
4013	-1.588580
4014	-1.043341
4015	1.130440
4016	-2.112960
4017	0.150513
4018	-0.991389
4019	-2.109755
4020	1.647990
4021	-2.891653
4022	-2.227100
4023	-0.782826
4024	1.205208
4025	-1.293281
4026	-2.857557
4027	-2.669089
4028	-3.007986
4029	-1.865210
4030	-1.820624
4031	-2.207237
4032	-2.356619
4033	0.517635
4034	1.789727
4035	-1.264718
4036	0.347544
4037	0.986669
4038	-1.772911
4039	0.849905
4040	-2.602981
4041	0.385328
4042	-1.433891
4043	2.467003
4044	0.152928
4045	-1.983074
4046	1.730700
4047	-1.718055
4048	-2.814556
4049	-3.197454
4050	3.268571
4051	-2.251972
4052	-2.439677
4053	-1.592281
4054	-0.255083
4055	-2.415633
4056	-0.663026
4057	2.646671
4058	-2.111854
4059	-2.050932
4060	-2.313206
4061	-2.141917
4062	-1.838986
4063	1.927331
4064	0.216961
4065	-1.666400
4066	2.188099
4067	-1.677547
4068	-1.578096
4069	-2.079754
4070	-2.522146
4071	-2.251160
4072	-1.081082
4073	1.987265
4074	-1.863433
4075	0.470308
4076	-1.904226
4077	-2.404658
4078	2.524036
4079	-1.929878
4080	0.249865
4081	-1.662955
4082	-2.524349
4083	-1.885739
4084	-1.765694
4085	-2.127189
4086	1.033527
4087	-1.549168
4088	0.419517
4089	-1.941590
4090	-2.429157
4091	-2.441706
4092	-0.309174
4093	1.542708
4094	-2.144354
4095	-1.202946
4096	0.681579
4097	0.532023
4098	1.807509
4099	0.927953
4100	1.655119
4101	-1.625290
4102	-2.804459
4103	2.498996
4104	1.872069
4105	-2.035921
4106	1.262386
4107	-1.666757
4108	-2.378962
4109	0.598387
4110	-1.561495
4111	1.258512
4112	-2.037451
4113	-2.739204
4114	-2.765646
4115	-1.786322
4116	-0.545150
4117	0.926947
4118	-2.304572
4119	-2.139699
4120	-0.447997
4121	1.480404
4122	-0.367021
4123	2.751000
4124	-1.631148
4125	-1.158222
4126	-3.141672
4127	-1.889194
4128	1.309445
4129	-2.075725
4130	-1.863241
4131	-1.688527
4132	-1.903871
4133	0.000201
4134	-2.389688
4135	1.195739
4136	-2.430551
4137	0.178347
4138	-2.121400
4139	-2.320371
4140	-1.826517
4141	1.087444
4142	0.254984
4143	-1.585465
4144	-0.346717
4145	1.225961
4146	-2.711027
4147	-2.262632
4148	0.282357
4149	1.003089
4150	2.384625
4151	-1.721169
4152	-2.831809
4153	-2.018084
4154	0.185892
4155	0.778883
4156	-0.776901
4157	-2.552592
4158	-1.862215
4159	-2.317746
4160	0.911045
4161	-2.160901
4162	-1.743991
4163	-1.843957
4164	1.579287
4165	0.333962
4166	1.091895
4167	-1.502220
4168	1.145058
4169	-1.598844
4170	-1.519109
4171	-1.785859
4172	-2.616091
4173	-2.069076
4174	1.523714
4175	2.468682
4176	-1.179612
4177	0.432592
4178	1.883985
4179	4.082708
4180	1.590736
4181	-2.120364
4182	0.193477
4183	-2.102748
4184	-1.235923
4185	-0.306962
4186	1.236708
4187	-2.078970
4188	-1.619983
4189	-2.039294
4190	-2.180950
4191	-2.183111
4192	-2.486902
4193	-2.331145
4194	-2.328296
4195	-1.811276
4196	-0.171242
4197	-1.364559
4198	-1.890640
4199	-0.366839
4200	-1.704712
4201	-2.426782
4202	1.942929
4203	1.090460
4204	-1.362752
4205	-1.789484
4206	-1.983957
4207	-2.688606
4208	-1.732020
4209	-2.019300
4210	-1.868777
4211	-2.361274
4212	-2.163645
4213	-1.918858
4214	1.320994
4215	1.571292
4216	1.058940
4217	-2.535221
4218	-1.501045
4219	-1.924903
4220	-1.619749
4221	2.407911
4222	-0.222619
4223	1.592579
4224	-2.636456
4225	-2.376258
4226	1.008484
4227	-0.361286
4228	0.460851
4229	-2.891869
4230	-1.368718
4231	-1.194163
4232	0.629755
4233	-2.314079
4234	-1.668897
4235	-1.496976
4236	-2.334911
4237	-1.609614
4238	3.058664
4239	-2.104447
4240	1.225373
4241	-1.590364
4242	-1.070743
4243	-1.971742
4244	1.541620
4245	-1.872265
4246	1.346430
4247	-1.832285
4248	-2.496495
4249	-1.640331
4250	-2.462492
4251	-1.667543
4252	-1.436993
4253	-1.998679
4254	-1.884900
4255	-2.379166
4256	-2.362564
4257	-2.243881
4258	1.318212
4259	-2.088135
4260	-2.586074
4261	-2.242025
4262	1.261351
4263	-1.903396
4264	0.813681
4265	2.683883
4266	1.710904
4267	-2.352829
4268	1.539317
4269	-1.506334
4270	-0.096626
4271	-1.151763
4272	0.237713
4273	-2.550137
4274	-1.230366
4275	0.818493
4276	-1.736327
4277	-2.606669
4278	-2.514095
4279	-1.869365
4280	2.145301
4281	-1.529829
4282	-2.031087
4283	-2.192424
4284	1.360916
4285	-2.746927
4286	1.906003
4287	-1.684836
4288	-2.503552
4289	0.487766
4290	-1.514458
4291	-2.418526
4292	-1.510796
4293	0.450304
4294	-1.077083
4295	-2.056883
4296	0.917270
4297	-1.787901
4298	-2.702533
4299	-2.235027
4300	-1.620463
4301	-2.462617
4302	-1.622778
4303	0.186521
4304	1.216819
4305	-2.120636
4306	-2.437165
4307	-2.020624
4308	-1.570289
4309	-2.222274
4310	-1.529389
4311	-2.517897
4312	-1.551179
4313	-0.611718
4314	0.054938
4315	-0.322031
4316	-1.602532
4317	-0.337361
4318	0.795989
4319	-2.448443
4320	-2.748426
4321	-2.037903
4322	0.536809
4323	-2.396338
4324	0.930134
4325	2.927327
4326	-2.085659
4327	-2.289086
4328	0.756835
4329	-2.131437
4330	2.325876
4331	-1.563485
4332	1.136600
4333	1.408308
4334	-2.422184
4335	-2.439043
4336	-2.355441
4337	-2.014497
4338	1.482335
4339	-2.680243
4340	1.859797
4341	-2.183778
4342	0.898312
4343	-0.489670
4344	-2.804607
4345	1.356844
4346	-2.544625
4347	-2.201848
4348	2.551363
4349	-1.775773
4350	1.981056
4351	-2.340727
4352	-2.340124
4353	1.049909
4354	-1.982009
4355	-1.658113
4356	-1.826141
4357	2.828394
4358	0.819444
4359	-2.314868
4360	-2.301182
4361	2.477618
4362	-2.203047
4363	3.098810
4364	0.597197
4365	2.068754
4366	0.512083
4367	-2.740833
4368	1.524113
4369	-1.311516
4370	-2.157039
4371	0.387208
4372	-1.956581
4373	1.095054
4374	-2.227501
4375	2.176790
4376	-2.358448
4377	-1.815233
4378	0.595021
4379	1.186629
4380	-1.314567
4381	-2.151283
4382	-2.507078
4383	-0.263584
4384	-2.557188
4385	-3.120777
4386	-1.791215
4387	-2.138265
4388	1.911202
4389	1.883976
4390	0.804445
4391	-1.910318
4392	-2.149423
4393	-1.695836
4394	-1.714374
4395	-2.323398
4396	-2.471886
4397	-1.618145
4398	-2.118791
4399	-1.653495
4400	-1.620029
4401	0.590436
4402	-2.105734
4403	-0.042449
4404	-2.087579
4405	-2.140890
4406	-2.234787
4407	0.408752
4408	-0.750028
4409	1.208097
4410	-0.324569
4411	1.547702
4412	1.081789
4413	-1.744463
4414	0.509649
4415	-2.077077
4416	1.231768
4417	0.184301
4418	-2.371994
4419	2.653203
4420	0.290685
4421	-2.323748
4422	-1.931687
4423	1.450431
4424	-1.842634
4425	-1.965403
4426	-1.073674
4427	-1.195660
4428	0.184798
4429	-1.500820
4430	-2.510174
4431	-1.617188
4432	-1.847095
4433	-2.579118
4434	-0.052017
4435	-2.168138
4436	-1.687203
4437	-2.157631
4438	-2.763407
4439	-1.635085
4440	-1.971516
4441	-1.611300
4442	-2.214655
4443	1.775684
4444	-0.914494
4445	-1.694187
4446	1.888133
4447	-2.359323
4448	0.862626
4449	-2.426873
4450	2.362596
4451	0.656586
4452	-1.694153
4453	-2.074136
4454	-2.927974
4455	-1.852657
4456	0.810108
4457	1.073351
4458	-2.202283
4459	1.429733
4460	-2.501949
4461	-3.044853
4462	-1.942544
4463	1.885822
4464	1.423614
4465	-2.278833
4466	-2.666814
4467	-1.601879
4468	-1.549215
4469	0.482703
4470	1.380582
4471	-1.070495
4472	-2.259635
4473	-1.669747
4474	-1.984712
4475	-1.440342
4476	-1.051478
4477	-2.403610
4478	0.238083
4479	-2.449962
4480	-1.853714
4481	1.710667
4482	-1.526884
4483	-0.975481
4484	-1.304872
4485	-2.517174
4486	0.749920
4487	1.178504
4488	-1.827679
4489	-1.960290
4490	2.061495
4491	-2.640440
4492	-0.180483
4493	1.855584
4494	-2.226347
4495	-2.084198
4496	1.602869
4497	-1.877318
4498	0.936538
4499	-2.881495
4500	-1.781946
4501	-1.814898
4502	-2.121332
4503	-1.546363
4504	0.921857
4505	-1.708901
4506	-2.125983
4507	1.907720
4508	1.232060
4509	-3.384854
4510	0.921544
4511	-0.103918
4512	-1.631859
4513	1.983435
4514	1.918924
4515	-1.676452
4516	-2.224824
4517	-2.376957
4518	0.503711
4519	-2.773489
4520	-0.245638
4521	-1.897104
4522	-1.337850
4523	-2.013307
4524	-1.952256
4525	1.658573
4526	-2.356020
4527	-1.887310
4528	0.838250
4529	0.315867
4530	-2.203991
4531	-2.616638
4532	-2.658829
4533	-1.722953
4534	1.078946
4535	-2.168193
4536	1.862537
4537	-2.367219
4538	-2.085753
4539	0.012182
4540	1.246677
4541	-2.224685
4542	-1.679539
4543	-1.793267
4544	1.516951
4545	0.066371
4546	1.458698
4547	-2.071860
4548	-2.432870
4549	-2.320768
4550	-1.902744
4551	-1.522811
4552	2.507803
4553	-2.396473
4554	-1.070006
4555	-2.237591
4556	-2.202383
4557	-0.299722
4558	1.072744
4559	-1.835066
4560	-2.325731
4561	1.284051
4562	0.262546
4563	-1.470287
4564	-1.468762
4565	-1.711104
4566	-0.904079
4567	-2.580665
4568	-1.984659
4569	-2.076933
4570	-2.097458
4571	-1.565624
4572	1.274991
4573	-2.787994
4574	-1.169727
4575	-2.340616
4576	-1.752171
4577	1.227808
4578	-0.490726
4579	-0.061096
4580	-2.893631
4581	-2.093273
4582	-1.301778
4583	0.839883
4584	-0.263917
4585	-1.184738
4586	3.560204
4587	-1.674640
4588	-2.114578
4589	-0.125100
4590	-1.865629
4591	-2.044738
4592	-1.766434
4593	0.494917
4594	0.406601
4595	-2.050435
4596	-0.153332
4597	-2.268111
4598	1.275105
4599	-2.412809
4600	-0.803187
4601	-2.755553
4602	-1.569090
4603	-1.588393
4604	-1.803207
4605	1.670417
4606	-1.296141
4607	1.535806
4608	-1.659845
4609	-1.523337
4610	0.664634
4611	-2.436733
4612	-1.953503
4613	2.933458
4614	2.509450
4615	3.283062
4616	-1.543194
4617	-0.394771
4618	1.816224
4619	1.993527
4620	-2.488779
4621	-2.874046
4622	1.101954
4623	1.828514
4624	-2.276361
4625	1.366611
4626	-2.156666
4627	-2.004596
4628	0.723724
4629	-2.196498
4630	1.644001
4631	-1.221373
4632	-1.837337
4633	1.101326
4634	1.998852
4635	-1.326507
4636	-2.781361
4637	1.697341
4638	-1.626562
4639	-1.840956
4640	-0.343728
4641	-2.677058
4642	-2.170633
4643	-1.916215
4644	-2.687043
4645	-0.553334
4646	-2.877262
4647	-2.140727
4648	-1.747419
4649	-2.400928
4650	0.637118
4651	-0.475949
4652	-2.254960
4653	-1.710111
4654	-2.569663
4655	0.188210
4656	-1.793449
4657	-0.218394
4658	1.245342
4659	1.454299
4660	0.244398
4661	-2.926740
4662	-2.154847
4663	2.072631
4664	0.879262
4665	-1.338730
4666	3.156677
4667	1.497666
4668	0.395277
4669	-1.524597
4670	-2.359876
4671	1.662821
4672	1.362891
4673	2.047275
4674	1.863950
4675	-2.207394
4676	-0.912202
4677	-2.317187
4678	0.884648
4679	1.240030
4680	-1.881688
4681	-2.185291
4682	-2.515594
4683	-1.668689
4684	0.513756
4685	-1.714847
4686	-1.516175
4687	-2.263066
4688	1.642514
4689	-0.215075
4690	2.235000
4691	-2.258564
4692	-1.654440
4693	0.665105
4694	-1.905116
4695	2.812505
4696	1.195616
4697	-2.759976
4698	0.176801
4699	1.803112
4700	-1.217881
4701	-1.747733
4702	-2.686654
4703	-1.381803
4704	-2.177363
4705	-2.749605
4706	-2.162060
4707	-3.104417
4708	-2.076199
4709	-1.494940
4710	0.267684
4711	-2.149454
4712	-2.332957
4713	-2.116880
4714	0.782497
4715	-0.662130
4716	1.132699
4717	-1.455014
4718	0.591540
4719	-2.461013
4720	-1.102029
4721	2.229982
4722	0.699115
4723	-2.253791
4724	0.985222
4725	-2.202498
4726	-1.806397
4727	-1.132752
4728	-0.118544
4729	-1.832241
4730	-2.825299
4731	0.609730
4732	-1.610296
4733	-2.630510
4734	-2.691203
4735	-3.015684
4736	-0.634457
4737	1.220159
4738	1.536283
4739	-1.025754
4740	-2.135706
4741	-1.936922
4742	-1.450946
4743	-1.652133
4744	0.748201
4745	-0.323239
4746	0.102855
4747	-0.934440
4748	-1.558269
4749	-2.551792
4750	-2.064999
4751	0.485520
4752	-1.623661
4753	-1.625126
4754	0.286664
4755	1.868951
4756	1.588229
4757	0.596138
4758	-1.808138
4759	2.071676
4760	0.208202
4761	-1.953483
4762	-2.642479
4763	-2.527305
4764	-2.141990
4765	0.882302
4766	-2.362130
4767	-1.848292
4768	-0.789697
4769	-3.089977
4770	-0.426837
4771	2.044088
4772	-2.348316
4773	1.871714
4774	-2.058662
4775	-1.484605
4776	-1.534068
4777	-1.538569
4778	-2.024175
4779	1.902406
4780	-0.398611
4781	-2.138760
4782	-0.762489
4783	-1.983908
4784	-2.647787
4785	-2.470328
4786	1.028510
4787	-1.758735
4788	0.097620
4789	0.730440
4790	-1.226456
4791	-2.289002
4792	1.931915
4793	-1.351683
4794	-1.474453
4795	-2.040523
4796	-2.171146
4797	-3.165046
4798	-2.260204
4799	-0.942604
4800	-0.581383
4801	-1.166132
4802	-1.672833
4803	0.583777
4804	-2.217951
4805	0.427017
4806	0.916428
4807	-1.604834
4808	0.858339
4809	-3.047744
4810	-1.573287
4811	-1.855975
4812	-2.430177
4813	-2.676986
4814	-2.422984
4815	-1.576169
4816	2.349101
4817	2.531504
4818	2.263293
4819	-2.110958
4820	-2.042519
4821	1.492537
4822	-2.246021
4823	-1.744086
4824	-2.102640
4825	2.560968
4826	1.151622
4827	-2.481647
4828	-1.611631
4829	3.166683
4830	-1.983419
4831	-1.836993
4832	1.080709
4833	0.120279
4834	-0.469996
4835	-1.244532
4836	-1.929811
4837	0.354172
4838	0.814294
4839	-1.075155
4840	1.349434
4841	-2.597660
4842	-2.474369
4843	-1.587273
4844	-1.815235
4845	-0.221274
4846	-2.406760
4847	-2.432862
4848	-1.784063
4849	-2.129737
4850	-2.707092
4851	-2.311192
4852	-1.803621
4853	-1.151930
4854	1.689716
4855	-1.690094
4856	-2.390784
4857	2.004926
4858	-0.913861
4859	1.494871
4860	-1.493823
4861	1.098543
4862	-2.045371
4863	0.446349
4864	0.294950
4865	1.472580
4866	-2.651379
4867	-2.268077
4868	1.252380
4869	-0.100572
4870	-1.619071
4871	0.836296
4872	-2.572770
4873	-1.726564
4874	1.604076
4875	1.552394
4876	1.966277
4877	-1.683885
4878	-2.209821
4879	2.569025
4880	-1.135207
4881	-1.972999
4882	-0.461181
4883	-2.470154
4884	-0.058085
4885	-2.762869
4886	3.262874
4887	1.790437
4888	1.157547
4889	2.277466
4890	-2.025473
4891	-2.621973
4892	-1.404159
4893	1.564117
4894	-1.080735
4895	-2.821742
4896	-1.905728
4897	0.848627
4898	-1.555064
4899	0.985665
4900	0.619094
4901	-2.365646
4902	1.071254
4903	-2.022432
4904	-2.279643
4905	0.998568
4906	-1.673198
4907	-2.087656
4908	1.212019
4909	-2.748140
4910	-0.133438
4911	1.074652
4912	-1.995069
4913	-1.182417
4914	-1.845473
4915	-1.178183
4916	2.478336
4917	-1.478822
4918	1.957895
4919	-2.780537
4920	-2.135284
4921	0.784673
4922	-2.887419
4923	-2.046285
4924	1.045614
4925	-1.429635
4926	-1.777936
4927	2.210311
4928	-2.034818
4929	-0.639988
4930	-1.754972
4931	-1.235871
4932	-2.805162
4933	1.954011
4934	-3.094955
4935	-0.619182
4936	-1.860706
4937	1.937206
4938	0.570717
4939	-1.258601
4940	-2.482292
4941	-2.155865
4942	0.855867
4943	-1.774462
4944	2.611871
4945	-2.085761
4946	-1.394508
4947	-2.429713
4948	-0.514675
4949	-1.461683
4950	1.687936
4951	-2.391724
4952	0.246847
4953	-1.407206
4954	1.851697
4955	0.564731
4956	-2.084654
4957	-1.390406
4958	-2.162241
4959	2.743788
4960	1.172234
4961	-2.421608
4962	-2.025398
4963	-2.191325
4964	1.709278
4965	-2.522796
4966	-1.477886
4967	-1.448580
4968	-2.705485
4969	-2.846345
4970	1.006368
4971	-2.028896
4972	-2.371348
4973	-2.376176
4974	0.908521
4975	2.279357
4976	-1.915677
4977	-1.969654
4978	-1.959444
4979	0.528191
4980	-2.323189
4981	-0.185477
4982	-1.931203
4983	0.903716
4984	0.897570
4985	-1.636664
4986	-0.090636
4987	-1.663991
4988	0.809416
4989	0.620931
4990	2.209255
4991	-2.545702
4992	2.046600
4993	-2.271552
4994	0.220218
4995	1.032744
4996	-2.502151
4997	1.209736
4998	-1.217766
4999	-2.457418
