0	-1.795794
1	-1.867181
2	1.469350
3	-1.944381
4	-1.781377
5	-1.914559
6	-0.215275
7	0.286285
8	-2.252163
9	0.112783
10	-2.595264
11	-1.760095
12	-1.472109
13	-1.326552
14	-1.720074
15	-2.132404
16	1.674540
17	-1.618991
18	-0.797022
19	-0.331818
20	-2.962345
21	-2.718799
22	2.013883
23	1.498867
24	-2.009956
25	1.329659
26	0.116317
27	1.045478
28	-2.013305
29	-1.947345
30	-1.012060
31	-2.111902
32	-3.407502
33	0.899154
34	-0.126724
35	-2.760124
36	-1.571977
37	2.205503
38	-1.479579
39	-0.202246
40	-0.388424
41	0.773459
42	1.989611
43	0.831841
44	-1.980520
45	-2.325243
46	-1.738963
47	-2.049956
48	-2.448598
49	-2.560649
50	-2.858830
51	1.408891
52	0.073298
53	2.646510
54	2.331742
55	-0.292176
56	1.395506
57	-2.008274
58	-2.304918
59	-1.364445
60	-2.007554
61	0.826253
62	-2.175401
63	-0.934423
64	0.701906
65	-1.813603
66	1.650378
67	-2.171945
68	-1.694797
69	-1.682593
70	-1.997266
71	-1.421748
72	1.420218
73	-1.720636
74	-2.012468
75	0.696434
76	-1.975968
77	-2.233644
78	-0.214551
79	0.805943
80	-2.294665
81	0.602801
82	-2.634700
83	0.654126
84	-1.647092
85	-2.171827
86	1.698627
87	-0.956448
88	0.668144
89	-0.716272
90	-1.670398
91	-1.503152
92	1.234105
93	0.517365
94	0.603731
95	0.328679
96	-2.471612
97	0.799824
98	-3.274112
99	-0.100360
100	-2.122183
101	-2.381567
102	-1.020383
103	-1.877839
104	-2.603721
105	-2.555536
106	-3.005282
107	-2.355773
108	-2.821269
109	-1.466323
110	2.103456
111	-2.153944
112	-1.393717
113	-2.349682
114	-2.602440
115	-2.296453
116	-2.075349
117	-2.344205
118	-2.405009
119	1.438195
120	-2.462229
121	-1.738093
122	0.942340
123	-2.734071
124	2.221686
125	0.662152
126	1.020454
127	-1.577405
128	-1.890443
129	1.522632
130	-2.133884
131	-2.702562
132	-2.314499
133	1.588556
134	-2.406186
135	0.728871
136	-3.258583
137	-2.990363
138	-2.759068
139	2.315957
140	0.767746
141	-2.776895
142	-2.763035
143	-1.896898
144	-2.143040
145	0.337575
146	0.516674
147	1.496787
148	-1.889546
149	-2.596570
150	-1.092355
151	1.091962
152	2.472167
153	-1.864707
154	-1.423091
155	0.062147
156	-1.086552
157	-2.592399
158	-1.566961
159	-1.928597
160	-1.308385
161	-2.970800
162	2.211519
163	0.779653
164	-1.523977
165	-2.164349
166	1.388574
167	-2.020778
168	-1.990068
169	-2.007749
170	0.455157
171	1.249428
172	-1.154125
173	-2.479073
174	0.419348
175	-1.592433
176	-1.875702
177	1.097985
178	-1.811946
179	-1.910691
180	-1.929058
181	1.511740
182	-2.995907
183	-1.708765
184	-2.257155
185	-1.643108
186	1.701177
187	-1.684728
188	-2.097798
189	0.585807
190	-1.075085
191	-1.434401
192	-2.123491
193	-1.914714
194	-2.650811
195	-1.037153
196	-1.902723
197	-2.403646
198	-2.092572
199	-2.098271
200	-1.478559
201	0.002642
202	-2.573231
203	-2.790534
204	-0.916766
205	2.241806
206	0.619172
207	-0.930558
208	1.260237
209	-1.805857
210	-2.020638
211	-2.056388
212	-2.953565
213	-1.249202
214	1.038197
215	-2.500071
216	-2.166899
217	-2.666308
218	-1.822178
219	-2.416730
220	-1.585429
221	-1.816840
222	-1.909818
223	0.300301
224	-0.420621
225	-2.296656
226	-1.567481
227	-2.003799
228	-1.603180
229	-2.363993
230	-2.811961
231	-1.574031
232	-1.474167
233	-2.308265
234	-1.096991
235	-1.896721
236	-1.384873
237	-2.220506
238	2.200624
239	-2.186911
240	0.647212
241	-2.434420
242	0.449048
243	0.667359
244	-1.126281
245	-1.246627
246	-2.250449
247	-2.813766
248	-2.235903
249	1.064753
250	1.114865
251	-2.080958
252	-2.495343
253	0.320282
254	-1.755284
255	-2.210360
256	-1.672859
257	1.641410
258	-1.786844
259	-1.795428
260	-1.922753
261	0.832464
262	1.777514
263	-2.070728
264	1.929558
265	1.334352
266	0.103158
267	-2.424919
268	-1.494693
269	2.194342
270	-2.337850
271	1.164026
272	1.778989
273	-2.184089
274	0.834960
275	-1.822436
276	-0.435219
277	0.051535
278	-1.280167
279	0.125110
280	-1.851792
281	-2.270511
282	-2.322545
283	1.566669
284	1.036187
285	-1.822080
286	-1.687797
287	1.356641
288	1.349075
289	-2.437855
290	-2.589604
291	-2.940087
292	-2.203323
293	-1.731453
294	-1.482622
295	-1.786417
296	-1.585471
297	-2.683553
298	-1.957500
299	-2.009436
300	-2.476135
301	-1.853344
302	-1.962263
303	1.380121
304	-2.230077
305	-2.399960
306	2.123738
307	-0.102437
308	-2.646058
309	-1.852558
310	-1.203530
311	-2.104962
312	-1.719749
313	1.621689
314	1.239728
315	-2.450140
316	-2.818462
317	1.285472
318	-2.203967
319	-1.822776
320	-1.606903
321	1.068483
322	-1.660678
323	1.191720
324	-0.835045
325	-1.764221
326	0.621891
327	-1.593490
328	2.810307
329	-1.946504
330	0.014190
331	-2.218316
332	-1.828300
333	-1.515144
334	-2.442713
335	-2.121224
336	-2.521476
337	0.555071
338	-2.551998
339	-1.921914
340	-1.899946
341	-1.989306
342	-2.453161
343	-1.956326
344	-1.566933
345	1.878334
346	1.089441
347	-1.837879
348	-1.815689
349	-2.321404
350	0.345012
351	-1.592288
352	0.982816
353	1.645987
354	-1.525795
355	-0.382662
356	-2.277579
357	-0.018696
358	0.785678
359	-2.113223
360	-2.496203
361	0.121612
362	-2.655444
363	0.333954
364	1.386696
365	-2.197821
366	0.323943
367	-2.297419
368	-1.660103
369	0.585755
370	-1.539153
371	-1.903489
372	1.703808
373	0.288211
374	-1.902148
375	-1.780352
376	-2.030912
377	-1.108954
378	1.207072
379	-1.552318
380	-2.088467
381	-1.168917
382	-2.063742
383	-2.551388
384	0.287046
385	1.549987
386	0.995381
387	-1.249946
388	-0.430128
389	0.386468
390	0.372315
391	1.317196
392	-1.543525
393	0.106576
394	-2.750243
395	-1.295331
396	-1.667316
397	-2.189143
398	1.618739
399	-2.256291
400	1.418482
401	-1.973360
402	2.572586
403	-0.716653
404	-1.991722
405	-2.074504
406	-2.588754
407	-2.417725
408	0.676887
409	-0.764968
410	-1.441292
411	0.549365
412	-2.323087
413	-2.236021
414	2.694651
415	-1.514921
416	-2.654591
417	1.337232
418	-1.761904
419	1.290118
420	0.510707
421	-2.066352
422	-1.285117
423	-2.259886
424	0.911411
425	-1.686606
426	0.670136
427	-1.752767
428	1.002450
429	-1.054723
430	-2.723458
431	2.349420
432	-1.823892
433	-1.749016
434	-0.305020
435	-1.770700
436	-2.022446
437	-1.429691
438	-1.726997
439	-1.883890
440	-2.545620
441	-1.891155
442	1.211537
443	-0.409808
444	-2.651226
445	-2.951111
446	2.314802
447	2.975568
448	0.416759
449	-2.161902
450	1.593956
451	-1.922627
452	1.483212
453	-1.887611
454	-2.425505
455	-1.956804
456	-3.265912
457	-0.806079
458	0.631799
459	2.424754
460	1.934130
461	-1.767686
462	1.413192
463	-1.846338
464	-0.361873
465	-2.174440
466	-1.818282
467	1.586780
468	-1.758438
469	3.004240
470	2.378315
471	0.628601
472	-1.488193
473	-2.900959
474	-0.443529
475	-2.892086
476	0.742009
477	2.703014
478	-2.061485
479	-1.963153
480	-2.115027
481	1.722144
482	-2.005556
483	-2.346656
484	-1.885956
485	0.778623
486	-1.787609
487	-1.887323
488	0.800358
489	-1.728451
490	1.607662
491	0.759298
492	-1.771674
493	-0.604786
494	2.113216
495	-1.796851
496	1.903112
497	0.738094
498	-2.434233
499	1.192238
500	-1.447533
501	-1.955766
502	-1.543634
503	-2.825085
504	-1.709466
505	1.179955
506	0.556137
507	-2.844825
508	1.838325
509	1.006751
510	2.374399
511	-2.346932
512	-2.475194
513	-2.378556
514	0.470251
515	1.673785
516	-1.505069
517	-2.219235
518	-2.729974
519	1.601597
520	1.782303
521	0.960490
522	1.644780
523	1.075868
524	1.229436
525	-2.072713
526	3.033039
527	-0.401583
528	2.548253
529	-2.768961
530	-2.740695
531	1.262846
532	-2.079630
533	-1.615786
534	-2.359049
535	-2.288804
536	-0.261708
537	1.455221
538	-2.333307
539	0.156449
540	1.065192
541	2.428109
542	-2.214786
543	-3.397462
544	-2.676492
545	2.112033
546	-0.715647
547	-0.588897
548	-2.130995
549	-1.938427
550	-0.632543
551	0.451249
552	-1.514137
553	-2.096986
554	-1.941726
555	0.904514
556	2.747303
557	0.929071
558	-3.219737
559	-1.933438
560	1.797355
561	-1.708916
562	-2.163008
563	1.832128
564	-1.337745
565	-1.715352
566	0.970490
567	0.094452
568	0.963946
569	-2.069875
570	3.342539
571	-1.335697
572	-2.412558
573	1.145897
574	-2.599364
575	-1.501352
576	-2.131986
577	1.344796
578	-2.096048
579	1.562181
580	1.177853
581	-2.531412
582	2.275280
583	-3.107592
584	-2.115004
585	2.149993
586	-2.226598
587	-2.322664
588	-2.018691
589	0.814837
590	2.689205
591	-1.341572
592	-2.314864
593	1.832874
594	-1.827567
595	-1.826403
596	-1.594266
597	-2.310840
598	0.143383
599	-2.025470
600	0.286041
601	-2.426699
602	2.385953
603	-1.676834
604	-1.845518
605	-0.427712
606	-2.599958
607	0.433582
608	1.997307
609	-2.181391
610	-1.135341
611	-1.815583
612	-2.264518
613	2.502435
614	-2.029847
615	2.276860
616	-2.256763
617	2.969291
618	0.878317
619	-1.957248
620	-1.891037
621	1.164868
622	-2.132572
623	1.960913
624	-2.496354
625	0.264758
626	-2.037780
627	-0.199530
628	-0.571604
629	-1.311937
630	-0.171418
631	-1.618455
632	-1.734505
633	0.185306
634	0.492626
635	-2.707731
636	1.104690
637	-2.071502
638	-1.662790
639	-1.741762
640	-1.158952
641	-2.172738
642	-1.659634
643	-2.235618
644	-1.639310
645	-1.905655
646	0.868056
647	-2.624665
648	-2.527306
649	-2.554901
650	-2.094318
651	-0.689675
652	-0.215987
653	-1.948097
654	-1.608367
655	-1.954646
656	-1.517138
657	-2.187195
658	-0.486671
659	-2.020432
660	-1.719613
661	0.500796
662	-1.964642
663	-1.746361
664	-2.052606
665	-1.681783
666	-0.931051
667	-1.363139
668	2.714859
669	1.847848
670	-1.944735
671	-2.407953
672	-1.954162
673	0.909341
674	-1.563889
675	-2.123925
676	1.739990
677	-2.186262
678	-0.226971
679	-2.152110
680	0.668487
681	0.602648
682	-0.062617
683	1.308287
684	1.812078
685	-1.993933
686	-2.463876
687	-1.953949
688	-1.697377
689	-2.218876
690	-1.709481
691	-2.609518
692	-1.430000
693	-1.839718
694	-1.461349
695	-2.293859
696	-2.831956
697	-1.783727
698	-2.588805
699	-2.175249
700	-1.571770
701	0.540828
702	-2.368160
703	-1.725555
704	-1.468441
705	-1.869132
706	-1.696357
707	-2.671908
708	-1.982798
709	1.557865
710	-2.147742
711	-1.456649
712	-0.505229
713	1.586239
714	2.508287
715	-0.867777
716	0.944130
717	-1.601273
718	-1.916173
719	-1.356258
720	-2.375149
721	2.417745
722	3.608498
723	-1.365628
724	-1.706319
725	1.478584
726	-1.912258
727	0.800900
728	-0.007826
729	-1.803484
730	-1.703014
731	-1.734981
732	1.154908
733	-0.996333
734	0.970007
735	1.140611
736	1.148265
737	-3.306408
738	-2.535387
739	-1.202122
740	2.893832
741	-2.639963
742	-2.091748
743	-2.150828
744	-2.229062
745	-2.204709
746	1.092418
747	-2.880858
748	-2.608340
749	-2.662363
750	1.155931
751	-3.062773
752	-3.032585
753	-1.862867
754	1.956364
755	2.083488
756	-2.048657
757	-2.683528
758	-1.835602
759	-2.079963
760	-2.346429
761	-2.303404
762	0.658458
763	-2.214719
764	-2.428439
765	-2.675313
766	-1.333390
767	1.581255
768	-1.674198
769	1.749393
770	0.576174
771	-2.406804
772	2.090537
773	-2.437473
774	-1.019385
775	-0.460085
776	-1.295182
777	0.239425
778	-1.992846
779	-2.139468
780	1.348002
781	-2.819067
782	0.020351
783	-1.751058
784	-2.603274
785	-1.745993
786	-2.015205
787	1.641322
788	-3.160962
789	1.213177
790	-2.653111
791	-1.124162
792	-1.220083
793	0.361479
794	-1.879489
795	-0.499060
796	-1.741144
797	-2.975736
798	-2.395376
799	-2.165532
800	-1.370002
801	-2.020573
802	0.294785
803	2.491715
804	-2.249763
805	-2.474822
806	-1.025329
807	-2.389633
808	-1.886570
809	-1.614854
810	1.255195
811	-2.469514
812	2.268203
813	-1.826033
814	-1.406214
815	1.699493
816	-1.712810
817	1.390401
818	0.549865
819	0.342274
820	-2.541072
821	-2.009348
822	-2.177831
823	-1.318477
824	0.566325
825	1.319678
826	0.977290
827	-2.213492
828	-2.341965
829	-1.467953
830	0.439089
831	-2.864852
832	-2.054311
833	-2.273184
834	-2.191261
835	-2.221833
836	1.351374
837	0.382624
838	-2.734063
839	0.384783
840	-0.219624
841	2.339032
842	-1.856677
843	1.882128
844	1.267186
845	-1.379573
846	2.834828
847	-1.852242
848	2.047667
849	-1.691431
850	1.543520
851	-3.370392
852	-1.675376
853	-1.540091
854	0.225689
855	1.990175
856	1.528161
857	-1.782557
858	-1.920917
859	1.123391
860	-1.929493
861	-2.493889
862	1.433353
863	-0.143626
864	-2.121469
865	-1.329047
866	1.390321
867	1.166643
868	-0.034573
869	2.107737
870	-1.760619
871	-2.453069
872	-1.883716
873	0.603662
874	1.581108
875	0.712657
876	-1.924008
877	1.243841
878	-2.035186
879	-2.579993
880	-0.177673
881	-1.371868
882	-1.475960
883	-1.687763
884	-2.111135
885	-0.415633
886	-2.207351
887	-1.689561
888	1.709103
889	-1.713334
890	-1.894805
891	-1.948985
892	-2.773960
893	-1.568271
894	-1.661156
895	1.139802
896	-2.301052
897	1.245769
898	-1.461463
899	-1.781453
900	-1.680666
901	-1.853219
902	-2.342627
903	-1.533644
904	-1.237496
905	0.581308
906	-3.041209
907	-1.570034
908	-2.608143
909	-0.152214
910	0.283576
911	2.580896
912	0.810844
913	0.306634
914	-2.204133
915	1.303034
916	-2.193233
917	-2.573895
918	1.251996
919	1.253249
920	0.717270
921	2.183040
922	-1.596122
923	-1.987019
924	-1.940345
925	1.932021
926	-1.150846
927	-2.122221
928	1.207277
929	1.370101
930	-2.505185
931	-2.672988
932	-1.211397
933	-2.351717
934	0.279102
935	-2.514350
936	2.063336
937	1.598026
938	0.783918
939	2.158550
940	-1.769169
941	-2.394457
942	-0.814064
943	-2.142539
944	2.342757
945	-2.100855
946	2.235951
947	-2.571590
948	-1.788697
949	1.262911
950	-2.290764
951	-1.896981
952	-1.974851
953	-2.659276
954	1.459705
955	-2.486489
956	-1.856652
957	-2.570588
958	-2.136798
959	-1.511666
960	-1.846881
961	0.534696
962	1.696498
963	-2.364862
964	1.852335
965	-2.057780
966	-2.466800
967	-1.812821
968	-1.907221
969	-0.947277
970	-1.937210
971	-1.572990
972	-1.583442
973	-2.075800
974	1.829581
975	-1.511345
976	-1.600943
977	-3.013616
978	-2.397523
979	-1.944792
980	-2.186802
981	0.748041
982	-1.251006
983	0.736016
984	-2.200521
985	-1.861853
986	-1.903913
987	-1.025731
988	-2.062890
989	-2.286237
990	-2.185327
991	1.492591
992	-1.615899
993	0.245143
994	1.296031
995	3.089524
996	-1.337552
997	-1.862227
998	2.004006
999	0.130954
1000	-1.866194
1001	-2.035939
1002	-1.091453
1003	-2.113274
1004	1.607475
1005	2.485591
1006	-1.759456
1007	2.349558
1008	-2.702865
1009	-0.361280
1010	-2.648316
1011	0.149883
1012	0.828892
1013	0.077437
1014	-2.742095
1015	-2.569219
1016	-2.685136
1017	1.631720
1018	-2.202447
1019	1.313969
1020	-0.272515
1021	-1.868941
1022	-1.258778
1023	1.138873
1024	-2.244543
1025	1.835620
1026	1.539889
1027	2.025022
1028	0.715428
1029	0.649904
1030	-2.019879
1031	2.557328
1032	-1.845646
1033	-2.665596
1034	-0.198143
1035	1.860070
1036	-2.801503
1037	0.783162
1038	-1.873231
1039	0.842580
1040	2.080262
1041	1.287920
1042	-2.272675
1043	1.236533
1044	1.173755
1045	-1.517090
1046	0.528045
1047	-1.840194
1048	0.063958
1049	-2.059862
1050	3.102340
1051	2.247559
1052	0.457956
1053	-2.287246
1054	-2.198651
1055	-1.712232
1056	-1.241865
1057	1.270289
1058	-1.824035
1059	-0.893076
1060	2.160067
1061	-1.517087
1062	-0.983809
1063	-1.822512
1064	1.493358
1065	0.464491
1066	-1.715392
1067	-1.776277
1068	1.062819
1069	-1.330904
1070	-2.333304
1071	-2.769568
1072	3.378810
1073	2.149921
1074	-1.342476
1075	-1.076964
1076	0.845256
1077	1.793271
1078	-2.273287
1079	-1.439102
1080	-1.985003
1081	-1.983258
1082	-2.431664
1083	-2.435461
1084	2.125512
1085	-1.207883
1086	-1.559294
1087	-1.655785
1088	-1.551001
1089	1.124737
1090	1.266012
1091	-1.355999
1092	-1.421881
1093	-1.418869
1094	1.098994
1095	0.861702
1096	-0.262926
1097	0.032561
1098	-1.648696
1099	-2.550724
1100	-2.090245
1101	1.522180
1102	-1.834842
1103	-2.472589
1104	-2.564591
1105	0.593916
1106	2.216588
1107	-2.356669
1108	0.554195
1109	0.204340
1110	-3.221285
1111	0.717475
1112	-1.611693
1113	2.995439
1114	0.514361
1115	1.219323
1116	-1.753669
1117	-2.451878
1118	-1.767340
1119	-1.776416
1120	0.846002
1121	-1.150002
1122	-2.010554
1123	-2.242115
1124	2.408887
1125	-1.807393
1126	-1.526708
1127	-1.975733
1128	0.934593
1129	-2.391677
1130	-0.716524
1131	-2.475417
1132	-1.676713
1133	-2.719459
1134	-1.143131
1135	1.134392
1136	-2.516434
1137	-0.194126
1138	-1.765953
1139	-2.664901
1140	3.183138
1141	-1.870156
1142	-2.562299
1143	0.708147
1144	-2.152783
1145	-2.587038
1146	1.331525
1147	-1.735641
1148	1.718759
1149	1.569826
1150	-2.207062
1151	0.330215
1152	2.182166
1153	-1.493009
1154	-0.744993
1155	0.562604
1156	0.432881
1157	-2.106729
1158	-2.423123
1159	-1.899851
1160	-1.813554
1161	-1.164478
1162	-2.413595
1163	-1.447581
1164	-1.931882
1165	0.606928
1166	-1.801788
1167	2.937606
1168	0.514947
1169	2.091142
1170	-2.572502
1171	-3.502727
1172	-2.083168
1173	2.874121
1174	1.056395
1175	1.202091
1176	0.843217
1177	-1.970151
1178	2.704661
1179	-0.155671
1180	0.113746
1181	0.929332
1182	0.054800
1183	-2.329881
1184	-1.718383
1185	-1.466542
1186	1.558025
1187	-1.864118
1188	-2.228597
1189	-2.348066
1190	-2.239940
1191	-1.713485
1192	-2.379473
1193	-0.306229
1194	-2.554392
1195	-1.026018
1196	-1.745473
1197	-2.077997
1198	-1.916961
1199	-1.520515
1200	-1.482106
1201	1.587597
1202	0.466909
1203	-1.006441
1204	-1.081234
1205	-2.137566
1206	-1.360961
1207	0.467589
1208	-1.470662
1209	0.777866
1210	-1.804930
1211	1.448049
1212	-2.173286
1213	-1.912751
1214	-1.747376
1215	0.487604
1216	-2.060978
1217	-2.414566
1218	-0.615920
1219	-2.136610
1220	2.232882
1221	-0.177416
1222	-2.068881
1223	-1.535527
1224	2.363398
1225	-2.194608
1226	-2.082165
1227	0.403266
1228	1.115985
1229	-2.249496
1230	-2.616567
1231	-0.742409
1232	1.919456
1233	-1.308491
1234	-2.425338
1235	-1.289797
1236	0.248905
1237	-2.736652
1238	-1.520064
1239	-1.038985
1240	-1.707219
1241	-2.228131
1242	-2.355370
1243	-1.779649
1244	-1.460432
1245	-1.833605
1246	1.498417
1247	-0.377592
1248	2.374540
1249	-1.986499
1250	0.956129
1251	-1.822984
1252	-2.358374
1253	-1.467682
1254	2.497018
1255	-1.873670
1256	1.348617
1257	-2.169028
1258	0.672336
1259	0.783301
1260	-1.758098
1261	-2.218907
1262	2.681461
1263	1.175189
1264	1.046660
1265	-1.553965
1266	0.414802
1267	-2.128773
1268	-2.217106
1269	-1.702075
1270	1.438798
1271	-2.837484
1272	0.700530
1273	-1.610208
1274	-1.661102
1275	-2.481613
1276	3.097922
1277	-2.417416
1278	-1.992583
1279	-1.665471
1280	-1.904933
1281	-1.806456
1282	1.649248
1283	1.910637
1284	-2.347027
1285	-0.970865
1286	1.260179
1287	0.645640
1288	-2.716109
1289	-2.404884
1290	-1.875720
1291	1.572595
1292	-2.397544
1293	1.093509
1294	-1.818357
1295	1.010262
1296	-1.814953
1297	-2.076322
1298	-1.967163
1299	-2.130306
1300	-2.129051
1301	1.681940
1302	-2.691623
1303	1.257602
1304	-2.110450
1305	0.583163
1306	-1.949504
1307	-1.637951
1308	-1.969276
1309	0.621867
1310	-1.988230
1311	1.023214
1312	-2.751162
1313	-2.241282
1314	-1.002858
1315	-0.484280
1316	-1.601619
1317	0.746062
1318	-2.107713
1319	-1.910728
1320	-2.257291
1321	0.573325
1322	-1.709549
1323	-1.580925
1324	-2.730121
1325	2.579632
1326	-1.186717
1327	-1.651771
1328	-2.353670
1329	-2.122095
1330	2.141349
1331	-3.250098
1332	0.297404
1333	-1.764934
1334	0.948782
1335	2.548826
1336	-1.908992
1337	-2.126356
1338	-1.580031
1339	-2.411300
1340	-2.688840
1341	0.436603
1342	-1.935568
1343	-1.563366
1344	0.597656
1345	0.684754
1346	1.115151
1347	1.867273
1348	-2.249681
1349	2.638418
1350	-1.580095
1351	-2.285200
1352	-1.014046
1353	2.251707
1354	-1.587038
1355	1.026292
1356	-0.900380
1357	-0.741612
1358	-0.996410
1359	-2.363514
1360	-1.158215
1361	-2.304678
1362	-0.289435
1363	-2.098325
1364	-2.206319
1365	1.189961
1366	-1.820846
1367	1.408266
1368	-1.632134
1369	0.579640
1370	-1.778020
1371	1.990675
1372	-1.170092
1373	-0.349592
1374	-2.041791
1375	-1.263660
1376	0.852349
1377	-2.006038
1378	1.319998
1379	-2.252639
1380	0.861324
1381	1.632594
1382	-1.878458
1383	-2.577195
1384	-2.370003
1385	-1.783046
1386	-2.009418
1387	-1.099053
1388	0.137501
1389	0.955802
1390	-1.683962
1391	-2.940420
1392	1.763018
1393	1.300195
1394	0.527700
1395	1.598311
1396	2.360283
1397	2.175608
1398	1.213501
1399	-1.255055
1400	-2.340379
1401	-2.041344
1402	3.006519
1403	0.569084
1404	-1.936801
1405	1.292542
1406	-2.176852
1407	-1.627185
1408	0.640499
1409	-1.896365
1410	-2.530144
1411	0.756597
1412	-0.633873
1413	-1.642247
1414	1.957011
1415	1.405520
1416	-1.817629
1417	-1.739883
1418	-1.744869
1419	-1.883632
1420	0.490285
1421	-2.363101
1422	-1.990851
1423	-2.372034
1424	-2.009313
1425	-0.578709
1426	-1.965944
1427	-3.213244
1428	1.192508
1429	-1.462979
1430	-0.396570
1431	0.531521
1432	-1.914960
1433	0.996678
1434	-0.041055
1435	-3.126473
1436	-1.267352
1437	1.190099
1438	-1.951118
1439	-1.595869
1440	-2.039024
1441	-1.320227
1442	-2.025563
1443	2.338966
1444	-2.485711
1445	-2.199625
1446	1.740589
1447	-1.970739
1448	-2.176341
1449	-1.651459
1450	0.986922
1451	-1.522989
1452	1.027948
1453	-2.324222
1454	-2.143847
1455	-2.973685
1456	-2.201214
1457	-2.218423
1458	-2.422925
1459	1.368456
1460	1.077487
1461	-0.180112
1462	-2.361583
1463	-1.878112
1464	-2.156557
1465	-2.525020
1466	-1.652502
1467	-1.028608
1468	-1.685684
1469	-2.326979
1470	2.166651
1471	-2.641090
1472	-2.335733
1473	0.169574
1474	-2.038112
1475	1.489248
1476	-1.115774
1477	-2.203747
1478	-2.289055
1479	-1.429898
1480	3.427848
1481	-2.794364
1482	2.913770
1483	1.491031
1484	0.400425
1485	-1.943642
1486	-0.875374
1487	-2.639005
1488	-1.049462
1489	-1.510630
1490	-2.293372
1491	2.284609
1492	-0.098565
1493	0.992400
1494	0.493404
1495	-2.079081
1496	0.809640
1497	0.644404
1498	0.282895
1499	-1.515314
1500	-2.097105
1501	-2.782125
1502	-2.582251
1503	-2.233702
1504	1.230836
1505	-1.715520
1506	-1.839473
1507	-2.062052
1508	-2.084532
1509	1.244845
1510	1.723985
1511	-1.648121
1512	-2.478101
1513	-1.937009
1514	-2.488885
1515	-1.725051
1516	-2.697074
1517	2.773443
1518	-0.917148
1519	1.093812
1520	-2.442121
1521	-0.962864
1522	-1.892910
1523	-0.057301
1524	-1.614779
1525	0.898244
1526	-2.248477
1527	-2.369869
1528	-2.095316
1529	2.337503
1530	-2.410826
1531	-1.358344
1532	-1.843831
1533	-2.383365
1534	0.752281
1535	1.160147
1536	2.844390
1537	-1.993946
1538	1.560314
1539	-0.633714
1540	1.500145
1541	0.442677
1542	-2.147702
1543	-1.811151
1544	-2.211783
1545	-1.642278
1546	-2.272153
1547	-2.831292
1548	0.495774
1549	0.485726
1550	-2.637760
1551	-2.175416
1552	1.166878
1553	0.266132
1554	-1.683070
1555	-2.003379
1556	1.176217
1557	1.403415
1558	-1.733899
1559	-2.673007
1560	-2.746801
1561	-2.102624
1562	-2.519903
1563	0.399731
1564	1.661858
1565	1.969181
1566	1.864866
1567	0.741185
1568	0.029632
1569	-1.817673
1570	1.238110
1571	-2.618703
1572	-2.053961
1573	-2.857910
1574	-0.380846
1575	1.084906
1576	-1.730716
1577	-2.454868
1578	-1.533239
1579	-1.617395
1580	-2.953694
1581	1.574092
1582	-0.294433
1583	-2.002037
1584	-1.826351
1585	-1.061066
1586	-0.560435
1587	0.154034
1588	-2.705757
1589	-2.488195
1590	-0.685809
1591	-2.037954
1592	-2.238972
1593	-1.465449
1594	-2.282552
1595	-0.096239
1596	1.323373
1597	0.246402
1598	-0.567860
1599	-2.306170
1600	-2.231850
1601	-2.461443
1602	-1.831301
1603	-1.524800
1604	-2.050694
1605	-1.441406
1606	-1.827295
1607	-1.677396
1608	0.995242
1609	-1.325446
1610	-2.140355
1611	0.085107
1612	-2.370505
1613	1.951732
1614	-1.658556
1615	-2.856790
1616	-1.796715
1617	-2.282122
1618	1.248927
1619	-1.524447
1620	-2.275612
1621	1.696480
1622	1.412630
1623	-2.964530
1624	0.289772
1625	0.590798
1626	1.308254
1627	-1.112248
1628	1.768451
1629	-2.249516
1630	-1.236637
1631	-1.318900
1632	-1.833418
1633	-2.113231
1634	-0.838851
1635	2.528092
1636	-2.077201
1637	1.007383
1638	0.110822
1639	2.837439
1640	1.077311
1641	-1.174535
1642	1.862705
1643	-2.652860
1644	0.573117
1645	-1.841224
1646	-2.200470
1647	-2.921699
1648	-2.724522
1649	-1.824373
1650	-1.572622
1651	0.379152
1652	-1.160016
1653	-1.875042
1654	-2.116577
1655	-1.489997
1656	1.990461
1657	-2.575697
1658	1.812815
1659	-1.888132
1660	-1.988581
1661	-2.724188
1662	0.324454
1663	-1.959969
1664	0.918364
1665	-0.780123
1666	3.277639
1667	-1.695199
1668	-2.709904
1669	-2.975692
1670	-1.441095
1671	-2.394693
1672	-2.220220
1673	-2.655412
1674	-2.488792
1675	0.750956
1676	-2.593469
1677	-1.553253
1678	-2.392741
1679	-2.290175
1680	1.139505
1681	-1.605934
1682	-2.301176
1683	1.236708
1684	-2.109176
1685	-2.201586
1686	-1.175979
1687	-1.584501
1688	0.785394
1689	0.893877
1690	0.984504
1691	0.029244
1692	0.096279
1693	-2.049363
1694	-2.531116
1695	-1.110761
1696	-1.892703
1697	2.568078
1698	0.008013
1699	-2.151721
1700	1.342900
1701	-1.266887
1702	-2.582274
1703	1.803495
1704	0.825175
1705	-1.100782
1706	-1.740712
1707	-1.749726
1708	-1.891590
1709	1.568363
1710	-2.476735
1711	-1.987490
1712	1.015825
1713	-2.031035
1714	0.501700
1715	-2.134074
1716	-0.439924
1717	2.143889
1718	1.536910
1719	-2.136034
1720	-2.586073
1721	-1.866827
1722	2.663382
1723	-1.679469
1724	-0.605864
1725	-0.311442
1726	-0.391549
1727	-2.639449
1728	1.114374
1729	1.390216
1730	1.265563
1731	0.834416
1732	-2.308168
1733	0.720374
1734	-2.481191
1735	-2.887616
1736	1.447408
1737	3.679822
1738	1.003826
1739	-0.558944
1740	0.970207
1741	-1.493530
1742	-2.046565
1743	-1.884323
1744	-1.344470
1745	3.055771
1746	-2.146620
1747	0.909440
1748	-1.903637
1749	-2.158836
1750	2.260657
1751	2.268528
1752	1.173264
1753	-1.426575
1754	2.282913
1755	1.896837
1756	2.016118
1757	2.928939
1758	-0.535270
1759	-1.118164
1760	-1.073925
1761	2.597837
1762	0.684933
1763	-2.159236
1764	1.784088
1765	-2.500832
1766	2.050182
1767	0.212416
1768	-1.176546
1769	-1.947938
1770	0.034639
1771	-1.806141
1772	1.417076
1773	-1.508509
1774	-2.064553
1775	1.070066
1776	-1.574196
1777	-2.446501
1778	-2.137793
1779	1.916396
1780	0.457866
1781	0.167746
1782	-2.226679
1783	-2.394805
1784	-0.705160
1785	-1.008732
1786	1.188633
1787	1.194983
1788	-2.397954
1789	-1.776204
1790	-0.831290
1791	-1.650885
1792	0.668612
1793	1.219779
1794	-1.456000
1795	2.388530
1796	0.711021
1797	-1.793488
1798	0.332440
1799	-0.324633
1800	-1.315661
1801	-0.101841
1802	-1.815498
1803	-1.985305
1804	-2.077525
1805	0.033145
1806	-1.838986
1807	-0.256908
1808	-2.422758
1809	-1.249976
1810	-1.046118
1811	-1.851314
1812	-2.338717
1813	-2.465962
1814	-2.360632
1815	-2.126332
1816	-0.411477
1817	0.630202
1818	-1.959836
1819	-1.826921
1820	-2.436042
1821	2.159304
1822	-1.991768
1823	-1.971633
1824	0.785713
1825	0.699866
1826	-3.127184
1827	-1.920144
1828	-2.864032
1829	-2.145091
1830	1.511387
1831	-1.813843
1832	-2.481748
1833	-1.794847
1834	-1.897761
1835	0.469179
1836	-2.120942
1837	1.421559
1838	1.072207
1839	-1.898338
1840	-2.035521
1841	2.774058
1842	1.507008
1843	-2.014669
1844	-1.782922
1845	-1.526504
1846	-1.602227
1847	-1.993964
1848	2.305973
1849	-2.130879
1850	-2.285624
1851	0.643385
1852	-2.140261
1853	1.947044
1854	1.826623
1855	0.969275
1856	-2.016951
1857	0.885510
1858	-2.506299
1859	-0.861183
1860	-0.136804
1861	1.764771
1862	-1.913485
1863	-1.743159
1864	-1.675917
1865	-2.031606
1866	-2.104370
1867	1.542211
1868	-2.262040
1869	-1.893636
1870	-2.087078
1871	-2.229109
1872	1.331393
1873	-2.309912
1874	-2.624587
1875	-1.700519
1876	-1.784667
1877	-2.450246
1878	0.595447
1879	-3.365595
1880	1.356180
1881	-2.660651
1882	-2.301924
1883	-2.093122
1884	-1.641721
1885	2.220947
1886	0.982670
1887	-1.389679
1888	-1.798575
1889	2.199225
1890	-3.008120
1891	-2.710565
1892	1.278557
1893	1.123332
1894	-0.969402
1895	1.691997
1896	0.149475
1897	-1.881229
1898	2.024366
1899	-1.818397
1900	-0.418078
1901	1.984496
1902	-2.594162
1903	2.278757
1904	-2.366427
1905	1.631433
1906	-2.168923
1907	-3.004483
1908	-1.695206
1909	-0.340448
1910	-2.875334
1911	-2.266995
1912	-2.257931
1913	-0.677701
1914	-1.414735
1915	-1.666785
1916	1.491106
1917	0.833387
1918	-2.082612
1919	-1.805603
1920	1.823681
1921	-2.988931
1922	-0.850602
1923	0.444015
1924	-1.950804
1925	-2.485956
1926	-1.981906
1927	-2.573412
1928	0.959189
1929	1.083442
1930	-1.428899
1931	1.451519
1932	0.332771
1933	-2.515863
1934	0.845620
1935	-1.964237
1936	-0.346842
1937	-1.230923
1938	-1.496602
1939	-0.101731
1940	1.609070
1941	-2.277832
1942	-2.353197
1943	-1.893052
1944	-3.160653
1945	-2.715631
1946	-2.713048
1947	-2.104174
1948	-0.866429
1949	-2.055830
1950	-1.483795
1951	-0.334256
1952	1.606232
1953	0.782201
1954	-1.794970
1955	1.213508
1956	2.977088
1957	1.528416
1958	-1.376100
1959	-1.867861
1960	-1.326771
1961	-2.697793
1962	-1.727434
1963	-1.947718
1964	-1.423937
1965	-2.626769
1966	-1.484199
1967	1.641237
1968	0.687531
1969	1.629111
1970	0.703358
1971	-0.215585
1972	-2.361694
1973	-1.750079
1974	-2.449674
1975	1.039689
1976	-2.894876
1977	-2.058174
1978	-2.538596
1979	2.876751
1980	-2.596794
1981	-0.311547
1982	-2.200012
1983	-1.793690
1984	0.428547
1985	-2.646400
1986	-2.796100
1987	1.485067
1988	-0.312876
1989	-2.553244
1990	-2.457326
1991	0.517696
1992	-2.583466
1993	1.254182
1994	-2.362947
1995	-1.712666
1996	2.507743
1997	-2.691327
1998	-1.079493
1999	-0.357480
2000	-1.522310
2001	1.000618
2002	-2.406917
2003	-2.594409
2004	-2.293919
2005	-2.287185
2006	0.215062
2007	-0.723990
2008	-2.796889
2009	0.354682
2010	0.675238
2011	-1.955522
2012	0.639204
2013	-1.751552
2014	-0.955198
2015	-1.352834
2016	-0.016749
2017	0.222151
2018	-2.049131
2019	-1.840726
2020	-2.146756
2021	-0.319066
2022	-1.768512
2023	-1.394669
2024	-1.352649
2025	-2.140552
2026	-2.469268
2027	2.116657
2028	-2.943723
2029	-1.923799
2030	-2.085566
2031	-2.311984
2032	-0.828039
2033	-1.559699
2034	-1.559903
2035	-2.050860
2036	-1.938849
2037	1.069632
2038	1.232604
2039	-1.679066
2040	0.628984
2041	-1.933641
2042	-2.146554
2043	-1.533243
2044	-2.388639
2045	1.104077
2046	1.848049
2047	0.705548
2048	-2.174599
2049	-2.459310
2050	1.006619
2051	1.335082
2052	1.393423
2053	2.823919
2054	-1.943745
2055	-1.858303
2056	1.367300
2057	-1.313438
2058	-1.152859
2059	-1.771789
2060	-1.198188
2061	1.107786
2062	1.869994
2063	-0.539825
2064	0.381722
2065	-2.033267
2066	-2.327890
2067	0.298419
2068	-2.455142
2069	-2.445119
2070	-2.334757
2071	-2.495308
2072	-2.191198
2073	-1.949969
2074	-1.985547
2075	-1.529091
2076	-2.894762
2077	2.705674
2078	-2.683838
2079	-1.962426
2080	-2.134606
2081	1.595051
2082	-0.264780
2083	-2.123626
2084	-1.215037
2085	0.605272
2086	-1.240645
2087	-1.415749
2088	-2.551461
2089	-1.369209
2090	1.136024
2091	0.663310
2092	-0.497426
2093	-1.119358
2094	2.391298
2095	0.433728
2096	1.537750
2097	-1.157944
2098	-2.227174
2099	1.265081
2100	0.919962
2101	-2.189735
2102	0.324749
2103	-1.965603
2104	-0.426271
2105	-2.141187
2106	-1.492889
2107	1.485934
2108	2.281731
2109	0.399016
2110	-1.890148
2111	-0.159142
2112	0.655615
2113	-1.755332
2114	-2.724294
2115	0.698394
2116	2.110970
2117	-3.082877
2118	0.927615
2119	0.625864
2120	-2.561151
2121	-1.504351
2122	-1.460177
2123	1.863204
2124	1.436447
2125	-2.574736
2126	1.052961
2127	1.011726
2128	-1.802940
2129	-0.127539
2130	-1.568687
2131	0.396018
2132	-2.008419
2133	-2.670617
2134	2.822640
2135	-2.836167
2136	-1.382670
2137	-1.940555
2138	-0.701377
2139	-1.619057
2140	-2.687436
2141	0.873280
2142	-1.836477
2143	0.590940
2144	-1.088220
2145	-2.535169
2146	0.861779
2147	1.411473
2148	-2.273031
2149	-2.208866
2150	0.693676
2151	-1.989552
2152	-0.876348
2153	-1.558614
2154	-2.056361
2155	-2.279715
2156	0.822495
2157	-2.411708
2158	-2.289590
2159	-1.797737
2160	-2.194663
2161	1.388697
2162	-1.060050
2163	-2.219291
2164	-1.902730
2165	-1.092647
2166	-1.997202
2167	-1.678067
2168	0.032065
2169	-2.554410
2170	0.367400
2171	-2.963226
2172	2.424880
2173	3.161767
2174	-2.038402
2175	-1.970217
2176	0.727418
2177	-1.185762
2178	-1.488174
2179	-1.805515
2180	-2.475196
2181	-1.855903
2182	-1.820573
2183	0.618829
2184	2.295428
2185	1.841016
2186	-2.144808
2187	-1.657120
2188	-2.447394
2189	-2.050232
2190	0.941066
2191	-1.418932
2192	-2.167853
2193	-1.634485
2194	0.306607
2195	0.577136
2196	-0.914352
2197	0.148656
2198	0.525308
2199	-2.771711
2200	2.344984
2201	-3.106497
2202	-1.424129
2203	0.753238
2204	-1.210550
2205	0.701978
2206	1.409388
2207	-1.563522
2208	1.409473
2209	-1.797710
2210	-2.163345
2211	-2.261928
2212	2.306477
2213	1.295425
2214	-1.929067
2215	1.671044
2216	1.623124
2217	-1.750020
2218	-1.646571
2219	-2.541439
2220	-1.167709
2221	-2.034159
2222	-2.021824
2223	1.798206
2224	-1.957682
2225	1.099012
2226	0.707733
2227	-2.553756
2228	-3.091234
2229	-1.391516
2230	0.805317
2231	0.057452
2232	-2.013818
2233	1.374906
2234	-2.436606
2235	-1.968329
2236	1.384384
2237	-2.487448
2238	1.768813
2239	-2.346632
2240	-1.705135
2241	1.717375
2242	0.359834
2243	-2.123682
2244	0.388862
2245	-1.710183
2246	-2.400404
2247	-1.204459
2248	0.460623
2249	-2.655094
2250	-1.598717
2251	-2.153111
2252	1.905646
2253	1.326863
2254	-2.689224
2255	-1.781634
2256	2.063169
2257	-2.271279
2258	-1.277520
2259	-2.010256
2260	-2.383480
2261	-2.198002
2262	1.414052
2263	-2.152323
2264	0.052411
2265	-1.753643
2266	-1.707629
2267	-1.478600
2268	0.066525
2269	2.422463
2270	2.088123
2271	-1.903516
2272	-1.771334
2273	1.482834
2274	3.470465
2275	0.751851
2276	-2.614547
2277	1.851625
2278	-0.469162
2279	-3.135468
2280	-3.014010
2281	-1.490466
2282	-1.766584
2283	-1.213105
2284	-1.920739
2285	1.857082
2286	-0.351744
2287	-2.102371
2288	1.300825
2289	-1.919016
2290	1.025341
2291	-2.405448
2292	-2.123970
2293	1.069247
2294	1.961601
2295	-2.498160
2296	-1.357152
2297	-0.556933
2298	-0.784024
2299	-1.522838
2300	-2.101824
2301	0.526704
2302	-2.959442
2303	-1.570399
2304	-0.629045
2305	-1.585201
2306	2.112151
2307	-2.262757
2308	2.219943
2309	-1.141919
2310	1.313261
2311	0.407785
2312	-1.167960
2313	-1.765978
2314	0.088086
2315	1.640409
2316	0.969584
2317	-1.755096
2318	2.426163
2319	0.630613
2320	-2.751464
2321	1.664162
2322	-1.702604
2323	0.802527
2324	-1.569004
2325	0.561794
2326	0.591515
2327	-0.874844
2328	1.445418
2329	-2.064473
2330	-2.132224
2331	-1.552463
2332	1.693526
2333	-1.113253
2334	-0.875998
2335	-1.921414
2336	-2.908022
2337	0.397061
2338	-2.395126
2339	-2.282149
2340	-0.811351
2341	-2.445966
2342	-1.609515
2343	-2.526366
2344	-2.073650
2345	1.613927
2346	0.577016
2347	-0.963483
2348	1.192693
2349	-3.166494
2350	1.757245
2351	1.851396
2352	0.590161
2353	-1.940089
2354	-1.762095
2355	-0.838217
2356	-2.149451
2357	-2.167265
2358	1.724700
2359	-1.858895
2360	-1.959176
2361	0.872572
2362	0.107600
2363	-3.114230
2364	-0.628182
2365	0.697755
2366	1.341129
2367	-1.242523
2368	-1.743552
2369	-3.510667
2370	-0.946727
2371	1.239909
2372	-2.174003
2373	-2.784114
2374	-2.080080
2375	-1.151114
2376	1.686350
2377	1.298542
2378	-2.013640
2379	-2.239434
2380	-2.461781
2381	-1.524025
2382	-0.856689
2383	-2.351065
2384	0.972772
2385	-1.216504
2386	-2.214923
2387	-2.120535
2388	1.398787
2389	-1.568196
2390	-2.365802
2391	0.661589
2392	-1.758575
2393	-1.772344
2394	3.446363
2395	-1.022916
2396	0.990088
2397	-1.074421
2398	-1.629733
2399	-2.130247
2400	-1.394226
2401	-2.108192
2402	-2.606351
2403	-2.576964
2404	-1.954753
2405	-1.635044
2406	-1.985510
2407	0.846124
2408	-2.360724
2409	-0.266640
2410	2.137893
2411	-1.210225
2412	-1.857755
2413	-0.084135
2414	1.970320
2415	1.502625
2416	1.559516
2417	-2.123394
2418	-2.136262
2419	0.540212
2420	1.289732
2421	-2.243940
2422	0.963115
2423	0.549297
2424	-1.678923
2425	-2.515265
2426	0.651229
2427	-2.725726
2428	1.124011
2429	2.250526
2430	3.577543
2431	-1.736750
2432	-1.555352
2433	1.708086
2434	1.360316
2435	-1.881512
2436	-1.641303
2437	-2.533366
2438	-2.347003
2439	-1.087178
2440	-0.173125
2441	-1.331428
2442	-2.607661
2443	-1.954214
2444	-2.321303
2445	1.369836
2446	0.355889
2447	2.604349
2448	-2.254051
2449	-1.443917
2450	1.972558
2451	-1.887996
2452	2.285540
2453	-0.456574
2454	-2.540410
2455	0.781229
2456	1.941444
2457	-2.859091
2458	-2.254734
2459	-1.790164
2460	-2.280859
2461	-1.695928
2462	1.153945
2463	-0.448076
2464	1.731158
2465	-1.695942
2466	-1.623476
2467	0.235103
2468	-1.607511
2469	1.488603
2470	-1.335603
2471	-3.146222
2472	-1.460840
2473	-2.352531
2474	0.675744
2475	-0.642437
2476	-2.619858
2477	0.885088
2478	-2.044908
2479	2.805471
2480	-1.004619
2481	-1.843313
2482	-2.245544
2483	-1.480173
2484	-2.871217
2485	-2.174797
2486	-0.465479
2487	-2.496544
2488	-1.635621
2489	-1.907469
2490	2.232839
2491	-1.604776
2492	2.160031
2493	-2.104969
2494	-2.017787
2495	-2.387953
2496	1.441106
2497	-2.494770
2498	1.947081
2499	-2.254841
2500	-0.293502
2501	-2.646848
2502	0.828263
2503	-2.636678
2504	0.347024
2505	1.816789
2506	1.306225
2507	0.359373
2508	-1.425803
2509	-1.245138
2510	-2.439162
2511	-2.412507
2512	-2.173954
2513	-1.727314
2514	0.559183
2515	-2.826113
2516	-2.721130
2517	1.987517
2518	1.469393
2519	-2.225619
2520	1.181713
2521	-2.002454
2522	0.199313
2523	0.646142
2524	0.220151
2525	-1.503659
2526	-1.929294
2527	-2.083347
2528	2.110733
2529	-2.598329
2530	1.391275
2531	-2.460640
2532	-0.387812
2533	-2.657394
2534	2.650581
2535	-1.304334
2536	0.544068
2537	-2.363462
2538	-2.015357
2539	0.680646
2540	-2.326578
2541	-3.108268
2542	-1.783793
2543	-2.573581
2544	-0.458713
2545	-2.878698
2546	-1.785837
2547	-1.679088
2548	1.923019
2549	0.745234
2550	-0.066097
2551	-1.155859
2552	-2.473646
2553	-2.026079
2554	-1.722386
2555	-1.570964
2556	0.630185
2557	-0.425165
2558	2.243750
2559	-2.516769
2560	-2.233226
2561	1.859909
2562	0.776509
2563	-2.614176
2564	-1.901664
2565	-1.718182
2566	-2.506212
2567	-1.996677
2568	-1.995564
2569	-0.156459
2570	-1.156336
2571	-2.016845
2572	1.572807
2573	-1.810187
2574	1.231176
2575	-2.071529
2576	-1.743384
2577	-1.710824
2578	1.820550
2579	0.968887
2580	-1.687923
2581	-0.079180
2582	0.840824
2583	-1.218574
2584	-2.971708
2585	0.863800
2586	-1.972426
2587	-1.335498
2588	-3.227249
2589	1.180140
2590	-1.831042
2591	-2.399306
2592	-1.809171
2593	1.813451
2594	2.278646
2595	-1.786650
2596	1.255235
2597	-2.347316
2598	-2.197053
2599	1.072313
2600	1.547147
2601	2.848373
2602	-1.208952
2603	0.524267
2604	2.469155
2605	0.472172
2606	1.313245
2607	-1.992657
2608	-1.901222
2609	-1.663994
2610	-1.633649
2611	-2.336976
2612	2.376450
2613	-1.522058
2614	-2.201355
2615	2.157882
2616	-2.570018
2617	-1.745817
2618	1.690919
2619	0.458625
2620	1.611515
2621	1.189956
2622	-1.621822
2623	-1.540991
2624	0.579867
2625	1.262331
2626	-2.197477
2627	-1.880765
2628	-1.172469
2629	-1.650141
2630	-2.633124
2631	-1.951505
2632	1.157361
2633	-1.401342
2634	0.423752
2635	-0.926636
2636	-0.804471
2637	-0.132890
2638	-1.344212
2639	-0.723238
2640	1.917557
2641	-2.185896
2642	-0.330314
2643	-1.611632
2644	-2.295865
2645	-2.113086
2646	-2.692604
2647	-3.246796
2648	-1.508306
2649	0.382795
2650	-1.533058
2651	-1.485489
2652	-2.374453
2653	1.213584
2654	-2.540394
2655	-1.872382
2656	-2.200849
2657	-0.221653
2658	-1.967814
2659	0.914863
2660	0.511067
2661	-0.759826
2662	-2.161323
2663	-1.799245
2664	-1.817433
2665	0.235923
2666	0.550065
2667	0.548526
2668	-1.687968
2669	-1.682939
2670	2.072232
2671	1.978446
2672	-1.001164
2673	-1.336379
2674	1.128487
2675	-1.402845
2676	-1.236956
2677	1.049561
2678	2.379140
2679	-1.565730
2680	0.953384
2681	-1.190287
2682	-2.450764
2683	-1.988112
2684	3.910084
2685	-2.195252
2686	-0.257854
2687	-0.407832
2688	-1.912844
2689	-1.808985
2690	-2.036632
2691	-3.023060
2692	0.162698
2693	-2.009892
2694	-1.615278
2695	-2.150086
2696	-2.686949
2697	-1.592197
2698	-1.955802
2699	2.206783
2700	0.773709
2701	-1.583833
2702	0.331082
2703	-1.895534
2704	-2.604160
2705	-2.184738
2706	-0.411184
2707	-2.485216
2708	-1.171274
2709	-1.919302
2710	0.946242
2711	0.115211
2712	-1.471465
2713	2.029827
2714	-0.375235
2715	-2.287548
2716	-1.347367
2717	1.153616
2718	0.992270
2719	-1.835101
2720	1.487818
2721	-1.417315
2722	-2.501472
2723	-2.278651
2724	-2.880079
2725	0.853598
2726	-1.050169
2727	-2.141709
2728	-1.188069
2729	-2.025734
2730	1.682822
2731	1.646690
2732	-3.204742
2733	-2.431256
2734	-1.967454
2735	1.382042
2736	-2.351453
2737	1.625779
2738	-1.657282
2739	-2.707220
2740	1.656949
2741	-1.871902
2742	-2.108718
2743	-1.724589
2744	-2.453090
2745	0.758602
2746	0.872781
2747	-1.981794
2748	-1.699338
2749	1.453983
2750	-2.207314
2751	-0.157277
2752	0.775630
2753	1.317247
2754	-1.999304
2755	-2.351931
2756	-0.258773
2757	-1.648433
2758	1.605512
2759	-1.550882
2760	-0.200498
2761	-1.187442
2762	-1.618621
2763	-1.898717
2764	1.417543
2765	-0.913869
2766	-2.156056
2767	0.283136
2768	-2.183117
2769	-2.001318
2770	1.852355
2771	-2.339348
2772	-0.905819
2773	-1.987576
2774	0.185031
2775	-1.693694
2776	-2.317250
2777	0.876429
2778	-1.999469
2779	2.477039
2780	0.932087
2781	0.886780
2782	-1.253602
2783	-2.491605
2784	-1.321058
2785	-2.184546
2786	1.481896
2787	1.347183
2788	-2.135635
2789	-1.232698
2790	-3.085647
2791	-2.268683
2792	-2.315995
2793	3.037310
2794	-2.319086
2795	0.108553
2796	0.703621
2797	-2.138847
2798	-2.457967
2799	-1.754991
2800	-2.068900
2801	-2.436895
2802	-1.623252
2803	-2.723273
2804	-1.864143
2805	-0.137944
2806	0.409973
2807	-2.168697
2808	-0.992724
2809	0.707788
2810	0.894102
2811	2.005866
2812	0.263837
2813	0.708354
2814	-0.730982
2815	-2.306124
2816	0.490147
2817	-2.478663
2818	0.319246
2819	0.056068
2820	-0.317387
2821	-2.302559
2822	-1.772320
2823	-1.667830
2824	0.879026
2825	-2.841295
2826	-2.316809
2827	-1.717822
2828	-1.793455
2829	-0.851293
2830	-2.213973
2831	1.523877
2832	0.677541
2833	-1.810282
2834	-2.692708
2835	-0.067600
2836	-1.729324
2837	0.057983
2838	0.761897
2839	-0.962200
2840	1.939735
2841	0.777121
2842	-2.033139
2843	-1.633150
2844	0.941218
2845	2.043729
2846	-1.758344
2847	0.105406
2848	-1.680722
2849	1.541474
2850	-1.865251
2851	-2.770388
2852	-1.796378
2853	-3.071547
2854	0.959675
2855	0.217264
2856	-1.523733
2857	-0.710922
2858	2.675913
2859	-1.723553
2860	1.173575
2861	-2.888515
2862	-1.855192
2863	2.985874
2864	-1.791237
2865	2.310953
2866	0.792677
2867	-0.125319
2868	0.850529
2869	0.207263
2870	0.891910
2871	-1.389032
2872	-1.830403
2873	-1.719195
2874	1.883845
2875	-0.400113
2876	-0.192601
2877	-2.368250
2878	-0.160453
2879	-1.389073
2880	-2.175081
2881	-2.167271
2882	1.657342
2883	-0.742150
2884	-3.156977
2885	1.135414
2886	-0.170959
2887	0.244047
2888	-2.750863
2889	-1.814970
2890	1.021933
2891	-2.477415
2892	-1.902509
2893	-1.274346
2894	2.388040
2895	0.316639
2896	0.762471
2897	-2.070712
2898	-1.854451
2899	-2.127370
2900	-0.113509
2901	-1.729648
2902	2.090743
2903	1.408133
2904	-1.941383
2905	0.658616
2906	-2.557272
2907	-1.673520
2908	1.979641
2909	-1.593421
2910	1.076285
2911	-1.909619
2912	-1.560543
2913	-0.095603
2914	-1.400510
2915	-2.404528
2916	-1.619916
2917	-1.701447
2918	-2.284468
2919	-0.150741
2920	-1.371537
2921	-2.026343
2922	2.221610
2923	-2.571089
2924	0.675234
2925	-2.261729
2926	-1.970599
2927	-0.553933
2928	-2.192535
2929	-1.938512
2930	1.911540
2931	-1.693477
2932	-1.549424
2933	-1.317242
2934	-2.108151
2935	1.095101
2936	-0.896593
2937	0.898193
2938	-2.224726
2939	0.204523
2940	-2.363935
2941	0.812276
2942	-2.035718
2943	-2.701772
2944	1.949107
2945	-1.805961
2946	1.108129
2947	-0.820848
2948	-1.735173
2949	0.615453
2950	0.906389
2951	-1.720888
2952	-1.797966
2953	-0.878168
2954	-1.970881
2955	-2.145898
2956	-2.694928
2957	-1.512827
2958	-1.758167
2959	-2.061759
2960	-1.785085
2961	-2.578200
2962	-2.635737
2963	-1.881419
2964	-2.718965
2965	1.084555
2966	-2.966700
2967	1.863574
2968	-0.147977
2969	-0.747949
2970	0.151022
2971	-2.252539
2972	-1.248566
2973	2.105738
2974	0.200453
2975	-2.101572
2976	-2.181195
2977	-2.145568
2978	2.408011
2979	-1.803652
2980	0.153429
2981	0.703661
2982	-2.493831
2983	-1.333213
2984	-2.842922
2985	-1.971774
2986	-1.945772
2987	-2.406710
2988	-2.167151
2989	1.443710
2990	2.580182
2991	-2.237906
2992	-0.507173
2993	-2.425724
2994	-1.849706
2995	-1.965759
2996	-2.269174
2997	-1.094045
2998	-2.190010
2999	-2.545830
3000	2.007568
3001	1.794444
3002	-1.295149
3003	-0.070977
3004	-2.061707
3005	2.429940
3006	3.478164
3007	-1.548719
3008	0.946297
3009	1.626885
3010	-1.925257
3011	1.604227
3012	0.601608
3013	-2.180349
3014	0.668280
3015	-1.827193
3016	-2.199202
3017	-2.379990
3018	-2.053698
3019	1.686157
3020	-1.591208
3021	-2.021692
3022	0.930881
3023	0.431586
3024	-2.466641
3025	1.880186
3026	0.667959
3027	1.473831
3028	-2.294119
3029	-0.429743
3030	-2.413901
3031	1.091659
3032	-2.152168
3033	-2.938364
3034	-1.434531
3035	-1.832801
3036	-0.815872
3037	1.780092
3038	-2.019326
3039	0.125313
3040	-1.308950
3041	1.206601
3042	-1.359046
3043	0.227542
3044	1.021493
3045	0.152537
3046	-1.930191
3047	-1.584181
3048	-1.983347
3049	0.790066
3050	-2.940843
3051	-2.215845
3052	-2.225517
3053	-1.742227
3054	1.232808
3055	-2.344895
3056	-2.450740
3057	-2.422068
3058	0.679167
3059	1.775230
3060	-1.901766
3061	-0.794749
3062	-1.941548
3063	-2.025835
3064	-1.923965
3065	-2.011873
3066	-1.911292
3067	-2.975953
3068	-0.135498
3069	0.590135
3070	1.001081
3071	-2.762935
3072	-1.941356
3073	2.226422
3074	-2.501593
3075	-1.787680
3076	-1.364003
3077	1.523654
3078	1.261420
3079	-2.927907
3080	-1.255900
3081	-1.829170
3082	2.113903
3083	-2.078107
3084	-1.815890
3085	-2.807279
3086	-1.731573
3087	2.717801
3088	-1.871549
3089	-1.508867
3090	2.046184
3091	-2.109160
3092	-1.133415
3093	-2.049668
3094	-2.651860
3095	2.626760
3096	1.815355
3097	-1.613981
3098	2.488482
3099	3.897904
3100	1.355154
3101	-2.724411
3102	0.931888
3103	-1.774372
3104	0.617070
3105	-1.471889
3106	-2.654602
3107	-1.658700
3108	-1.488818
3109	-3.131890
3110	-1.805063
3111	0.673487
3112	-0.688775
3113	-1.448610
3114	-1.478289
3115	-2.119746
3116	-2.113598
3117	0.640688
3118	-1.938145
3119	2.327484
3120	-2.484747
3121	-1.293989
3122	-1.777486
3123	1.883857
3124	0.917132
3125	-2.314063
3126	1.657919
3127	-1.622686
3128	1.865123
3129	-2.979218
3130	1.334713
3131	-2.299754
3132	2.308102
3133	1.625320
3134	1.749504
3135	-0.067514
3136	2.847256
3137	0.678194
3138	-1.917300
3139	0.921632
3140	-2.141666
3141	-1.321458
3142	0.497323
3143	2.508287
3144	-0.170573
3145	-2.223780
3146	-0.133722
3147	-1.385463
3148	-2.024069
3149	-2.080584
3150	-1.926391
3151	-0.227583
3152	1.540179
3153	-0.855980
3154	-2.289934
3155	-2.152085
3156	1.062631
3157	-1.677361
3158	-2.058005
3159	-2.149940
3160	1.706227
3161	-1.674447
3162	-2.010110
3163	-2.148809
3164	0.812722
3165	-1.575468
3166	0.944025
3167	-1.266442
3168	0.793641
3169	-2.436627
3170	-2.383804
3171	-1.260168
3172	0.033832
3173	0.941406
3174	-2.147940
3175	1.868100
3176	-1.650250
3177	1.960313
3178	-2.766524
3179	-3.282382
3180	1.995124
3181	-2.143585
3182	-2.196452
3183	-0.936945
3184	-2.301140
3185	-1.711148
3186	1.501518
3187	1.819038
3188	1.629468
3189	-0.599222
3190	-2.304759
3191	-2.646802
3192	-1.747623
3193	-2.567395
3194	2.505776
3195	-1.830217
3196	-1.425635
3197	0.114944
3198	-2.188116
3199	-0.194414
3200	0.906138
3201	-2.238867
3202	2.609254
3203	-1.695139
3204	0.856448
3205	-2.473716
3206	1.208116
3207	0.707225
3208	-2.267338
3209	0.280764
3210	0.876630
3211	-3.024873
3212	-2.249996
3213	-2.190521
3214	-1.702672
3215	1.312149
3216	-1.754531
3217	1.703330
3218	0.115244
3219	-2.086535
3220	0.959823
3221	-1.830163
3222	-2.060739
3223	-1.923870
3224	-1.975841
3225	0.374950
3226	1.231341
3227	-0.985495
3228	2.615803
3229	0.971567
3230	-0.304957
3231	-1.921639
3232	-1.703411
3233	-2.551888
3234	0.096100
3235	2.251994
3236	-1.632816
3237	-2.376724
3238	-0.134169
3239	0.369268
3240	-1.037358
3241	-1.567433
3242	1.458266
3243	-1.520220
3244	0.517868
3245	-1.924880
3246	-1.554236
3247	0.779530
3248	-1.670348
3249	-1.934992
3250	1.017899
3251	1.909010
3252	-1.547967
3253	-3.150440
3254	0.619627
3255	1.205066
3256	-2.397036
3257	-1.423108
3258	-2.455738
3259	-1.474016
3260	-2.507141
3261	-2.238682
3262	-1.901878
3263	-2.471363
3264	-1.582152
3265	2.028853
3266	0.653021
3267	0.080496
3268	-1.494019
3269	-2.894007
3270	0.617385
3271	-2.738007
3272	-2.835908
3273	-1.876359
3274	0.770100
3275	-2.175538
3276	-3.054764
3277	-2.104828
3278	-1.194544
3279	0.553171
3280	-2.231860
3281	-2.263308
3282	-2.107214
3283	-2.736206
3284	-2.535626
3285	-1.413943
3286	0.639270
3287	1.385829
3288	-2.023848
3289	-2.546654
3290	-2.579060
3291	-2.547883
3292	1.591740
3293	-1.684114
3294	-2.113651
3295	-2.386564
3296	-2.061176
3297	3.329404
3298	-2.025111
3299	-2.446177
3300	-3.296522
3301	-1.527331
3302	-2.129669
3303	-1.027375
3304	3.206281
3305	-1.809160
3306	-2.191649
3307	-0.757945
3308	-2.934797
3309	-2.153240
3310	1.671267
3311	-2.107054
3312	0.819415
3313	-2.347102
3314	-2.578010
3315	-2.368029
3316	1.297477
3317	-1.241549
3318	-2.815683
3319	0.764485
3320	-2.270030
3321	1.225012
3322	-1.109947
3323	-2.031464
3324	1.210251
3325	-2.528050
3326	1.313010
3327	2.117670
3328	-1.802796
3329	2.129445
3330	1.549082
3331	-2.070081
3332	-2.826668
3333	1.814493
3334	-2.221300
3335	-2.676329
3336	-1.736161
3337	-2.184244
3338	-1.585071
3339	-2.876608
3340	1.580906
3341	0.176984
3342	-2.208898
3343	-2.442930
3344	-1.436798
3345	-1.155960
3346	-3.102659
3347	-2.042033
3348	-1.439008
3349	-1.800752
3350	-0.641794
3351	-2.283970
3352	-1.465097
3353	3.413499
3354	-0.279291
3355	-1.125347
3356	1.546506
3357	1.288804
3358	-2.439547
3359	0.923213
3360	-1.466805
3361	-2.536120
3362	-2.574841
3363	-1.220451
3364	-1.949385
3365	-2.160582
3366	-1.175274
3367	-0.963126
3368	-1.482865
3369	1.501779
3370	2.607176
3371	-0.098940
3372	-2.350192
3373	1.449894
3374	-2.023421
3375	-2.619398
3376	2.385466
3377	-1.868873
3378	-1.753297
3379	-2.184890
3380	-1.765747
3381	1.320425
3382	-2.443083
3383	-1.323716
3384	-0.282672
3385	0.561651
3386	1.408732
3387	0.327761
3388	-1.584790
3389	-1.880587
3390	-2.435563
3391	-2.541870
3392	-1.547421
3393	1.105793
3394	-1.510394
3395	-1.265072
3396	-2.258693
3397	2.709596
3398	-1.524031
3399	-1.989727
3400	0.832402
3401	-2.433970
3402	-1.204556
3403	3.405380
3404	-0.048051
3405	0.264059
3406	-1.716389
3407	-1.629602
3408	-1.471034
3409	0.735019
3410	-2.062347
3411	3.232464
3412	-1.696631
3413	-2.186887
3414	-2.009597
3415	-1.618475
3416	0.177181
3417	0.751809
3418	0.635348
3419	-2.438176
3420	1.255963
3421	-2.211072
3422	0.342629
3423	1.158945
3424	-2.010290
3425	-2.339336
3426	-2.299249
3427	-1.048486
3428	-2.026619
3429	1.760304
3430	-1.798124
3431	0.523950
3432	-1.826919
3433	-2.345876
3434	0.440836
3435	0.601366
3436	0.992549
3437	2.130188
3438	-2.398572
3439	-1.538549
3440	-1.607776
3441	0.578373
3442	-1.616666
3443	2.228710
3444	0.616012
3445	1.541119
3446	-1.613387
3447	-2.210934
3448	-1.589414
3449	1.923229
3450	-1.158696
3451	1.613901
3452	1.452242
3453	-0.587476
3454	0.832235
3455	-1.069696
3456	-2.324805
3457	-2.012096
3458	-1.617492
3459	-0.186307
3460	-2.402655
3461	0.519082
3462	-1.635188
3463	2.356132
3464	-2.142460
3465	-2.401736
3466	-1.970188
3467	-0.777411
3468	0.652157
3469	-2.113501
3470	-2.644615
3471	1.095625
3472	-1.388639
3473	-1.935566
3474	-0.335388
3475	-2.694623
3476	-1.923409
3477	1.146277
3478	-1.547209
3479	-0.817873
3480	-2.089156
3481	1.026303
3482	-2.207888
3483	-1.228428
3484	-2.000304
3485	-2.854998
3486	1.423892
3487	-1.035776
3488	-2.213038
3489	1.595255
3490	-0.236749
3491	1.183376
3492	0.720947
3493	1.160940
3494	2.381661
3495	1.250869
3496	-1.997451
3497	-1.999587
3498	1.219985
3499	1.332604
3500	-2.367332
3501	0.079324
3502	-2.253464
3503	1.911022
3504	-1.617983
3505	-1.560726
3506	-2.516260
3507	-1.752702
3508	-1.736321
3509	-2.225463
3510	2.461124
3511	2.092447
3512	-1.819349
3513	-1.185857
3514	-1.491221
3515	-1.874985
3516	-2.219966
3517	1.873527
3518	-1.730353
3519	-1.576787
3520	-1.827306
3521	1.919292
3522	2.241247
3523	-1.921973
3524	1.155300
3525	-1.833423
3526	-2.275625
3527	-2.131673
3528	-1.218793
3529	1.762765
3530	-2.605868
3531	-1.986290
3532	-1.699527
3533	-1.870152
3534	-1.919189
3535	-1.130775
3536	-1.917935
3537	-2.529514
3538	2.546533
3539	0.267721
3540	2.225631
3541	-2.498324
3542	-2.510596
3543	-0.129373
3544	-1.501514
3545	-2.181224
3546	2.578150
3547	1.476502
3548	-2.091223
3549	-0.482072
3550	0.258940
3551	-0.113284
3552	1.102418
3553	-1.373368
3554	-0.141909
3555	-2.194948
3556	0.115688
3557	-1.160550
3558	1.427897
3559	-1.655483
3560	-2.255518
3561	-1.635068
3562	-0.024185
3563	-1.410036
3564	-1.243085
3565	1.448881
3566	1.947310
3567	-1.542285
3568	-1.529094
3569	-2.329222
3570	0.297252
3571	-0.354863
3572	-2.087069
3573	-1.497381
3574	-2.326156
3575	0.438020
3576	-2.453312
3577	-1.450811
3578	-0.009593
3579	0.079902
3580	-1.916402
3581	-2.024622
3582	-1.898337
3583	2.358917
3584	1.301944
3585	-2.222084
3586	0.341812
3587	-2.402596
3588	-2.477262
3589	-0.600710
3590	2.558708
3591	-1.820479
3592	-1.612729
3593	-1.450074
3594	2.014454
3595	-2.727018
3596	-1.187877
3597	-1.790608
3598	-1.241360
3599	-1.321964
3600	2.433545
3601	-3.135690
3602	-2.952578
3603	0.341284
3604	-0.485257
3605	-1.768657
3606	-1.723132
3607	-1.003286
3608	-1.839270
3609	-2.067856
3610	1.210037
3611	2.905701
3612	-2.168811
3613	-2.562676
3614	-1.792191
3615	0.501128
3616	2.859557
3617	-1.499132
3618	0.770591
3619	1.193604
3620	1.794478
3621	-2.697045
3622	2.245635
3623	-2.294366
3624	-1.415476
3625	-1.846299
3626	2.507843
3627	-2.274104
3628	-0.565741
3629	-1.907817
3630	-1.829267
3631	-1.765010
3632	1.594963
3633	-2.174891
3634	-2.164846
3635	-2.212147
3636	-0.625830
3637	-1.394770
3638	-1.933253
3639	-1.434120
3640	-1.355540
3641	-2.107496
3642	0.211440
3643	-2.621121
3644	1.694079
3645	-1.280542
3646	-1.604891
3647	1.937210
3648	-2.310533
3649	-2.159604
3650	-3.283374
3651	-1.122392
3652	0.988434
3653	-0.810971
3654	-2.720768
3655	1.015377
3656	3.010480
3657	-2.071570
3658	-2.136724
3659	-2.246815
3660	0.172480
3661	-1.467635
3662	-2.859582
3663	-1.645661
3664	-2.371100
3665	-2.209033
3666	2.285242
3667	1.888794
3668	-2.347629
3669	-1.637775
3670	2.673768
3671	-3.330392
3672	0.142910
3673	2.622027
3674	1.226746
3675	0.562522
3676	-1.683796
3677	1.413331
3678	-2.709515
3679	-1.597153
3680	-2.127043
3681	-1.942438
3682	-1.779695
3683	-1.426211
3684	1.993881
3685	1.786930
3686	-2.199632
3687	-1.670620
3688	-2.312498
3689	0.441782
3690	-1.531809
3691	-2.103403
3692	-0.802648
3693	3.051672
3694	-1.715573
3695	-2.081765
3696	-1.843019
3697	-2.043020
3698	-1.209868
3699	0.181960
3700	-2.452555
3701	2.356329
3702	1.168350
3703	1.954885
3704	-0.399634
3705	-2.768131
3706	-1.804990
3707	-2.553562
3708	-1.663886
3709	-2.389939
3710	-2.482078
3711	-2.582477
3712	1.281548
3713	-2.457288
3714	-1.234413
3715	0.764856
3716	-1.316289
3717	0.470549
3718	1.592116
3719	-2.686270
3720	-2.019669
3721	-1.589594
3722	0.899107
3723	-2.677728
3724	-1.094799
3725	-2.492693
3726	-1.359384
3727	1.407814
3728	0.836256
3729	-2.655206
3730	-2.909422
3731	-1.496847
3732	-2.564261
3733	1.817817
3734	-2.985120
3735	-0.121933
3736	1.107159
3737	0.580337
3738	-2.105610
3739	2.208742
3740	-1.716253
3741	1.422024
3742	-2.500497
3743	-2.171959
3744	-0.330443
3745	-2.157445
3746	0.285309
3747	-1.638959
3748	1.596503
3749	-2.830784
3750	2.626764
3751	1.335301
3752	-1.819069
3753	1.660680
3754	0.558156
3755	-2.159849
3756	2.871604
3757	-2.355217
3758	-2.872317
3759	-1.737224
3760	-2.704380
3761	-2.269390
3762	-1.550432
3763	-2.397186
3764	-2.697828
3765	-1.377859
3766	-1.063233
3767	-0.736841
3768	0.209056
3769	-1.614454
3770	-1.887401
3771	0.179116
3772	-2.519291
3773	-1.951517
3774	0.056905
3775	-2.166528
3776	2.323719
3777	-2.699488
3778	0.673555
3779	-2.756414
3780	-2.545336
3781	-1.780120
3782	0.956358
3783	-2.308089
3784	-0.889042
3785	-2.322933
3786	2.066899
3787	-0.556508
3788	-1.988902
3789	-2.305962
3790	2.748179
3791	-1.652580
3792	1.427360
3793	-1.808178
3794	-2.287394
3795	1.558264
3796	-2.315811
3797	-2.239595
3798	-2.198092
3799	-1.977615
3800	-1.692354
3801	-1.601207
3802	-1.982853
3803	-1.522097
3804	-1.530487
3805	-2.478510
3806	-1.391637
3807	-1.767074
3808	-0.393798
3809	-0.078032
3810	-1.327130
3811	-1.932056
3812	-1.894231
3813	1.126347
3814	1.517566
3815	0.855144
3816	-1.795908
3817	0.624338
3818	1.635385
3819	-1.683469
3820	0.420160
3821	-1.918952
3822	-2.810191
3823	1.892737
3824	-0.468890
3825	-1.379332
3826	-2.755751
3827	1.678636
3828	-1.841876
3829	-3.535673
3830	-2.305598
3831	-1.345615
3832	-1.613570
3833	-1.972948
3834	1.748665
3835	0.023909
3836	0.132647
3837	1.842482
3838	1.403378
3839	2.904787
3840	-2.109637
3841	-1.503870
3842	-2.319778
3843	-2.167573
3844	0.743963
3845	1.759951
3846	-1.967112
3847	1.512201
3848	-2.024236
3849	-2.035876
3850	-2.471486
3851	-2.064802
3852	1.736223
3853	1.446514
3854	2.331870
3855	-0.058455
3856	-2.080257
3857	-1.938448
3858	-0.266060
3859	1.884174
3860	-2.790181
3861	-1.428592
3862	-2.157813
3863	-2.302830
3864	-2.228963
3865	-2.701385
3866	-2.802903
3867	-2.038532
3868	-2.220064
3869	-1.637366
3870	-1.986449
3871	2.021993
3872	1.847553
3873	1.723171
3874	1.063441
3875	-2.154997
3876	-2.464759
3877	-2.805822
3878	-2.180773
3879	-2.038627
3880	0.661533
3881	-1.979649
3882	-2.057703
3883	-1.472863
3884	-0.754269
3885	-1.737034
3886	2.441350
3887	2.720967
3888	-2.158211
3889	-2.071107
3890	-1.866166
3891	-1.085242
3892	-2.524322
3893	-2.061613
3894	-2.368120
3895	0.463047
3896	2.731039
3897	-1.451040
3898	0.535817
3899	-2.580615
3900	-2.282258
3901	-1.513833
3902	-2.621342
3903	-1.617909
3904	-2.199125
3905	-1.406197
3906	1.001643
3907	-2.143005
3908	-1.007342
3909	-2.138792
3910	0.723318
3911	-2.615256
3912	-1.843435
3913	-2.134997
3914	-2.104483
3915	-2.040543
3916	2.012431
3917	2.026334
3918	2.426647
3919	-2.160369
3920	-1.493000
3921	-1.883350
3922	-1.335930
3923	0.120348
3924	-2.780827
3925	-2.082309
3926	1.767513
3927	-1.461187
3928	0.506620
3929	-1.506082
3930	1.409642
3931	-2.757400
3932	-3.121988
3933	-1.312592
3934	2.644298
3935	-2.431505
3936	-1.803627
3937	2.258241
3938	-2.059878
3939	-1.743733
3940	-1.330176
3941	-0.178294
3942	-2.183943
3943	-1.270029
3944	-1.732025
3945	0.269438
3946	-2.785058
3947	-1.781525
3948	-1.368760
3949	0.494988
3950	-1.804125
3951	0.799679
3952	-2.109025
3953	-2.193217
3954	2.363274
3955	2.250919
3956	-1.611553
3957	-2.380444
3958	0.170175
3959	-2.075121
3960	1.924985
3961	0.831559
3962	-2.652676
3963	-1.939040
3964	0.993144
3965	-1.908809
3966	-1.849413
3967	-2.718790
3968	-1.579464
3969	-2.580079
3970	1.918470
3971	-1.294953
3972	-0.442886
3973	-0.361163
3974	-2.311672
3975	-2.036952
3976	-1.532235
3977	2.475366
3978	1.610512
3979	-1.535417
3980	0.938779
3981	0.203789
3982	1.989717
3983	0.433205
3984	-2.222585
3985	-1.805904
3986	-1.971333
3987	-2.805811
3988	-0.057032
3989	2.287147
3990	-1.523515
3991	0.984597
3992	-2.153695
3993	2.636021
3994	0.759015
3995	-0.059262
3996	-2.166281
3997	0.106331
3998	2.215694
3999	2.007337
4000	-2.214250
4001	-1.971364
4002	2.590911
4003	1.514725
4004	-2.613573
4005	-1.758063
4006	-2.029662
4007	-2.977298
4008	-1.551101
4009	-1.935004
4010	0.661623
4011	-1.599525
4012	0.848324
4013	-1.887571
4014	0.351137
4015	0.793610
4016	0.482852
4017	-1.786550
4018	-2.664630
4019	-2.539713
4020	-2.229321
4021	-1.492020
4022	-1.805190
4023	1.496674
4024	1.018874
4025	-2.367189
4026	0.978450
4027	-1.331811
4028	0.316682
4029	-1.767684
4030	-2.003224
4031	1.703549
4032	3.434880
4033	-2.523539
4034	1.337688
4035	-1.779639
4036	-2.522351
4037	-2.311439
4038	-2.449178
4039	-3.295035
4040	-0.015231
4041	-1.356959
4042	-2.367836
4043	-1.771656
4044	2.783890
4045	1.573323
4046	-1.888086
4047	-1.170062
4048	-2.105269
4049	-2.318769
4050	1.688681
4051	-2.350638
4052	-2.283181
4053	0.105784
4054	-2.371132
4055	-0.488726
4056	0.266403
4057	0.043863
4058	-1.141115
4059	-1.991699
4060	2.338072
4061	-2.025437
4062	0.209561
4063	-1.968206
4064	-2.453197
4065	1.631576
4066	1.313364
4067	-2.920659
4068	-2.091328
4069	0.474172
4070	-2.141641
4071	-2.422986
4072	-2.512070
4073	-2.079753
4074	-1.228113
4075	-1.472831
4076	2.043422
4077	2.068804
4078	-1.763951
4079	-2.226184
4080	-2.474266
4081	-2.512024
4082	-2.477703
4083	-2.148000
4084	-2.246247
4085	-2.770684
4086	-1.865340
4087	-2.804934
4088	0.119240
4089	-1.996006
4090	-0.928626
4091	1.260146
4092	0.843667
4093	-1.552145
4094	-1.790892
4095	2.574878
4096	-1.838414
4097	-2.473783
4098	-2.785418
4099	1.468480
4100	-2.404114
4101	-1.905195
4102	-2.274484
4103	-1.990083
4104	1.021554
4105	1.967292
4106	-2.141478
4107	1.877516
4108	-2.341765
4109	-1.270679
4110	-1.041779
4111	-1.699762
4112	1.323094
4113	-2.059480
4114	-1.866089
4115	-2.675717
4116	-0.374738
4117	-3.112358
4118	2.292544
4119	1.840649
4120	1.379150
4121	-3.118436
4122	0.346529
4123	2.466067
4124	-2.626622
4125	-1.712513
4126	-1.190479
4127	-1.859514
4128	0.245924
4129	-2.056945
4130	0.977332
4131	2.455064
4132	2.005385
4133	-2.212980
4134	0.290123
4135	-1.430410
4136	-1.598412
4137	0.796659
4138	1.727597
4139	-2.054690
4140	-2.159639
4141	1.620973
4142	-2.026555
4143	-2.061229
4144	-1.940901
4145	-1.914343
4146	1.166694
4147	-1.404406
4148	0.152276
4149	0.519745
4150	-2.387374
4151	-2.436742
4152	1.366888
4153	2.869557
4154	-2.169288
4155	-1.202101
4156	-1.866487
4157	-2.363120
4158	0.572603
4159	1.095139
4160	2.162874
4161	1.647647
4162	-2.293910
4163	-1.778066
4164	-2.404023
4165	-1.540279
4166	0.123639
4167	0.379381
4168	-1.754217
4169	0.022182
4170	0.283972
4171	-2.659027
4172	0.972224
4173	1.639185
4174	1.181035
4175	-1.544624
4176	1.570671
4177	0.459257
4178	0.648894
4179	-2.170560
4180	-2.189763
4181	0.104881
4182	-1.974906
4183	1.196856
4184	-2.151658
4185	0.077872
4186	-0.529839
4187	2.400503
4188	-1.368931
4189	1.527227
4190	-2.448760
4191	-2.609596
4192	-1.195194
4193	0.582879
4194	-1.225807
4195	0.006176
4196	0.809747
4197	0.927443
4198	2.467468
4199	-2.127225
4200	-1.621197
4201	-1.930838
4202	1.832702
4203	-2.458687
4204	0.154306
4205	-2.789935
4206	-1.797358
4207	-2.481236
4208	-2.211876
4209	-1.954437
4210	-1.020067
4211	-1.728463
4212	-1.853506
4213	-2.398869
4214	-2.175925
4215	-2.908908
4216	-1.397785
4217	0.435467
4218	-1.467287
4219	-1.802236
4220	-1.118014
4221	-2.200856
4222	0.890859
4223	1.630040
4224	0.235143
4225	1.245767
4226	0.885400
4227	-2.102174
4228	-2.199117
4229	-2.250153
4230	-1.529668
4231	-1.880889
4232	-2.323999
4233	1.718340
4234	-1.096244
4235	-1.917743
4236	0.853457
4237	-2.302857
4238	-1.015091
4239	-2.158585
4240	-2.241425
4241	1.329900
4242	0.150426
4243	1.806936
4244	-2.067078
4245	-1.146306
4246	-1.539847
4247	-1.940318
4248	-2.919873
4249	-2.257413
4250	-3.066222
4251	0.030245
4252	-1.323569
4253	1.804955
4254	1.273435
4255	2.176175
4256	0.675048
4257	0.824826
4258	-1.860973
4259	-2.230800
4260	0.972559
4261	1.817236
4262	-2.361042
4263	-2.456136
4264	-1.662343
4265	-0.956918
4266	2.531138
4267	-2.817166
4268	1.685342
4269	-0.936681
4270	-1.951632
4271	-2.499200
4272	1.606952
4273	1.018723
4274	-1.049893
4275	-2.778469
4276	1.585700
4277	1.504988
4278	1.168812
4279	-1.355684
4280	-1.647756
4281	0.575030
4282	-2.151115
4283	1.657515
4284	-1.905353
4285	-2.272629
4286	-2.566098
4287	-2.076209
4288	-2.847956
4289	-2.424044
4290	-1.130199
4291	-2.062200
4292	-2.286552
4293	-2.748128
4294	0.626437
4295	0.494562
4296	-2.248750
4297	-1.042603
4298	0.868077
4299	-2.397250
4300	-0.750923
4301	-0.821941
4302	-2.403033
4303	-1.153095
4304	-2.356409
4305	-0.186260
4306	-2.529753
4307	-1.787955
4308	1.310355
4309	-1.488828
4310	-2.411886
4311	-2.140728
4312	0.759662
4313	-1.619155
4314	-2.484080
4315	-2.031583
4316	-2.119277
4317	-2.070944
4318	2.552540
4319	-2.352388
4320	1.257107
4321	-0.590780
4322	-1.544122
4323	-2.099722
4324	-1.716250
4325	-2.008837
4326	-2.032337
4327	-2.059127
4328	-2.258853
4329	1.884081
4330	-2.175681
4331	-1.689651
4332	-1.890959
4333	2.096720
4334	-2.133058
4335	2.439686
4336	-1.001821
4337	-1.855802
4338	-3.045944
4339	-1.751865
4340	-2.272810
4341	-1.306923
4342	-1.590859
4343	-0.347100
4344	-1.281793
4345	-1.525912
4346	1.885423
4347	-1.406961
4348	-1.974769
4349	1.547858
4350	2.435466
4351	-1.712130
4352	-2.337605
4353	-1.139336
4354	-2.109071
4355	-1.795164
4356	-1.979021
4357	-1.595298
4358	0.435839
4359	-2.020015
4360	1.320019
4361	-2.808158
4362	0.991059
4363	1.253898
4364	1.991345
4365	1.387887
4366	-2.679120
4367	2.778054
4368	3.365354
4369	-1.372263
4370	-2.238970
4371	1.477955
4372	-2.914600
4373	2.365205
4374	-1.859210
4375	1.999144
4376	0.709196
4377	1.220130
4378	0.499668
4379	1.190051
4380	-1.719369
4381	-1.465521
4382	-2.592093
4383	0.733475
4384	-1.500559
4385	-2.151258
4386	0.771277
4387	0.982372
4388	-1.800778
4389	-2.575738
4390	1.520539
4391	0.966942
4392	-1.759083
4393	1.780506
4394	2.801657
4395	-1.844587
4396	1.232146
4397	-2.153956
4398	-1.258920
4399	-1.889433
4400	-1.275553
4401	0.042456
4402	1.050372
4403	-2.196280
4404	-2.240173
4405	-1.528496
4406	-2.285051
4407	1.593093
4408	1.041648
4409	1.291942
4410	-2.322653
4411	-1.873439
4412	-1.753495
4413	-1.008824
4414	1.401018
4415	-0.377287
4416	1.536691
4417	-2.829810
4418	0.041631
4419	-1.615191
4420	-2.911984
4421	-0.584880
4422	-1.460840
4423	0.406749
4424	-2.145106
4425	-1.602257
4426	-2.304992
4427	-2.437338
4428	0.576498
4429	-1.914090
4430	-1.349251
4431	-1.985003
4432	-1.915968
4433	1.644483
4434	2.298739
4435	0.545572
4436	1.455553
4437	-1.975931
4438	0.867890
4439	-1.703156
4440	-2.618726
4441	0.422842
4442	-1.907069
4443	0.542192
4444	-2.214720
4445	-1.993531
4446	-2.025452
4447	-1.767388
4448	0.451490
4449	-1.412193
4450	-1.752608
4451	-1.872952
4452	-1.247956
4453	-0.087056
4454	-2.775411
4455	-1.650734
4456	-1.894122
4457	0.365655
4458	-1.658238
4459	-2.055310
4460	0.561390
4461	1.642370
4462	-2.022418
4463	0.019700
4464	-1.794419
4465	-2.695435
4466	-1.794211
4467	-0.159915
4468	-2.396889
4469	0.741331
4470	-1.276911
4471	-1.655113
4472	-1.854247
4473	-0.440785
4474	-2.716121
4475	-2.032658
4476	1.079484
4477	-2.143344
4478	1.092030
4479	-2.032461
4480	-1.921816
4481	-0.827858
4482	-1.433985
4483	-1.520593
4484	0.640704
4485	-1.303442
4486	-2.185677
4487	-1.524185
4488	-2.176555
4489	-0.232667
4490	3.139187
4491	0.598396
4492	-2.216290
4493	0.658280
4494	-2.068551
4495	-0.298968
4496	-1.260727
4497	-1.644868
4498	2.011327
4499	-0.260141
4500	-2.064619
4501	1.163839
4502	1.720741
4503	-0.099067
4504	-2.492064
4505	-1.535855
4506	0.294706
4507	0.348200
4508	-1.687618
4509	-1.852231
4510	-2.653035
4511	-2.362933
4512	2.323750
4513	-2.506299
4514	0.143885
4515	1.003515
4516	0.980997
4517	-1.536481
4518	-1.755682
4519	2.054960
4520	-2.372947
4521	-1.642612
4522	-1.228156
4523	-2.648530
4524	-2.293122
4525	-1.204763
4526	-1.470807
4527	-2.106535
4528	1.657962
4529	-2.248302
4530	-2.346935
4531	-1.897540
4532	0.263819
4533	-2.740952
4534	-1.876066
4535	1.325531
4536	1.576238
4537	-1.943689
4538	-1.785402
4539	-1.846779
4540	0.464514
4541	0.321528
4542	1.483467
4543	-0.477509
4544	1.321701
4545	0.927837
4546	0.741272
4547	-1.639598
4548	-2.154575
4549	1.172922
4550	-1.531494
4551	-1.659798
4552	-2.003812
4553	2.334773
4554	-2.322718
4555	2.728698
4556	1.123633
4557	-3.124635
4558	-1.390723
4559	-1.451188
4560	1.570518
4561	-2.431463
4562	-1.977138
4563	-2.732182
4564	1.119419
4565	-1.921896
4566	-2.147227
4567	-1.383926
4568	-2.147715
4569	-1.736123
4570	-1.892797
4571	-2.073315
4572	-1.493805
4573	0.883400
4574	-1.829947
4575	-2.525851
4576	-0.770444
4577	-2.374876
4578	-0.970847
4579	0.294104
4580	-1.837078
4581	-2.156450
4582	-2.429258
4583	0.931439
4584	-2.615259
4585	-2.349258
4586	0.673240
4587	-2.048285
4588	3.125777
4589	-1.919324
4590	-2.105922
4591	1.879602
4592	-1.919929
4593	-2.318033
4594	-1.754709
4595	-1.017652
4596	-2.680693
4597	-2.355955
4598	-2.314569
4599	-1.429938
4600	-1.809426
4601	0.427445
4602	2.190169
4603	-1.817792
4604	-2.478605
4605	0.536393
4606	-1.979054
4607	-2.483621
4608	-2.446649
4609	0.407824
4610	1.985915
4611	-1.335457
4612	1.990411
4613	-1.668540
4614	-1.418105
4615	1.494239
4616	-0.652801
4617	-1.802383
4618	1.958980
4619	0.691808
4620	1.290457
4621	-1.290951
4622	-1.556905
4623	-0.469599
4624	-1.678998
4625	0.701119
4626	-1.816570
4627	-2.769395
4628	-1.597040
4629	-1.580742
4630	0.829538
4631	-2.543884
4632	-2.874188
4633	1.527077
4634	2.112160
4635	-2.178735
4636	-0.759595
4637	-1.837393
4638	2.688345
4639	-2.247917
4640	-1.716862
4641	-1.481232
4642	1.400125
4643	-2.679378
4644	1.301150
4645	-2.453200
4646	1.179572
4647	0.868584
4648	-1.832246
4649	-2.578386
4650	-2.035771
4651	0.899892
4652	-2.145717
4653	-2.317004
4654	2.054556
4655	0.009546
4656	2.748150
4657	0.151126
4658	1.912780
4659	1.416741
4660	1.017192
4661	-2.714839
4662	3.184881
4663	-1.870224
4664	-2.187114
4665	-0.990550
4666	-1.934445
4667	-1.832751
4668	-2.218803
4669	2.582916
4670	-1.177070
4671	-1.875836
4672	2.003515
4673	0.989169
4674	-1.660050
4675	-0.118168
4676	2.253907
4677	-1.184359
4678	-1.940410
4679	-1.680360
4680	-0.037928
4681	0.660074
4682	-0.082980
4683	-2.003922
4684	2.099882
4685	-2.356632
4686	-1.931132
4687	-2.016498
4688	1.944250
4689	-2.355823
4690	1.827433
4691	-2.845541
4692	-1.539596
4693	1.687330
4694	-2.174553
4695	1.887730
4696	-2.214731
4697	-1.856174
4698	-2.215826
4699	-2.194847
4700	-1.789732
4701	-2.174594
4702	0.018093
4703	-1.190565
4704	-2.047606
4705	0.151518
4706	-1.769833
4707	2.310248
4708	0.839772
4709	-1.592105
4710	-0.198279
4711	-2.477791
4712	1.471396
4713	0.192523
4714	-0.113067
4715	2.371491
4716	-2.561720
4717	2.190251
4718	-2.303962
4719	-1.538096
4720	-1.888444
4721	-1.920006
4722	0.939319
4723	-2.383956
4724	2.130931
4725	2.248687
4726	1.438460
4727	1.217219
4728	-1.993082
4729	-1.450101
4730	-1.919567
4731	-1.811484
4732	-1.337630
4733	1.775942
4734	-1.944875
4735	0.487998
4736	1.318596
4737	2.277272
4738	2.172061
4739	-2.115080
4740	1.269475
4741	-2.251632
4742	-2.115446
4743	-0.339019
4744	-1.897614
4745	-1.618141
4746	-0.443259
4747	1.122726
4748	0.431062
4749	-2.292109
4750	1.681463
4751	-1.971606
4752	-3.022988
4753	-1.274971
4754	-1.222251
4755	-3.551722
4756	0.538387
4757	-2.509977
4758	-1.527530
4759	-1.265979
4760	-1.682847
4761	0.806302
4762	1.144567
4763	-1.745630
4764	2.355705
4765	-2.211799
4766	0.852225
4767	-2.285100
4768	-2.403310
4769	-2.395908
4770	-1.241225
4771	1.544387
4772	1.259099
4773	0.881775
4774	-2.078291
4775	1.672646
4776	-2.427730
4777	0.228810
4778	1.089063
4779	-1.962910
4780	1.009582
4781	-1.702809
4782	-2.224253
4783	0.391766
4784	2.139663
4785	-2.075602
4786	-2.312993
4787	-1.890878
4788	1.347419
4789	-1.561184
4790	-1.968836
4791	-2.436239
4792	-1.974101
4793	-1.053786
4794	-2.041804
4795	0.759916
4796	-3.135306
4797	-2.524879
4798	-1.627839
4799	-1.892722
4800	-1.481600
4801	-2.975219
4802	-2.340013
4803	-2.405828
4804	-2.411786
4805	-1.645924
4806	-2.300501
4807	-2.017885
4808	0.439856
4809	-1.716075
4810	-2.019802
4811	-2.197708
4812	1.784501
4813	-0.170897
4814	-1.320566
4815	-0.294117
4816	-1.644384
4817	-1.644453
4818	-1.595902
4819	0.291988
4820	-1.671455
4821	-1.389242
4822	-2.204458
4823	0.728156
4824	-1.613992
4825	-3.050534
4826	-2.685843
4827	-0.028547
4828	2.814471
4829	-1.676823
4830	0.226381
4831	-1.885602
4832	2.107491
4833	-1.748221
4834	1.519828
4835	1.162995
4836	-1.894298
4837	-2.321188
4838	-1.599948
4839	-3.250903
4840	0.581573
4841	0.940166
4842	-1.236654
4843	0.160486
4844	1.457758
4845	-2.621985
4846	-0.068242
4847	-1.555067
4848	0.302692
4849	-1.610696
4850	-2.582811
4851	-2.298983
4852	1.234284
4853	1.858143
4854	-2.285221
4855	0.597609
4856	3.625442
4857	-1.501523
4858	-0.826160
4859	1.230854
4860	-1.992303
4861	-2.164364
4862	-1.889547
4863	-1.796069
4864	-1.451560
4865	-1.880492
4866	-1.900466
4867	-2.345102
4868	-2.231994
4869	-2.400428
4870	-2.446493
4871	0.749533
4872	1.528376
4873	1.797617
4874	2.546577
4875	-1.964403
4876	-2.732614
4877	1.543368
4878	-1.542889
4879	-1.529161
4880	0.897224
4881	0.367429
4882	-0.404164
4883	-1.458970
4884	-1.442020
4885	1.613745
4886	0.354824
4887	-1.792976
4888	1.089787
4889	1.244733
4890	1.821750
4891	-2.930293
4892	-2.626002
4893	0.161803
4894	-1.984973
4895	-2.246954
4896	-1.729019
4897	-1.977002
4898	1.774650
4899	-2.085216
4900	1.346715
4901	-0.261120
4902	-1.883841
4903	-1.511078
4904	-2.500937
4905	1.531297
4906	3.822441
4907	-2.325826
4908	-1.255557
4909	-1.615333
4910	-2.150602
4911	-0.944760
4912	-2.438108
4913	-2.487682
4914	0.961497
4915	-1.899914
4916	-2.481743
4917	-1.205073
4918	-1.569560
4919	-2.399878
4920	-1.156048
4921	-0.659442
4922	0.060750
4923	-2.071529
4924	-2.381862
4925	0.034918
4926	-2.651363
4927	0.346891
4928	-1.859515
4929	1.394717
4930	3.111509
4931	-2.113071
4932	0.058438
4933	-2.768901
4934	-2.279931
4935	-2.160217
4936	-1.278756
4937	-2.341661
4938	-0.712313
4939	-1.861629
4940	1.707794
4941	0.495869
4942	0.215478
4943	0.797881
4944	-2.353217
4945	-1.449588
4946	1.780650
4947	1.241847
4948	-1.783066
4949	-0.924334
4950	-1.887228
4951	-1.262409
4952	-0.272401
4953	-2.030808
4954	-2.278138
4955	-2.268452
4956	-2.911988
4957	-2.697764
4958	-0.205040
4959	-2.589235
4960	-2.628024
4961	1.779128
4962	-2.617285
4963	-1.889752
4964	-2.028455
4965	2.746050
4966	0.601975
4967	1.697172
4968	-1.206515
4969	-2.431719
4970	-1.722517
4971	2.111113
4972	-1.369180
4973	-1.528474
4974	-2.044461
4975	3.008939
4976	0.484798
4977	-2.208341
4978	0.581991
4979	-2.223092
4980	-2.460233
4981	1.315011
4982	-1.176233
4983	1.630603
4984	0.432578
4985	0.595619
4986	2.388677
4987	-1.772296
4988	1.951792
4989	0.632343
4990	1.090147
4991	1.348569
4992	-2.576963
4993	-2.873269
4994	-2.363657
4995	-1.622475
4996	-1.578675
4997	2.277384
4998	-1.823146
4999	-1.654975
